124 0.174901 0.352140 0.039296 0.043008
124 0.215483 0.309886 0.039296 0.043008
124 0.066939 0.460471 0.039296 0.043008
124 0.407694 0.278104 0.039296 0.043008
124 0.267178 0.346228 0.039296 0.043008
142 0.261490 0.667525 0.013099 0.014336
124 0.197521 0.177545 0.039296 0.043008
124 0.020171 0.477808 0.039296 0.043008
142 0.166099 0.652967 0.013099 0.014336
124 0.117514 0.227589 0.039296 0.043008
124 0.034591 0.589798 0.039296 0.043008
232 0.283215 0.190577 0.117889 0.129024
159 0.388251 0.653694 0.091691 0.100352
250 0.492251 0.151667 0.157185 0.172032
130 0.251668 0.515970 0.288173 0.315392
233 0.221902 0.132117 0.117889 0.129024
124 0.125187 0.384296 0.039296 0.043008
124 0.278540 0.235521 0.039296 0.043008
124 0.373960 0.328261 0.039296 0.043008
232 0.094647 0.178311 0.117889 0.129024
167 0.057396 0.732021 0.189932 0.207872
142 0.281485 0.652823 0.013099 0.014336
171 0.028020 0.369584 0.091691 0.100352
142 0.270963 0.661614 0.013099 0.014336
127 0.492251 0.151667 0.176834 0.193536
