107 0.503158 0.347095 0.039296 0.043008
164 0.299856 0.356145 0.052395 0.057344
107 0.374069 0.249221 0.039296 0.043008
105 0.415164 0.371217 0.039296 0.043008
164 0.369206 0.469921 0.052395 0.057344
161 0.267455 0.217727 0.078593 0.086016
164 0.339062 0.217903 0.052395 0.057344
164 0.531254 0.196489 0.052395 0.057344
164 0.320341 0.494031 0.052395 0.057344
164 0.320777 0.310240 0.052395 0.057344
164 0.374134 0.328008 0.052395 0.057344
179 0.431832 0.234516 0.039296 0.043008
164 0.272692 0.281673 0.052395 0.057344
164 0.273330 0.415709 0.052395 0.057344
107 0.369632 0.285123 0.039296 0.043008
164 0.512443 0.304112 0.052395 0.057344
161 0.588491 0.235387 0.078593 0.086016
164 0.217787 0.264114 0.052395 0.057344
107 0.348228 0.363271 0.039296 0.043008
161 0.443198 0.322683 0.078593 0.086016
164 0.478160 0.233830 0.052395 0.057344
164 0.323131 0.440780 0.052395 0.057344
164 0.445963 0.404617 0.052395 0.057344
179 0.492541 0.412132 0.039296 0.043008
164 0.232157 0.315473 0.052395 0.057344
164 0.534362 0.259471 0.052395 0.057344
179 0.407826 0.274660 0.039296 0.043008
107 0.475601 0.371682 0.039296 0.043008
107 0.332626 0.267752 0.039296 0.043008
107 0.557533 0.314376 0.039296 0.043008
164 0.245808 0.370278 0.052395 0.057344
164 0.380426 0.399408 0.052395 0.057344
179 0.410714 0.433341 0.039296 0.043008
