27 0.228109 0.508043 0.039296 0.043008
27 0.408759 0.669543 0.039296 0.043008
27 0.189997 0.522454 0.039296 0.043008
233 0.037187 0.388119 0.117889 0.129024
232 0.168476 0.118996 0.117889 0.129024
27 0.565410 0.676287 0.039296 0.043008
27 0.374136 0.246436 0.039296 0.043008
27 0.273955 0.119030 0.039296 0.043008
15 0.558615 0.095585 0.189932 0.207872
250 0.377448 0.773684 0.157185 0.172032
233 0.231736 0.069296 0.117889 0.129024
27 0.190254 0.307835 0.039296 0.043008
232 0.101649 0.445923 0.117889 0.129024
27 0.297435 0.425956 0.039296 0.043008
27 0.124877 0.391217 0.039296 0.043008
233 0.036182 0.499594 0.117889 0.129024
233 0.038696 0.220872 0.117889 0.129024
232 0.103152 0.280101 0.117889 0.129024
232 0.100647 0.556448 0.117889 0.129024
28 0.585714 0.227362 0.117889 0.129024
27 0.437935 0.581998 0.039296 0.043008
250 0.608698 0.770565 0.157185 0.172032
27 0.240143 0.181264 0.039296 0.043008
27 0.333724 0.331277 0.039296 0.043008
27 0.334324 0.319077 0.039296 0.043008
27 0.513555 0.556301 0.039296 0.043008
3 0.608698 0.770565 0.176834 0.193536
21 0.499177 0.406234 0.288173 0.315392
3 0.377448 0.773684 0.176834 0.193536
27 0.323003 0.398580 0.039296 0.043008
