233 0.038696 0.220872 0.117889 0.129024
27 0.275952 0.226896 0.039296 0.043008
27 0.539039 0.565659 0.039296 0.043008
233 0.231736 0.069296 0.117889 0.129024
27 0.125051 0.232895 0.039296 0.043008
27 0.565632 0.673273 0.039296 0.043008
27 0.298031 0.341826 0.039296 0.043008
232 0.103152 0.280101 0.117889 0.129024
7 0.383935 0.081531 0.189932 0.207872
3 0.608698 0.770565 0.176834 0.193536
232 0.100647 0.556448 0.117889 0.129024
27 0.446495 0.558112 0.039296 0.043008
28 0.585714 0.227362 0.117889 0.129024
233 0.037187 0.388119 0.117889 0.129024
27 0.121222 0.497997 0.039296 0.043008
27 0.351778 0.164034 0.039296 0.043008
27 0.250657 0.291616 0.039296 0.043008
21 0.499177 0.406234 0.288173 0.315392
232 0.101649 0.445923 0.117889 0.129024
15 0.558615 0.095585 0.189932 0.207872
232 0.168476 0.118996 0.117889 0.129024
250 0.608698 0.770565 0.157185 0.172032
27 0.185500 0.524151 0.039296 0.043008
27 0.409465 0.674422 0.039296 0.043008
3 0.377448 0.773684 0.176834 0.193536
27 0.192161 0.436608 0.039296 0.043008
250 0.377448 0.773684 0.157185 0.172032
233 0.036182 0.499594 0.117889 0.129024
27 0.124831 0.391189 0.039296 0.043008
27 0.169553 0.392883 0.039296 0.043008
27 0.268615 0.492710 0.039296 0.043008
