73 0.487389 0.233571 0.058945 0.064512
74 0.479465 0.161918 0.039296 0.043008
96 0.791348 0.150406 0.130988 0.143360
74 0.524509 0.167811 0.039296 0.043008
99 0.299190 0.431731 0.104790 0.114688
74 0.466602 0.126373 0.039296 0.043008
96 0.894564 0.207250 0.130988 0.143360
91 0.185550 0.798267 0.091691 0.100352
75 0.577997 0.315432 0.078593 0.086016
73 0.382025 0.144138 0.058945 0.064512
74 0.435502 0.101624 0.039296 0.043008
74 0.138152 0.104720 0.039296 0.043008
91 0.420975 0.856058 0.091691 0.100352
74 0.395389 0.051432 0.039296 0.043008
96 0.684463 0.142324 0.130988 0.143360
73 0.401160 0.420641 0.058945 0.064512
74 0.174739 0.143097 0.039296 0.043008
102 0.810354 0.557167 0.078593 0.086016
96 0.893618 0.305248 0.130988 0.143360
88 0.887112 0.090577 0.039296 0.043008
