39 0.223871 0.899962 0.189932 0.207872
164 0.376139 0.216355 0.052395 0.057344
164 0.509012 0.081225 0.052395 0.057344
233 0.753032 0.103830 0.117889 0.129024
232 0.297131 0.333085 0.117889 0.129024
164 0.469739 0.164148 0.052395 0.057344
233 0.356531 0.388673 0.117889 0.129024
164 0.411215 0.180391 0.052395 0.057344
27 0.308162 0.226671 0.039296 0.043008
164 0.486820 0.257483 0.052395 0.057344
28 0.855736 0.334130 0.117889 0.129024
232 0.473947 0.341215 0.117889 0.129024
164 0.516997 0.027961 0.052395 0.057344
164 0.568011 0.138814 0.052395 0.057344
164 0.344291 0.172944 0.052395 0.057344
27 0.379359 0.344714 0.039296 0.043008
27 0.302051 0.286944 0.039296 0.043008
164 0.562087 0.083493 0.052395 0.057344
164 0.515885 0.143923 0.052395 0.057344
164 0.474240 0.114950 0.052395 0.057344
164 0.537080 0.236655 0.052395 0.057344
27 0.454376 0.297104 0.039296 0.043008
164 0.594110 0.047885 0.052395 0.057344
164 0.451397 0.215826 0.052395 0.057344
27 0.590544 0.250840 0.039296 0.043008
27 0.431889 0.246324 0.039296 0.043008
164 0.502314 0.202201 0.052395 0.057344
27 0.368360 0.256614 0.039296 0.043008
164 0.438664 0.144490 0.052395 0.057344
21 0.330101 0.016055 0.288173 0.315392
27 0.379267 0.329772 0.039296 0.043008
232 0.699914 0.049052 0.117889 0.129024
164 0.562506 0.006833 0.052395 0.057344
27 0.522993 0.189953 0.039296 0.043008
164 0.416577 0.258569 0.052395 0.057344
232 0.698955 0.149885 0.117889 0.129024
233 0.697966 0.250671 0.117889 0.129024
233 0.643020 0.298178 0.117889 0.129024
