27 0.626708 0.652459 0.039296 0.043008
164 0.559324 0.294074 0.052395 0.057344
27 0.375373 0.804210 0.039296 0.043008
164 0.635134 0.398595 0.052395 0.057344
233 0.638820 0.741866 0.117889 0.129024
27 0.527147 0.540066 0.039296 0.043008
164 0.622860 0.227209 0.052395 0.057344
28 0.851594 0.764460 0.117889 0.129024
27 0.375361 0.803954 0.039296 0.043008
27 0.450128 0.752600 0.039296 0.043008
164 0.646462 0.440599 0.052395 0.057344
232 0.695727 0.489492 0.117889 0.129024
164 0.679520 0.227831 0.052395 0.057344
164 0.595974 0.444523 0.052395 0.057344
250 0.504543 0.121650 0.157185 0.172032
164 0.517966 0.342601 0.052395 0.057344
21 0.325820 0.479683 0.288173 0.315392
164 0.570718 0.341626 0.052395 0.057344
232 0.694769 0.590259 0.117889 0.129024
164 0.706685 0.189393 0.052395 0.057344
28 0.699289 0.111452 0.117889 0.129024
164 0.731979 0.039530 0.052395 0.057344
233 0.352260 0.850177 0.117889 0.129024
164 0.677693 0.035279 0.052395 0.057344
27 0.532933 0.653158 0.039296 0.043008
164 0.644484 0.264908 0.052395 0.057344
27 0.422495 0.691852 0.039296 0.043008
164 0.618434 0.349082 0.052395 0.057344
27 0.675913 0.545144 0.039296 0.043008
27 0.297734 0.752377 0.039296 0.043008
232 0.292846 0.798377 0.117889 0.129024
16 0.054148 0.405136 0.039296 0.043008
164 0.499102 0.289368 0.052395 0.057344
27 0.620015 0.569850 0.039296 0.043008
22 0.326580 0.266865 0.052395 0.057344
164 0.536282 0.388629 0.052395 0.057344
233 0.748860 0.540874 0.117889 0.129024
27 0.675745 0.533569 0.039296 0.043008
27 0.299149 0.737754 0.039296 0.043008
3 0.504543 0.121650 0.176834 0.193536
232 0.469704 0.795431 0.117889 0.129024
164 0.588867 0.387246 0.052395 0.057344
233 0.693780 0.690979 0.117889 0.129024
164 0.542703 0.225060 0.052395 0.057344
3 0.724085 0.339602 0.176834 0.193536
250 0.724085 0.339602 0.157185 0.172032
27 0.568453 0.682934 0.039296 0.043008
27 0.351949 0.641055 0.039296 0.043008
164 0.459305 0.320554 0.052395 0.057344
