232 0.533354 0.661565 0.117889 0.129024
233 0.961396 0.419917 0.117889 0.129024
250 0.732104 0.009592 0.157185 0.172032
233 0.857891 0.612948 0.117889 0.129024
232 0.910528 0.466901 0.117889 0.129024
233 0.909553 0.564565 0.117889 0.129024
233 0.588990 0.712789 0.117889 0.129024
250 0.938193 0.224282 0.157185 0.172032
232 0.911473 0.369192 0.117889 0.129024
232 0.699121 0.661866 0.117889 0.129024
44 0.269865 0.266474 0.052395 0.057344
44 0.222350 0.188769 0.052395 0.057344
251 0.240080 0.526802 0.117889 0.129024
21 0.564387 0.353569 0.288173 0.315392
32 0.160407 0.136207 0.052395 0.057344
34 0.193939 0.370472 0.065494 0.071680
32 0.358038 0.226693 0.052395 0.057344
26 0.423507 0.111431 0.117889 0.129024
28 0.538400 0.120294 0.117889 0.129024
