88 0.957497 0.335285 0.039296 0.043008
84 0.096781 0.493422 0.039296 0.043008
69 0.943701 0.275134 0.052395 0.057344
84 0.722761 0.362925 0.039296 0.043008
88 0.921716 0.278360 0.039296 0.043008
84 0.759024 0.331514 0.039296 0.043008
88 0.891242 0.297120 0.039296 0.043008
232 0.372361 0.596992 0.117889 0.129024
84 0.656539 0.303272 0.039296 0.043008
233 0.431504 0.545341 0.117889 0.129024
233 0.429557 0.754396 0.117889 0.129024
232 0.371385 0.702359 0.117889 0.129024
88 0.995702 0.336021 0.039296 0.043008
232 0.373338 0.491607 0.117889 0.129024
233 0.193002 0.325007 0.117889 0.129024
232 0.370408 0.807711 0.117889 0.129024
84 0.737053 0.302363 0.039296 0.043008
84 0.714973 0.272930 0.039296 0.043008
88 0.971199 0.374673 0.039296 0.043008
233 0.254083 0.381434 0.117889 0.129024
250 0.034536 0.317651 0.157185 0.172032
69 0.935032 0.276837 0.052395 0.057344
