41 0.746096 0.756471 0.189932 0.207872
27 0.164107 0.646716 0.039296 0.043008
27 0.153134 0.812895 0.039296 0.043008
233 0.068363 0.542390 0.117889 0.129024
27 0.362355 0.774812 0.039296 0.043008
27 0.153840 0.708202 0.039296 0.043008
7 0.410809 0.389368 0.189932 0.207872
233 0.065855 0.819799 0.117889 0.129024
232 0.197081 0.435631 0.117889 0.129024
27 0.261276 0.484749 0.039296 0.043008
233 0.066858 0.708849 0.117889 0.129024
27 0.042390 0.587838 0.039296 0.043008
232 0.132284 0.598642 0.117889 0.129024
28 0.192277 0.953849 0.117889 0.129024
28 0.722692 0.376074 0.117889 0.129024
233 0.259829 0.383545 0.117889 0.129024
28 0.069116 0.459145 0.117889 0.129024
27 0.470083 0.874702 0.039296 0.043008
27 0.352284 0.700880 0.039296 0.043008
27 0.598690 0.950844 0.039296 0.043008
41 0.696798 0.247594 0.189932 0.207872
27 0.584589 0.904695 0.039296 0.043008
26 0.318626 0.627344 0.117889 0.129024
27 0.214293 0.836514 0.039296 0.043008
232 0.129784 0.873699 0.117889 0.129024
21 0.525133 0.707731 0.288173 0.315392
31 0.855040 0.456460 0.189932 0.207872
27 0.237241 0.738965 0.039296 0.043008
27 0.312976 0.773911 0.039296 0.043008
38 0.038448 0.263257 0.189932 0.207872
27 0.292411 0.431752 0.039296 0.043008
232 0.130783 0.763690 0.117889 0.129024
28 0.611007 0.526084 0.117889 0.129024
27 0.300812 0.447775 0.039296 0.043008
27 0.437344 0.976206 0.039296 0.043008
14 0.230362 0.219251 0.189932 0.207872
41 0.528852 0.237389 0.189932 0.207872
27 0.158314 0.716185 0.039296 0.043008
39 0.856478 0.307027 0.189932 0.207872
41 0.584124 0.396065 0.189932 0.207872
27 0.153273 0.812959 0.039296 0.043008
27 0.239115 0.688029 0.039296 0.043008
27 0.312310 0.699777 0.039296 0.043008
