88 0.636701 0.250028 0.039296 0.043008
88 0.608890 0.221208 0.039296 0.043008
233 0.563372 0.381935 0.117889 0.129024
233 0.618574 0.435159 0.117889 0.129024
84 0.682585 0.519748 0.039296 0.043008
84 0.714354 0.487714 0.039296 0.043008
88 0.660144 0.325682 0.039296 0.043008
88 0.607799 0.274165 0.039296 0.043008
232 0.724571 0.739809 0.117889 0.129024
233 0.777270 0.789075 0.117889 0.129024
250 0.179015 0.366225 0.157185 0.172032
233 0.779175 0.590009 0.117889 0.129024
232 0.726482 0.539204 0.117889 0.129024
58 0.837362 0.018254 0.189932 0.207872
88 0.581783 0.245266 0.039296 0.043008
250 0.420270 0.376086 0.157185 0.172032
84 0.670261 0.497350 0.039296 0.043008
61 0.966028 0.055089 0.117889 0.129024
88 0.642043 0.293750 0.039296 0.043008
232 0.725527 0.639514 0.117889 0.129024
84 0.925561 0.410554 0.039296 0.043008
88 0.669623 0.270730 0.039296 0.043008
84 0.893956 0.479423 0.039296 0.043008
88 0.688568 0.302093 0.039296 0.043008
232 0.723615 0.840090 0.117889 0.129024
