232 0.894237 0.615913 0.117889 0.129024
233 0.944982 0.665481 0.117889 0.129024
141 0.871240 0.317522 0.288173 0.315392
119 0.867124 0.496176 0.013099 0.014336
124 0.770882 0.555562 0.039296 0.043008
17 0.403279 0.142127 0.078593 0.086016
17 0.484948 0.166626 0.078593 0.086016
142 0.863248 0.447839 0.013099 0.014336
250 0.708217 0.665163 0.157185 0.172032
127 0.708217 0.665163 0.176834 0.193536
27 0.275073 0.044689 0.039296 0.043008
124 0.807451 0.452094 0.039296 0.043008
152 0.934216 0.624410 0.104790 0.114688
42 0.412662 0.080461 0.091691 0.100352
124 0.725949 0.573249 0.039296 0.043008
142 0.878443 0.489943 0.013099 0.014336
