27 0.150451 0.524269 0.039296 0.043008
27 0.247946 0.894586 0.039296 0.043008
250 0.455485 0.986012 0.157185 0.172032
27 0.095680 0.330586 0.039296 0.043008
27 0.388697 0.771924 0.039296 0.043008
27 0.095881 0.330892 0.039296 0.043008
27 0.229299 0.489203 0.039296 0.043008
44 0.823995 0.254444 0.052395 0.057344
250 0.214108 0.996353 0.157185 0.172032
41 0.403017 0.298529 0.189932 0.207872
39 0.689099 0.211096 0.189932 0.207872
41 0.344819 0.134957 0.189932 0.207872
27 0.140968 0.642257 0.039296 0.043008
27 0.425264 0.889524 0.039296 0.043008
27 0.125594 0.614643 0.039296 0.043008
3 0.214108 0.996353 0.176834 0.193536
27 0.057663 0.384800 0.039296 0.043008
27 0.286709 0.777367 0.039296 0.043008
3 0.455485 0.986012 0.176834 0.193536
7 0.220650 0.289226 0.189932 0.207872
41 0.521392 0.147870 0.189932 0.207872
28 0.548648 0.279972 0.117889 0.129024
27 0.074910 0.541982 0.039296 0.043008
27 0.165088 0.472974 0.039296 0.043008
21 0.341070 0.617448 0.288173 0.315392
233 0.061600 0.281124 0.117889 0.129024
27 0.017111 0.525824 0.039296 0.043008
27 0.085113 0.692900 0.039296 0.043008
41 0.573374 0.670264 0.189932 0.207872
27 0.063194 0.389310 0.039296 0.043008
27 0.012608 0.746092 0.039296 0.043008
28 0.431332 0.432259 0.117889 0.129024
