152 0.221801 0.251646 0.104790 0.114688
233 0.111651 0.309012 0.117889 0.129024
142 0.543261 0.689511 0.013099 0.014336
179 0.804888 0.616707 0.039296 0.043008
166 0.208056 0.043814 0.189932 0.207872
127 0.076331 0.691166 0.176834 0.193536
124 0.378626 0.261272 0.039296 0.043008
232 0.110661 0.418202 0.117889 0.129024
119 0.496928 0.682515 0.013099 0.014336
142 0.477344 0.675526 0.013099 0.014336
124 0.527537 0.270184 0.039296 0.043008
179 0.773967 0.506068 0.039296 0.043008
124 0.304218 0.475983 0.039296 0.043008
124 0.349956 0.447358 0.039296 0.043008
142 0.532378 0.689785 0.013099 0.014336
179 0.786197 0.543319 0.039296 0.043008
127 0.321916 0.902617 0.176834 0.193536
232 0.358159 0.215110 0.117889 0.129024
124 0.195247 0.443668 0.039296 0.043008
233 0.046196 0.471094 0.117889 0.129024
250 0.076331 0.691166 0.157185 0.172032
232 0.532135 0.225943 0.117889 0.129024
232 0.109670 0.527373 0.117889 0.129024
124 0.476378 0.380940 0.039296 0.043008
124 0.233374 0.307500 0.039296 0.043008
179 0.795064 0.582960 0.039296 0.043008
124 0.520219 0.343803 0.039296 0.043008
233 0.175052 0.257884 0.117889 0.129024
124 0.330365 0.531975 0.039296 0.043008
124 0.453054 0.213906 0.039296 0.043008
233 0.475543 0.170374 0.117889 0.129024
251 0.803247 0.366913 0.117889 0.129024
124 0.388325 0.282756 0.039296 0.043008
141 0.500765 0.534870 0.288173 0.315392
250 0.321916 0.902617 0.157185 0.172032
