233 0.748860 0.540874 0.117889 0.129024
232 0.469704 0.795431 0.117889 0.129024
233 0.638820 0.741866 0.117889 0.129024
232 0.292846 0.798377 0.117889 0.129024
233 0.693780 0.690979 0.117889 0.129024
232 0.694769 0.590259 0.117889 0.129024
233 0.352260 0.850177 0.117889 0.129024
164 0.408941 0.025266 0.052395 0.057344
27 0.614182 0.378348 0.039296 0.043008
27 0.399428 0.332546 0.039296 0.043008
164 0.334432 0.056338 0.052395 0.057344
44 0.268586 0.195383 0.052395 0.057344
3 0.504543 0.121650 0.176834 0.193536
27 0.568148 0.486393 0.039296 0.043008
164 0.339216 0.101141 0.052395 0.057344
44 0.390022 0.183102 0.052395 0.057344
44 0.210731 0.199947 0.052395 0.057344
3 0.724085 0.339602 0.176834 0.193536
164 0.252859 0.146088 0.052395 0.057344
164 0.510918 0.016170 0.052395 0.057344
164 0.285211 0.111858 0.052395 0.057344
164 0.391314 0.068633 0.052395 0.057344
27 0.675241 0.533522 0.039296 0.043008
27 0.535511 0.542777 0.039296 0.043008
250 0.724085 0.339602 0.157185 0.172032
27 0.621930 0.487862 0.039296 0.043008
232 0.695727 0.489492 0.117889 0.129024
44 0.352772 0.235570 0.052395 0.057344
164 0.392267 0.110069 0.052395 0.057344
44 0.298607 0.242611 0.052395 0.057344
164 0.222681 0.109801 0.052395 0.057344
22 0.326580 0.266865 0.052395 0.057344
164 0.266314 0.063906 0.052395 0.057344
164 0.354155 0.014805 0.052395 0.057344
164 0.453601 0.017996 0.052395 0.057344
44 0.328841 0.158340 0.052395 0.057344
27 0.309627 0.633248 0.039296 0.043008
164 0.294502 0.018198 0.052395 0.057344
164 0.380149 0.133830 0.052395 0.057344
28 0.699289 0.111452 0.117889 0.129024
27 0.457674 0.215458 0.039296 0.043008
21 0.325820 0.479683 0.288173 0.315392
250 0.504543 0.121650 0.157185 0.172032
27 0.459832 0.578360 0.039296 0.043008
