232 0.697694 0.586491 0.117889 0.129024
161 0.270711 0.867105 0.078593 0.086016
232 0.909186 0.393667 0.117889 0.129024
250 0.937253 0.102431 0.157185 0.172032
233 0.856552 0.539253 0.117889 0.129024
127 0.937253 0.102431 0.176834 0.193536
232 0.910604 0.247040 0.117889 0.129024
233 0.908242 0.491401 0.117889 0.129024
233 0.960112 0.347236 0.117889 0.129024
161 0.173920 0.823409 0.078593 0.086016
161 0.245743 0.775169 0.078593 0.086016
233 0.642696 0.636468 0.117889 0.129024
232 0.910131 0.295919 0.117889 0.129024
