27 0.188568 0.436949 0.039296 0.043008
27 0.527664 0.703221 0.039296 0.043008
15 0.558615 0.095585 0.189932 0.207872
27 0.392525 0.270191 0.039296 0.043008
27 0.317939 0.248740 0.039296 0.043008
232 0.101649 0.445923 0.117889 0.129024
27 0.185593 0.524126 0.039296 0.043008
3 0.377448 0.773684 0.176834 0.193536
21 0.499177 0.406234 0.288173 0.315392
28 0.585714 0.227362 0.117889 0.129024
232 0.168476 0.118996 0.117889 0.129024
232 0.103152 0.280101 0.117889 0.129024
233 0.231736 0.069296 0.117889 0.129024
3 0.608698 0.770565 0.176834 0.193536
27 0.402603 0.664280 0.039296 0.043008
233 0.038696 0.220872 0.117889 0.129024
250 0.377448 0.773684 0.157185 0.172032
250 0.608698 0.770565 0.157185 0.172032
27 0.124831 0.391189 0.039296 0.043008
27 0.190315 0.307838 0.039296 0.043008
27 0.274267 0.119396 0.039296 0.043008
232 0.100647 0.556448 0.117889 0.129024
27 0.286158 0.397232 0.039296 0.043008
27 0.430614 0.592799 0.039296 0.043008
233 0.036182 0.499594 0.117889 0.129024
27 0.262129 0.495101 0.039296 0.043008
233 0.037187 0.388119 0.117889 0.129024
27 0.125896 0.232675 0.039296 0.043008
27 0.538530 0.692628 0.039296 0.043008
