35 0.882320 0.364229 0.189932 0.207872
233 0.798411 0.912571 0.117889 0.129024
232 0.690211 0.967203 0.117889 0.129024
3 0.880916 0.513115 0.176834 0.193536
27 0.518503 0.930797 0.039296 0.043008
27 0.376294 0.909984 0.039296 0.043008
27 0.394315 0.872662 0.039296 0.043008
27 0.691056 0.715947 0.039296 0.043008
27 0.662533 0.923654 0.039296 0.043008
232 0.522199 0.974192 0.117889 0.129024
27 0.780823 0.741160 0.039296 0.043008
27 0.553061 0.812572 0.039296 0.043008
27 0.782114 0.662027 0.039296 0.043008
232 0.853469 0.661889 0.117889 0.129024
27 0.662626 0.923801 0.039296 0.043008
233 0.904787 0.711366 0.117889 0.129024
27 0.737194 0.661982 0.039296 0.043008
27 0.734488 0.569507 0.039296 0.043008
21 0.496388 0.661227 0.288173 0.315392
27 0.737528 0.694713 0.039296 0.043008
250 0.880916 0.513115 0.157185 0.172032
232 0.852510 0.761462 0.117889 0.129024
27 0.510898 0.835583 0.039296 0.043008
28 0.749554 0.434107 0.117889 0.129024
27 0.767180 0.813569 0.039296 0.043008
27 0.632714 0.774737 0.039296 0.043008
27 0.667901 0.530074 0.039296 0.043008
27 0.747728 0.870364 0.039296 0.043008
27 0.834137 0.705916 0.039296 0.043008
27 0.580418 0.793199 0.039296 0.043008
27 0.600320 0.977450 0.039296 0.043008
233 0.851520 0.860989 0.117889 0.129024
