28 0.033394 0.738512 0.117889 0.129024
31 0.770245 0.958851 0.189932 0.207872
39 0.663118 0.809874 0.189932 0.207872
164 0.577357 0.028350 0.052395 0.057344
232 0.724019 0.277168 0.117889 0.129024
161 0.483401 0.284423 0.078593 0.086016
44 0.433489 0.327163 0.052395 0.057344
161 0.392654 0.094724 0.078593 0.086016
232 0.881332 0.286100 0.117889 0.129024
7 0.377235 0.708917 0.189932 0.207872
44 0.385767 0.291805 0.052395 0.057344
251 0.446208 0.130657 0.117889 0.129024
163 0.443368 0.161437 0.078593 0.086016
41 0.132538 0.490089 0.189932 0.207872
28 0.520826 0.995111 0.117889 0.129024
14 0.128535 0.930238 0.189932 0.207872
163 0.481962 0.206074 0.078593 0.086016
41 0.315190 0.923956 0.189932 0.207872
22 0.689343 0.060036 0.052395 0.057344
233 0.776778 0.330021 0.117889 0.129024
