45 0.637831 0.331606 0.189932 0.207872
88 0.365774 0.220936 0.039296 0.043008
88 0.087613 0.593149 0.039296 0.043008
92 0.903807 0.492879 0.189932 0.207872
88 0.083135 0.291761 0.039296 0.043008
88 0.357902 0.184469 0.039296 0.043008
88 0.848369 0.185829 0.039296 0.043008
88 0.575793 0.213943 0.039296 0.043008
88 0.076980 0.352263 0.039296 0.043008
88 0.218989 0.141561 0.039296 0.043008
88 0.145699 0.223498 0.039296 0.043008
48 0.404345 0.744862 0.189932 0.207872
88 0.224576 0.448120 0.039296 0.043008
88 0.492454 0.338597 0.039296 0.043008
255 0.639777 0.125986 0.157185 0.172032
88 0.246572 0.386509 0.039296 0.043008
62 0.906223 0.245630 0.189932 0.207872
88 0.115777 0.221690 0.039296 0.043008
88 0.357432 0.149650 0.039296 0.043008
237 0.196905 0.091713 0.117889 0.129024
72 0.121141 0.473130 0.039296 0.043008
88 0.235412 0.540797 0.039296 0.043008
88 0.434605 0.207558 0.039296 0.043008
237 0.380522 0.105909 0.117889 0.129024
74 0.753505 0.397238 0.039296 0.043008
74 0.644961 0.435056 0.039296 0.043008
85 0.639777 0.125986 0.176834 0.193536
235 0.133120 0.141886 0.117889 0.129024
88 0.058819 0.345402 0.039296 0.043008
88 0.212240 0.238428 0.039296 0.043008
58 0.743904 0.691033 0.189932 0.207872
74 0.677066 0.454773 0.039296 0.043008
88 0.221846 0.140513 0.039296 0.043008
235 0.002306 0.244806 0.117889 0.129024
235 0.000292 0.468834 0.117889 0.129024
88 0.088563 0.470888 0.039296 0.043008
235 0.439268 0.163359 0.117889 0.129024
88 0.315117 0.302466 0.039296 0.043008
88 0.111647 0.471463 0.039296 0.043008
88 0.434478 0.208803 0.039296 0.043008
78 0.406803 0.479658 0.288173 0.315392
74 0.621511 0.469061 0.039296 0.043008
