41 0.131713 0.580808 0.189932 0.207872
39 0.662318 0.894177 0.189932 0.207872
232 0.723231 0.359938 0.117889 0.129024
44 0.470385 0.878888 0.052395 0.057344
7 0.376421 0.796658 0.189932 0.207872
232 0.880552 0.367010 0.117889 0.129024
22 0.688536 0.145049 0.052395 0.057344
164 0.304438 0.216862 0.052395 0.057344
21 0.752783 0.060940 0.288173 0.315392
164 0.386838 0.477819 0.052395 0.057344
44 0.567362 0.833269 0.052395 0.057344
28 0.032565 0.830355 0.117889 0.129024
164 0.352272 0.188583 0.052395 0.057344
164 0.337175 0.488152 0.052395 0.057344
164 0.443133 0.435946 0.052395 0.057344
164 0.396059 0.224247 0.052395 0.057344
27 0.266739 0.864808 0.039296 0.043008
27 0.839857 0.889096 0.039296 0.043008
251 0.445406 0.216742 0.117889 0.129024
164 0.348362 0.240951 0.052395 0.057344
164 0.462136 0.358220 0.052395 0.057344
233 0.775992 0.412156 0.117889 0.129024
164 0.449344 0.245291 0.052395 0.057344
161 0.406570 0.292461 0.078593 0.086016
44 0.415345 0.374301 0.052395 0.057344
