27 0.280263 0.485073 0.039296 0.043008
27 0.295085 0.467379 0.039296 0.043008
41 0.465759 0.373758 0.189932 0.207872
27 0.312259 0.587891 0.039296 0.043008
27 0.138164 0.564427 0.039296 0.043008
27 0.038479 0.325512 0.039296 0.043008
27 0.041554 0.356257 0.039296 0.043008
27 0.036834 0.249331 0.039296 0.043008
21 0.226119 0.310231 0.288173 0.315392
27 0.153423 0.519437 0.039296 0.043008
27 0.104771 0.167343 0.039296 0.043008
27 0.092365 0.196492 0.039296 0.043008
250 0.344263 0.689760 0.157185 0.172032
3 0.344263 0.689760 0.176834 0.193536
27 0.673207 0.314804 0.039296 0.043008
3 0.095161 0.690271 0.176834 0.193536
28 0.319221 0.125818 0.117889 0.129024
27 0.015179 0.271299 0.039296 0.043008
250 0.095161 0.690271 0.157185 0.172032
