88 0.426001 0.370782 0.039296 0.043008
52 0.535278 0.376397 0.130988 0.143360
48 0.425010 0.465526 0.189932 0.207872
48 0.120901 0.511332 0.189932 0.207872
88 0.435816 0.204077 0.039296 0.043008
52 0.328728 0.288308 0.130988 0.143360
237 0.570905 0.161831 0.117889 0.129024
88 0.493404 0.162562 0.039296 0.043008
235 0.513952 0.209514 0.117889 0.129024
78 0.123985 0.184359 0.288173 0.315392
88 0.254316 0.071153 0.039296 0.043008
235 0.515908 0.002584 0.117889 0.129024
237 0.571890 0.059186 0.117889 0.129024
