14 0.824866 0.654023 0.189932 0.207872
27 0.625055 0.361638 0.039296 0.043008
26 0.748071 0.324918 0.117889 0.129024
27 0.680798 0.358069 0.039296 0.043008
27 0.153685 0.314826 0.039296 0.043008
27 0.781048 0.403960 0.039296 0.043008
27 0.140467 0.259361 0.039296 0.043008
232 0.035803 0.261314 0.117889 0.129024
27 0.040779 0.676384 0.039296 0.043008
27 0.140208 0.270729 0.039296 0.043008
27 0.385893 0.336730 0.039296 0.043008
27 0.352402 0.404088 0.039296 0.043008
21 0.255270 0.598190 0.288173 0.315392
26 0.582615 0.316624 0.117889 0.129024
250 0.439358 0.230129 0.157185 0.172032
3 0.439358 0.230129 0.176834 0.193536
27 0.084087 0.336652 0.039296 0.043008
27 0.232555 0.332523 0.039296 0.043008
233 0.164993 0.213389 0.117889 0.129024
232 0.227236 0.271605 0.117889 0.129024
28 0.635747 0.627772 0.117889 0.129024
27 0.068283 0.311119 0.039296 0.043008
