127 0.048828 0.526313 0.176834 0.193536
232 0.082786 0.360711 0.117889 0.129024
250 0.709299 0.029830 0.157185 0.172032
124 0.170910 0.284289 0.039296 0.043008
232 0.083789 0.249869 0.117889 0.129024
232 0.512712 0.064150 0.117889 0.129024
141 0.482997 0.379084 0.288173 0.315392
124 0.361943 0.096008 0.039296 0.043008
142 0.497808 0.544990 0.013099 0.014336
135 0.809546 0.791539 0.189932 0.207872
127 0.709299 0.029830 0.176834 0.193536
124 0.211410 0.470178 0.039296 0.043008
124 0.232938 0.462699 0.039296 0.043008
151 0.969365 0.299100 0.189932 0.207872
124 0.508247 0.107583 0.039296 0.043008
166 0.358041 0.905885 0.189932 0.207872
232 0.335682 0.049164 0.117889 0.129024
108 0.864892 0.492344 0.189932 0.207872
250 0.048828 0.526313 0.157185 0.172032
124 0.416267 0.086511 0.039296 0.043008
124 0.195632 0.291249 0.039296 0.043008
124 0.230223 0.351609 0.039296 0.043008
124 0.565794 0.248224 0.039296 0.043008
124 0.366728 0.118992 0.039296 0.043008
124 0.653788 0.114253 0.039296 0.043008
124 0.497941 0.211013 0.039296 0.043008
142 0.505575 0.514693 0.013099 0.014336
124 0.170002 0.355075 0.039296 0.043008
159 0.514704 0.553345 0.091691 0.100352
