250 0.720381 0.756876 0.157185 0.172032
250 0.381466 0.918531 0.157185 0.172032
232 0.694831 0.606014 0.117889 0.129024
252 0.169438 0.898533 0.117889 0.129024
232 0.358229 0.232887 0.117889 0.129024
88 0.664644 0.259888 0.039296 0.043008
96 0.359941 0.047907 0.130988 0.143360
88 0.541582 0.582728 0.039296 0.043008
72 0.539483 0.289002 0.039296 0.043008
232 0.696868 0.404592 0.117889 0.129024
96 0.238710 0.091356 0.130988 0.143360
88 0.475973 0.378691 0.039296 0.043008
233 0.588530 0.246813 0.117889 0.129024
88 0.675409 0.554977 0.039296 0.043008
233 0.749071 0.556662 0.117889 0.129024
88 0.353485 0.278789 0.039296 0.043008
88 0.513044 0.482020 0.039296 0.043008
76 0.587330 0.374789 0.117889 0.129024
232 0.643362 0.300923 0.117889 0.129024
88 0.569127 0.289715 0.039296 0.043008
88 0.439590 0.230071 0.039296 0.043008
57 0.617739 0.095481 0.189932 0.207872
88 0.628478 0.440764 0.039296 0.043008
88 0.573383 0.495337 0.039296 0.043008
88 0.342336 0.277673 0.039296 0.043008
78 0.325592 0.549496 0.288173 0.315392
88 0.673285 0.554941 0.039296 0.043008
88 0.670106 0.474233 0.039296 0.043008
88 0.489196 0.357613 0.039296 0.043008
233 0.417768 0.184123 0.117889 0.129024
88 0.419894 0.312145 0.039296 0.043008
88 0.539544 0.300121 0.039296 0.043008
233 0.750026 0.456659 0.117889 0.129024
91 0.121672 0.553034 0.091691 0.100352
82 0.266120 0.566061 0.065494 0.071680
