237 0.929420 0.042747 0.117889 0.129024
235 0.878000 0.087147 0.117889 0.129024
255 0.746270 0.176068 0.157185 0.172032
57 0.922563 0.901533 0.189932 0.207872
88 0.110542 0.215707 0.039296 0.043008
88 0.070289 0.132523 0.039296 0.043008
97 0.517687 0.732325 0.130988 0.143360
88 0.054152 0.189336 0.039296 0.043008
255 0.526298 0.160351 0.157185 0.172032
48 0.658719 0.705603 0.189932 0.207872
59 0.107971 0.235797 0.170284 0.186368
50 0.793870 0.730113 0.117889 0.129024
88 0.339737 0.118045 0.039296 0.043008
88 0.037935 0.104455 0.039296 0.043008
52 0.194043 0.817764 0.130988 0.143360
88 0.090696 0.167272 0.039296 0.043008
253 0.321642 0.225681 0.117889 0.129024
52 0.144278 0.780780 0.130988 0.143360
96 0.687492 0.578050 0.130988 0.143360
88 0.009729 0.072945 0.039296 0.043008
88 0.038519 0.045929 0.039296 0.043008
