27 0.779109 0.551407 0.039296 0.043008
27 0.622004 0.511921 0.039296 0.043008
27 0.749997 0.623140 0.039296 0.043008
27 0.783530 0.495002 0.039296 0.043008
232 0.524592 0.719121 0.117889 0.129024
27 0.602765 0.725704 0.039296 0.043008
27 0.614717 0.697901 0.039296 0.043008
28 0.751916 0.186714 0.117889 0.129024
27 0.784469 0.415947 0.039296 0.043008
21 0.498786 0.405018 0.288173 0.315392
232 0.692579 0.718082 0.117889 0.129024
27 0.788047 0.578113 0.039296 0.043008
233 0.800763 0.667247 0.117889 0.129024
27 0.665383 0.674309 0.039296 0.043008
27 0.645174 0.492637 0.039296 0.043008
27 0.520897 0.675564 0.039296 0.043008
27 0.377057 0.653161 0.039296 0.043008
27 0.401870 0.602261 0.039296 0.043008
27 0.823299 0.470189 0.039296 0.043008
233 0.580985 0.770520 0.117889 0.129024
27 0.603413 0.701994 0.039296 0.043008
27 0.585688 0.545360 0.039296 0.043008
233 0.853864 0.617511 0.117889 0.129024
3 0.883256 0.270434 0.176834 0.193536
27 0.836228 0.461680 0.039296 0.043008
3 0.317676 0.774056 0.176834 0.193536
250 0.317676 0.774056 0.157185 0.172032
27 0.830729 0.460997 0.039296 0.043008
233 0.907123 0.469672 0.117889 0.129024
232 0.855813 0.418339 0.117889 0.129024
250 0.883256 0.270434 0.157185 0.172032
232 0.854854 0.517948 0.117889 0.129024
27 0.520847 0.674927 0.039296 0.043008
