232 0.112416 0.224762 0.117889 0.129024
124 0.191676 0.054302 0.039296 0.043008
179 0.598348 0.783361 0.039296 0.043008
250 0.324629 0.608745 0.157185 0.172032
124 0.520770 0.018751 0.039296 0.043008
124 0.193608 0.440093 0.039296 0.043008
233 0.048951 0.165915 0.117889 0.129024
152 0.419287 0.593246 0.104790 0.114688
232 0.113407 0.115542 0.117889 0.129024
179 0.663713 0.593874 0.039296 0.043008
251 0.805885 0.091744 0.117889 0.129024
127 0.324629 0.608745 0.176834 0.193536
179 0.680789 0.540140 0.039296 0.043008
124 0.192487 0.441826 0.039296 0.043008
142 0.510125 0.391872 0.013099 0.014336
124 0.470531 0.079650 0.039296 0.043008
179 0.630997 0.678609 0.039296 0.043008
250 0.079080 0.387363 0.157185 0.172032
122 0.719988 0.762815 0.104790 0.114688
124 0.332540 0.508404 0.039296 0.043008
124 0.424903 0.393313 0.039296 0.043008
127 0.079080 0.387363 0.176834 0.193536
233 0.114398 0.006304 0.117889 0.129024
124 0.315612 0.131189 0.039296 0.043008
179 0.635714 0.617207 0.039296 0.043008
179 0.651018 0.560988 0.039296 0.043008
159 0.637837 0.375766 0.091691 0.100352
119 0.491855 0.399452 0.013099 0.014336
124 0.236103 0.009628 0.039296 0.043008
124 0.382233 0.139796 0.039296 0.043008
130 0.503452 0.247810 0.288173 0.315392
