27 0.418237 0.688652 0.039296 0.043008
27 0.324562 0.439757 0.039296 0.043008
232 0.168094 0.160975 0.117889 0.129024
233 0.231354 0.110930 0.117889 0.129024
250 0.377071 0.814429 0.157185 0.172032
3 0.608326 0.810028 0.176834 0.193536
233 0.038311 0.263559 0.117889 0.129024
250 0.608326 0.810028 0.157185 0.172032
3 0.377071 0.814429 0.176834 0.193536
39 0.832670 0.055936 0.189932 0.207872
27 0.313005 0.387864 0.039296 0.043008
27 0.369344 0.334534 0.039296 0.043008
27 0.124851 0.538450 0.039296 0.043008
28 0.039065 0.179925 0.117889 0.129024
27 0.376668 0.299389 0.039296 0.043008
232 0.102769 0.322424 0.117889 0.129024
27 0.030247 0.076504 0.039296 0.043008
28 0.697877 0.120394 0.117889 0.129024
21 0.498802 0.446350 0.288173 0.315392
7 0.383556 0.122318 0.189932 0.207872
233 0.036803 0.430795 0.117889 0.129024
232 0.101265 0.488235 0.117889 0.129024
27 0.123947 0.538339 0.039296 0.043008
27 0.187234 0.478875 0.039296 0.043008
27 0.125369 0.433354 0.039296 0.043008
27 0.226934 0.211766 0.039296 0.043008
27 0.124480 0.275065 0.039296 0.043008
27 0.572359 0.691581 0.039296 0.043008
27 0.227552 0.212296 0.039296 0.043008
27 0.185254 0.564537 0.039296 0.043008
27 0.303433 0.344093 0.039296 0.043008
232 0.100263 0.598753 0.117889 0.129024
28 0.163279 0.681571 0.117889 0.129024
41 0.558241 0.135401 0.189932 0.207872
27 0.559774 0.649634 0.039296 0.043008
41 0.721479 0.503399 0.189932 0.207872
27 0.264132 0.160379 0.039296 0.043008
27 0.429908 0.653194 0.039296 0.043008
27 0.319633 0.495776 0.039296 0.043008
28 0.585340 0.267013 0.117889 0.129024
233 0.035797 0.542263 0.117889 0.129024
27 0.188723 0.349381 0.039296 0.043008
