232 0.973412 0.311796 0.117889 0.129024
233 0.921707 0.455397 0.117889 0.129024
27 0.579646 0.335572 0.039296 0.043008
232 0.765847 0.500274 0.117889 0.129024
21 0.633681 0.191684 0.288173 0.315392
179 0.571898 0.009477 0.039296 0.043008
179 0.444297 0.080779 0.039296 0.043008
27 0.769945 0.120756 0.039296 0.043008
27 0.639362 0.338579 0.039296 0.043008
179 0.406794 0.102803 0.039296 0.043008
27 0.283252 0.122280 0.039296 0.043008
179 0.400975 0.138170 0.039296 0.043008
179 0.483110 0.015001 0.039296 0.043008
179 0.551885 0.050048 0.039296 0.043008
27 0.247918 0.037988 0.039296 0.043008
34 0.501660 0.062242 0.065494 0.071680
232 0.603193 0.496199 0.117889 0.129024
251 0.315619 0.356030 0.117889 0.129024
27 0.324548 0.121233 0.039296 0.043008
179 0.482215 0.106259 0.039296 0.043008
233 0.657769 0.548231 0.117889 0.129024
27 0.677138 0.339791 0.039296 0.043008
179 0.531699 0.000264 0.039296 0.043008
179 0.423508 0.169575 0.039296 0.043008
232 0.974352 0.214945 0.117889 0.129024
