28 0.032565 0.830355 0.117889 0.129024
27 0.392922 0.535665 0.039296 0.043008
39 0.662318 0.894177 0.189932 0.207872
232 0.880552 0.367010 0.117889 0.129024
164 0.369185 0.152509 0.052395 0.057344
164 0.485171 0.350570 0.052395 0.057344
44 0.407058 0.316281 0.052395 0.057344
164 0.353784 0.241286 0.052395 0.057344
161 0.434841 0.242804 0.078593 0.086016
232 0.723231 0.359938 0.117889 0.129024
41 0.131713 0.580808 0.189932 0.207872
164 0.431815 0.176985 0.052395 0.057344
164 0.374211 0.201511 0.052395 0.057344
21 0.752783 0.060940 0.288173 0.315392
164 0.316893 0.199370 0.052395 0.057344
44 0.415345 0.374301 0.052395 0.057344
164 0.499938 0.237158 0.052395 0.057344
22 0.688536 0.145049 0.052395 0.057344
164 0.533679 0.373595 0.052395 0.057344
7 0.376421 0.796658 0.189932 0.207872
233 0.775992 0.412156 0.117889 0.129024
251 0.445406 0.216742 0.117889 0.129024
27 0.526875 0.808157 0.039296 0.043008
164 0.451093 0.415007 0.052395 0.057344
