88 0.204517 0.113397 0.039296 0.043008
97 0.326696 0.765059 0.130988 0.143360
50 0.986985 0.854479 0.117889 0.129024
48 0.589034 0.787600 0.189932 0.207872
48 0.115424 0.022556 0.189932 0.207872
51 0.726822 0.810756 0.117889 0.129024
97 0.445789 0.763603 0.130988 0.143360
94 0.943092 0.167257 0.117889 0.129024
237 0.009920 0.908585 0.117889 0.129024
48 0.860811 0.683856 0.189932 0.207872
78 0.110874 0.519408 0.288173 0.315392
74 0.779173 0.571146 0.039296 0.043008
85 0.295072 0.899943 0.176834 0.193536
48 0.859374 0.833033 0.189932 0.207872
50 0.330649 0.336194 0.117889 0.129024
88 0.080912 0.802941 0.039296 0.043008
255 0.295072 0.899943 0.157185 0.172032
50 0.988409 0.708086 0.117889 0.129024
96 0.444314 0.921767 0.130988 0.143360
88 0.245571 0.797982 0.039296 0.043008
74 0.297540 0.163537 0.039296 0.043008
96 0.329659 0.443434 0.130988 0.143360
57 0.864725 0.285971 0.189932 0.207872
48 0.176469 0.301753 0.189932 0.207872
235 0.075662 0.851212 0.117889 0.129024
51 0.272039 0.062926 0.117889 0.129024
58 0.964975 0.536826 0.189932 0.207872
51 0.562085 0.658401 0.117889 0.129024
48 0.417608 0.631598 0.189932 0.207872
88 0.036957 0.698995 0.039296 0.043008
92 0.813597 0.132475 0.189932 0.207872
57 0.704811 0.276911 0.189932 0.207872
