164 0.566747 0.119460 0.052395 0.057344
164 0.301704 0.134503 0.052395 0.057344
152 0.965710 0.791048 0.104790 0.114688
164 0.266479 0.198377 0.052395 0.057344
179 0.868452 0.143031 0.039296 0.043008
164 0.509365 0.189931 0.052395 0.057344
34 0.983554 0.230802 0.065494 0.071680
32 0.936767 0.289871 0.052395 0.057344
233 0.153789 0.824895 0.117889 0.129024
44 0.897935 0.330236 0.052395 0.057344
164 0.580576 0.285603 0.052395 0.057344
164 0.519555 0.151127 0.052395 0.057344
164 0.554930 0.319586 0.052395 0.057344
164 0.371537 0.360204 0.052395 0.057344
164 0.503515 0.337844 0.052395 0.057344
164 0.427937 0.361568 0.052395 0.057344
164 0.419808 0.122923 0.052395 0.057344
164 0.315333 0.175253 0.052395 0.057344
164 0.436313 0.164784 0.052395 0.057344
179 0.856326 0.332387 0.039296 0.043008
164 0.564721 0.245409 0.052395 0.057344
2 0.867593 0.263218 0.104790 0.114688
34 0.753204 0.238154 0.065494 0.071680
13 0.379311 0.256351 0.157185 0.172032
164 0.485341 0.112976 0.052395 0.057344
250 0.124631 0.610106 0.157185 0.172032
179 0.833544 0.133669 0.039296 0.043008
164 0.354309 0.115456 0.052395 0.057344
232 0.091792 0.772068 0.117889 0.129024
