233 0.748526 0.575833 0.117889 0.129024
233 0.638484 0.777356 0.117889 0.129024
233 0.693445 0.726199 0.117889 0.129024
28 0.851263 0.798882 0.117889 0.129024
232 0.694434 0.625484 0.117889 0.129024
232 0.695392 0.524723 0.117889 0.129024
164 0.037332 0.319608 0.052395 0.057344
232 0.292503 0.835595 0.117889 0.129024
21 0.325478 0.516767 0.288173 0.315392
27 0.373631 0.817992 0.039296 0.043008
164 0.033446 0.452685 0.052395 0.057344
164 0.156866 0.375508 0.052395 0.057344
22 0.326230 0.304806 0.052395 0.057344
232 0.469364 0.831763 0.117889 0.129024
164 0.048513 0.503052 0.052395 0.057344
164 0.096131 0.271503 0.052395 0.057344
28 0.698954 0.146702 0.117889 0.129024
164 0.103548 0.483352 0.052395 0.057344
27 0.297424 0.789185 0.039296 0.043008
164 0.041329 0.373565 0.052395 0.057344
27 0.439656 0.766750 0.039296 0.043008
164 0.090980 0.345136 0.052395 0.057344
27 0.368373 0.771678 0.039296 0.043008
164 0.076856 0.416339 0.052395 0.057344
3 0.504204 0.157875 0.176834 0.193536
164 0.134797 0.312158 0.052395 0.057344
3 0.723751 0.374706 0.176834 0.193536
250 0.504204 0.157875 0.157185 0.172032
27 0.305007 0.713752 0.039296 0.043008
233 0.351919 0.887092 0.117889 0.129024
250 0.723751 0.374706 0.157185 0.172032
