78 0.326772 0.309821 0.288173 0.315392
74 0.928870 0.383240 0.039296 0.043008
72 0.307003 0.074534 0.039296 0.043008
48 0.672465 0.023139 0.189932 0.207872
88 0.004421 0.296028 0.039296 0.043008
88 0.094195 0.016651 0.039296 0.043008
88 0.359153 0.145320 0.039296 0.043008
253 0.640436 0.503085 0.117889 0.129024
88 0.046371 0.068425 0.039296 0.043008
88 0.266181 0.149254 0.039296 0.043008
88 0.258644 0.031694 0.039296 0.043008
88 0.428248 0.575750 0.039296 0.043008
88 0.671905 0.080065 0.039296 0.043008
