88 0.167420 0.469191 0.039296 0.043008
51 0.787319 0.385330 0.117889 0.129024
237 0.082675 0.439177 0.117889 0.129024
88 0.310515 0.335706 0.039296 0.043008
88 0.062877 0.393456 0.039296 0.043008
96 0.509500 0.478496 0.130988 0.143360
51 0.625323 0.224103 0.117889 0.129024
255 0.362814 0.447815 0.157185 0.172032
88 0.116424 0.211473 0.039296 0.043008
48 0.919155 0.267369 0.189932 0.207872
48 0.651806 0.354022 0.189932 0.207872
97 0.393910 0.315826 0.130988 0.143360
48 0.917723 0.415457 0.189932 0.207872
235 0.147253 0.386207 0.117889 0.129024
88 0.166652 0.431487 0.039296 0.043008
78 0.181886 0.059031 0.288173 0.315392
48 0.483285 0.188805 0.189932 0.207872
97 0.510970 0.321556 0.130988 0.143360
88 0.152416 0.338619 0.039296 0.043008
88 0.523695 0.400568 0.039296 0.043008
88 0.058817 0.390040 0.039296 0.043008
85 0.362814 0.447815 0.176834 0.193536
