27 0.343406 0.324038 0.039296 0.043008
27 0.239015 0.170469 0.039296 0.043008
233 0.231736 0.069296 0.117889 0.129024
27 0.262758 0.117021 0.039296 0.043008
250 0.608698 0.770565 0.157185 0.172032
27 0.307578 0.398004 0.039296 0.043008
3 0.377448 0.773684 0.176834 0.193536
27 0.448349 0.557240 0.039296 0.043008
233 0.037187 0.388119 0.117889 0.129024
232 0.103152 0.280101 0.117889 0.129024
21 0.499177 0.406234 0.288173 0.315392
27 0.186610 0.523733 0.039296 0.043008
15 0.558615 0.095585 0.189932 0.207872
27 0.045735 0.706159 0.039296 0.043008
27 0.124626 0.496233 0.039296 0.043008
232 0.100647 0.556448 0.117889 0.129024
27 0.574610 0.660778 0.039296 0.043008
232 0.168476 0.118996 0.117889 0.129024
27 0.190192 0.307845 0.039296 0.043008
28 0.585714 0.227362 0.117889 0.129024
233 0.036182 0.499594 0.117889 0.129024
27 0.124877 0.391217 0.039296 0.043008
27 0.188568 0.436949 0.039296 0.043008
27 0.409968 0.674719 0.039296 0.043008
3 0.608698 0.770565 0.176834 0.193536
233 0.038696 0.220872 0.117889 0.129024
232 0.101649 0.445923 0.117889 0.129024
250 0.377448 0.773684 0.157185 0.172032
27 0.554004 0.593384 0.039296 0.043008
7 0.383935 0.081531 0.189932 0.207872
27 0.331641 0.468791 0.039296 0.043008
