233 0.983954 0.245526 0.117889 0.129024
232 0.829122 0.285719 0.117889 0.129024
3 0.468796 0.318167 0.176834 0.193536
27 0.521651 0.572743 0.039296 0.043008
27 0.603743 0.114532 0.039296 0.043008
27 0.396603 0.567784 0.039296 0.043008
179 0.470544 0.527330 0.039296 0.043008
233 0.721864 0.330600 0.117889 0.129024
27 0.345623 0.520679 0.039296 0.043008
27 0.550382 0.548480 0.039296 0.043008
27 0.465816 0.485205 0.039296 0.043008
250 0.468796 0.318167 0.157185 0.172032
27 0.535897 0.494503 0.039296 0.043008
27 0.572194 0.482979 0.039296 0.043008
27 0.424628 0.472641 0.039296 0.043008
27 0.471158 0.563531 0.039296 0.043008
27 0.344834 0.558305 0.039296 0.043008
27 0.500905 0.500583 0.039296 0.043008
27 0.502817 0.466583 0.039296 0.043008
27 0.391642 0.531464 0.039296 0.043008
27 0.509417 0.535896 0.039296 0.043008
27 0.522512 0.435862 0.039296 0.043008
27 0.392853 0.494891 0.039296 0.043008
179 0.435208 0.508291 0.039296 0.043008
34 0.821435 0.106088 0.065494 0.071680
27 0.491336 0.591273 0.039296 0.043008
232 0.667650 0.276725 0.117889 0.129024
27 0.368872 0.450722 0.039296 0.043008
27 0.467622 0.440527 0.039296 0.043008
179 0.432220 0.546932 0.039296 0.043008
