124 0.343337 0.353477 0.039296 0.043008
167 0.525176 0.616241 0.189932 0.207872
124 0.534298 0.314991 0.039296 0.043008
124 0.397245 0.230861 0.039296 0.043008
124 0.410454 0.516470 0.039296 0.043008
233 0.322719 0.185078 0.117889 0.129024
124 0.463160 0.404731 0.039296 0.043008
124 0.401873 0.402596 0.039296 0.043008
124 0.402838 0.319000 0.039296 0.043008
142 0.637971 0.543240 0.013099 0.014336
124 0.649825 0.097222 0.039296 0.043008
124 0.630054 0.262675 0.039296 0.043008
142 0.690156 0.551540 0.013099 0.014336
124 0.720951 0.152174 0.039296 0.043008
124 0.439599 0.185953 0.039296 0.043008
233 0.260072 0.343455 0.117889 0.129024
124 0.492361 0.376972 0.039296 0.043008
250 0.910455 0.075392 0.157185 0.172032
130 0.697061 0.415706 0.288173 0.315392
250 0.288793 0.560429 0.157185 0.172032
124 0.499065 0.484542 0.039296 0.043008
124 0.744190 0.670774 0.039296 0.043008
124 0.463322 0.338518 0.039296 0.043008
233 0.383376 0.135789 0.117889 0.129024
124 0.495981 0.236214 0.039296 0.043008
232 0.725118 0.109933 0.117889 0.129024
124 0.578804 0.143407 0.039296 0.043008
232 0.321728 0.292476 0.117889 0.129024
232 0.320737 0.399857 0.117889 0.129024
124 0.733239 0.647219 0.039296 0.043008
124 0.709694 0.268307 0.039296 0.043008
142 0.682773 0.544145 0.013099 0.014336
127 0.288793 0.560429 0.176834 0.193536
232 0.558495 0.096490 0.117889 0.129024
142 0.764637 0.563141 0.013099 0.014336
124 0.706700 0.231781 0.039296 0.043008
233 0.670931 0.054327 0.117889 0.129024
