27 0.119401 0.528243 0.039296 0.043008
28 0.459334 0.329017 0.117889 0.129024
21 0.246560 0.672183 0.288173 0.315392
27 0.051020 0.748952 0.039296 0.043008
27 0.150984 0.953828 0.039296 0.043008
41 0.431371 0.195481 0.189932 0.207872
28 0.339098 0.484009 0.117889 0.129024
27 0.012316 0.484013 0.039296 0.043008
41 0.310038 0.348813 0.189932 0.207872
27 0.190792 0.834837 0.039296 0.043008
27 0.304520 0.857104 0.039296 0.043008
7 0.122971 0.340659 0.189932 0.207872
27 0.329783 0.936755 0.039296 0.043008
27 0.015235 0.563064 0.039296 0.043008
41 0.250321 0.183586 0.189932 0.207872
41 0.484747 0.723892 0.189932 0.207872
39 0.603238 0.258344 0.189932 0.207872
