237 0.432115 0.823340 0.117889 0.129024
54 0.347675 0.402051 0.288173 0.315392
255 0.741265 0.516753 0.157185 0.172032
235 0.658390 0.717437 0.117889 0.129024
237 0.253340 0.826916 0.117889 0.129024
88 0.393419 0.726705 0.039296 0.043008
88 0.614419 0.673506 0.039296 0.043008
52 0.311562 0.614754 0.130988 0.143360
235 0.490205 0.770269 0.117889 0.129024
52 0.376392 0.739669 0.130988 0.143360
235 0.001963 0.721416 0.117889 0.129024
88 0.478457 0.726177 0.039296 0.043008
235 0.314352 0.772594 0.117889 0.129024
88 0.522362 0.579462 0.039296 0.043008
88 0.426542 0.612163 0.039296 0.043008
237 0.066140 0.775882 0.117889 0.129024
237 0.713052 0.666874 0.117889 0.129024
255 0.743056 0.316381 0.157185 0.172032
