124 0.212720 0.110105 0.039296 0.043008
124 0.413366 0.133259 0.039296 0.043008
124 0.198124 0.078783 0.039296 0.043008
124 0.237725 0.234786 0.039296 0.043008
127 0.064885 0.465011 0.176834 0.193536
124 0.178885 0.126424 0.039296 0.043008
124 0.185912 0.217888 0.039296 0.043008
124 0.015748 0.332684 0.039296 0.043008
124 0.471089 0.165604 0.039296 0.043008
141 0.497348 0.321483 0.288173 0.315392
233 0.165037 0.028831 0.117889 0.129024
124 0.371416 0.037973 0.039296 0.043008
124 0.159473 0.243983 0.039296 0.043008
167 0.254312 0.524359 0.189932 0.207872
124 0.247825 0.402355 0.039296 0.043008
232 0.098711 0.299985 0.117889 0.129024
171 0.288778 0.120409 0.091691 0.100352
124 0.122620 0.252526 0.039296 0.043008
232 0.099713 0.189356 0.117889 0.129024
124 0.122161 0.253120 0.039296 0.043008
232 0.526953 0.007350 0.117889 0.129024
124 0.522577 0.050499 0.039296 0.043008
124 0.180217 0.127256 0.039296 0.043008
233 0.100716 0.078709 0.117889 0.129024
233 0.034300 0.241013 0.117889 0.129024
124 0.195347 0.262047 0.039296 0.043008
155 0.827633 0.812746 0.104790 0.114688
250 0.064885 0.465011 0.157185 0.172032
124 0.224578 0.408985 0.039296 0.043008
151 0.774390 0.232296 0.189932 0.207872
142 0.497686 0.453926 0.013099 0.014336
155 0.741641 0.813661 0.104790 0.114688
124 0.333189 0.232156 0.039296 0.043008
