237 0.121698 0.655794 0.117889 0.129024
90 0.067562 0.045637 0.091691 0.100352
73 0.575112 0.408288 0.058945 0.064512
74 0.626906 0.296936 0.039296 0.043008
255 0.155334 0.439018 0.157185 0.172032
74 0.331655 0.368621 0.039296 0.043008
74 0.290293 0.367831 0.039296 0.043008
74 0.529349 0.258817 0.039296 0.043008
73 0.554078 0.471460 0.058945 0.064512
235 0.304420 0.922073 0.117889 0.129024
74 0.602749 0.330723 0.039296 0.043008
74 0.404399 0.410517 0.039296 0.043008
73 0.487963 0.467864 0.058945 0.064512
74 0.588881 0.297264 0.039296 0.043008
74 0.567553 0.266806 0.039296 0.043008
235 0.184083 0.710152 0.117889 0.129024
74 0.512084 0.290359 0.039296 0.043008
235 0.537602 0.914296 0.117889 0.129024
90 0.689830 0.166414 0.091691 0.100352
96 0.013915 0.882421 0.130988 0.143360
74 0.525730 0.324280 0.039296 0.043008
74 0.490232 0.259649 0.039296 0.043008
237 0.243911 0.870213 0.117889 0.129024
74 0.605823 0.266429 0.039296 0.043008
74 0.422862 0.379050 0.039296 0.043008
74 0.462155 0.374001 0.039296 0.043008
235 0.185069 0.602100 0.117889 0.129024
74 0.550582 0.297790 0.039296 0.043008
73 0.454408 0.420813 0.058945 0.064512
74 0.399123 0.349029 0.039296 0.043008
74 0.505099 0.367333 0.039296 0.043008
237 0.183047 0.818137 0.117889 0.129024
74 0.640652 0.330220 0.039296 0.043008
