96 0.792477 0.076805 0.130988 0.143360
255 0.650814 0.850732 0.157185 0.172032
52 0.860696 0.623817 0.130988 0.143360
237 0.838652 0.698113 0.117889 0.129024
255 0.425015 0.856355 0.157185 0.172032
235 0.839601 0.599443 0.117889 0.129024
237 0.892598 0.453197 0.117889 0.129024
52 0.674267 0.743756 0.130988 0.143360
235 0.785930 0.747995 0.117889 0.129024
237 0.891653 0.551151 0.117889 0.129024
235 0.841499 0.402061 0.117889 0.129024
235 0.790810 0.250912 0.117889 0.129024
253 0.214795 0.942490 0.117889 0.129024
237 0.842566 0.303466 0.117889 0.129024
88 0.651596 0.064707 0.039296 0.043008
52 0.596858 0.571676 0.130988 0.143360
52 0.726477 0.620110 0.130988 0.143360
