27 0.196164 0.639473 0.039296 0.043008
28 0.493030 0.684747 0.117889 0.129024
27 0.078163 0.878782 0.039296 0.043008
27 0.084686 0.922695 0.039296 0.043008
27 0.030763 0.880062 0.039296 0.043008
41 0.581573 0.399937 0.189932 0.207872
27 0.019724 0.986876 0.039296 0.043008
27 0.018988 0.986837 0.039296 0.043008
39 0.746432 0.456767 0.189932 0.207872
14 0.099359 0.381393 0.189932 0.207872
27 0.073263 0.821780 0.039296 0.043008
41 0.632603 0.915668 0.189932 0.207872
27 0.084686 0.922695 0.039296 0.043008
28 0.608346 0.529857 0.117889 0.129024
41 0.408064 0.393264 0.189932 0.207872
27 0.023013 0.716029 0.039296 0.043008
26 0.190794 0.794318 0.117889 0.129024
27 0.192937 0.695546 0.039296 0.043008
41 0.465222 0.553259 0.189932 0.207872
7 0.286074 0.550331 0.189932 0.207872
31 0.744983 0.608527 0.189932 0.207872
27 0.223355 0.930998 0.039296 0.043008
232 0.064972 0.602158 0.117889 0.129024
21 0.404327 0.871286 0.288173 0.315392
233 0.129896 0.547790 0.117889 0.129024
27 0.064367 0.818891 0.039296 0.043008
