57 0.632725 0.108906 0.189932 0.207872
96 0.182660 0.756791 0.130988 0.143360
88 0.702954 0.198944 0.039296 0.043008
85 0.022307 0.730641 0.176834 0.193536
97 0.056227 0.591479 0.130988 0.143360
96 0.059233 0.257936 0.130988 0.143360
58 0.739977 0.370971 0.189932 0.207872
57 0.461616 0.095256 0.189932 0.207872
50 0.060238 0.146720 0.117889 0.129024
61 0.872070 0.401486 0.117889 0.129024
255 0.022307 0.730641 0.157185 0.172032
48 0.337845 0.621207 0.189932 0.207872
97 0.184156 0.592866 0.130988 0.143360
51 0.308877 0.486696 0.117889 0.129024
48 0.628748 0.520438 0.189932 0.207872
48 0.153825 0.455317 0.189932 0.207872
