124 0.434816 0.091138 0.039296 0.043008
124 0.268560 0.102009 0.039296 0.043008
250 0.324629 0.608745 0.157185 0.172032
124 0.334857 0.214859 0.039296 0.043008
152 0.393732 0.587005 0.104790 0.114688
250 0.079080 0.387363 0.157185 0.172032
124 0.418391 0.377759 0.039296 0.043008
127 0.079080 0.387363 0.176834 0.193536
119 0.491855 0.399452 0.013099 0.014336
124 0.241803 0.411522 0.039296 0.043008
142 0.523259 0.381667 0.013099 0.014336
233 0.048951 0.165915 0.117889 0.129024
127 0.324629 0.608745 0.176834 0.193536
159 0.637837 0.375766 0.091691 0.100352
124 0.241903 0.014788 0.039296 0.043008
124 0.192672 0.054913 0.039296 0.043008
124 0.236103 0.009628 0.039296 0.043008
232 0.112416 0.224762 0.117889 0.129024
122 0.719988 0.762815 0.104790 0.114688
130 0.503452 0.247810 0.288173 0.315392
251 0.805885 0.091744 0.117889 0.129024
232 0.113407 0.115542 0.117889 0.129024
233 0.114398 0.006304 0.117889 0.129024
124 0.309609 0.269274 0.039296 0.043008
124 0.192487 0.441826 0.039296 0.043008
