119 0.240507 0.645431 0.013099 0.014336
164 0.914994 0.198687 0.052395 0.057344
119 0.283221 0.649959 0.013099 0.014336
122 0.495045 0.334858 0.104790 0.114688
142 0.203573 0.624327 0.013099 0.014336
159 0.396668 0.367122 0.091691 0.100352
142 0.264169 0.650327 0.013099 0.014336
122 0.661710 0.444018 0.104790 0.114688
164 0.914591 0.246829 0.052395 0.057344
250 0.129690 0.861930 0.157185 0.172032
179 0.952716 0.185382 0.039296 0.043008
233 0.168005 0.102445 0.117889 0.129024
130 0.257286 0.484361 0.288173 0.315392
164 0.939741 0.146990 0.052395 0.057344
142 0.293906 0.631275 0.013099 0.014336
232 0.104467 0.152346 0.117889 0.129024
