237 0.929420 0.042747 0.117889 0.129024
235 0.878000 0.087147 0.117889 0.129024
255 0.746270 0.176068 0.157185 0.172032
57 0.922563 0.901533 0.189932 0.207872
48 0.658719 0.705603 0.189932 0.207872
88 0.009729 0.004692 0.039296 0.043008
59 0.109964 0.049623 0.170284 0.186368
90 0.627572 0.856328 0.091691 0.100352
50 0.793870 0.730113 0.117889 0.129024
255 0.526298 0.160351 0.157185 0.172032
88 0.379271 0.448139 0.039296 0.043008
96 0.687492 0.578050 0.130988 0.143360
52 0.179674 0.701241 0.130988 0.143360
88 0.051903 0.034849 0.039296 0.043008
253 0.321642 0.225681 0.117889 0.129024
52 0.125155 0.669761 0.130988 0.143360
97 0.517687 0.732325 0.130988 0.143360
