74 0.463318 0.470309 0.039296 0.043008
73 0.498543 0.708478 0.058945 0.064512
74 0.449401 0.622918 0.039296 0.043008
74 0.400953 0.516897 0.039296 0.043008
88 0.801771 0.661394 0.039296 0.043008
90 0.226803 0.611643 0.091691 0.100352
74 0.473343 0.593413 0.039296 0.043008
74 0.530308 0.638397 0.039296 0.043008
74 0.417287 0.605817 0.039296 0.043008
74 0.497720 0.552360 0.039296 0.043008
74 0.475515 0.510997 0.039296 0.043008
74 0.408445 0.561609 0.039296 0.043008
74 0.402513 0.473870 0.039296 0.043008
90 0.311628 0.640602 0.091691 0.100352
74 0.432760 0.533148 0.039296 0.043008
74 0.422810 0.647838 0.039296 0.043008
90 0.540969 0.508404 0.091691 0.100352
255 0.204871 0.143699 0.157185 0.172032
73 0.489335 0.642488 0.058945 0.064512
74 0.509875 0.592749 0.039296 0.043008
75 0.171305 0.675043 0.078593 0.086016
74 0.387728 0.597737 0.039296 0.043008
90 0.349839 0.547574 0.091691 0.100352
74 0.463392 0.551825 0.039296 0.043008
74 0.435049 0.490521 0.039296 0.043008
74 0.441687 0.580090 0.039296 0.043008
73 0.456233 0.744318 0.058945 0.064512
73 0.414985 0.701876 0.058945 0.064512
74 0.380658 0.639821 0.039296 0.043008
