233 0.231736 0.069296 0.117889 0.129024
232 0.101649 0.445923 0.117889 0.129024
27 0.338743 0.321409 0.039296 0.043008
27 0.555444 0.623287 0.039296 0.043008
3 0.377448 0.773684 0.176834 0.193536
232 0.100647 0.556448 0.117889 0.129024
27 0.205886 0.435192 0.039296 0.043008
27 0.567012 0.647253 0.039296 0.043008
15 0.558615 0.095585 0.189932 0.207872
27 0.185531 0.524152 0.039296 0.043008
233 0.036182 0.499594 0.117889 0.129024
250 0.608698 0.770565 0.157185 0.172032
27 0.254042 0.118166 0.039296 0.043008
27 0.251902 0.424113 0.039296 0.043008
28 0.585714 0.227362 0.117889 0.129024
21 0.499177 0.406234 0.288173 0.315392
27 0.255279 0.122063 0.039296 0.043008
3 0.608698 0.770565 0.176834 0.193536
27 0.259425 0.496185 0.039296 0.043008
7 0.383935 0.081531 0.189932 0.207872
27 0.123035 0.497783 0.039296 0.043008
233 0.038696 0.220872 0.117889 0.129024
27 0.411873 0.667074 0.039296 0.043008
27 0.190192 0.307832 0.039296 0.043008
250 0.377448 0.773684 0.157185 0.172032
232 0.103152 0.280101 0.117889 0.129024
27 0.124877 0.391217 0.039296 0.043008
27 0.440325 0.580972 0.039296 0.043008
233 0.037187 0.388119 0.117889 0.129024
27 0.327145 0.398734 0.039296 0.043008
232 0.168476 0.118996 0.117889 0.129024
