21 0.222028 0.544506 0.288173 0.315392
27 0.271254 0.701986 0.039296 0.043008
250 0.090990 0.928467 0.157185 0.172032
15 0.225794 0.054136 0.189932 0.207872
27 0.309033 0.821847 0.039296 0.043008
3 0.090990 0.928467 0.176834 0.193536
41 0.285925 0.221023 0.189932 0.207872
250 0.340249 0.920177 0.157185 0.172032
27 0.110910 0.077004 0.039296 0.043008
3 0.340249 0.920177 0.176834 0.193536
7 0.097575 0.209603 0.189932 0.207872
28 0.315188 0.357228 0.117889 0.129024
27 0.165889 0.706838 0.039296 0.043008
