28 0.394767 0.247834 0.117889 0.129024
237 0.831532 0.346592 0.117889 0.129024
235 0.778303 0.491883 0.117889 0.129024
27 0.521587 0.263594 0.039296 0.043008
35 0.593562 0.183481 0.189932 0.207872
34 0.106635 0.328453 0.065494 0.071680
255 0.302841 0.637285 0.157185 0.172032
237 0.782074 0.097793 0.117889 0.129024
28 0.450548 0.457526 0.117889 0.129024
34 0.141685 0.420103 0.065494 0.071680
235 0.832472 0.248805 0.117889 0.129024
31 0.245687 0.318771 0.189932 0.207872
237 0.781131 0.196337 0.117889 0.129024
237 0.725225 0.540117 0.117889 0.129024
255 0.533768 0.638452 0.157185 0.172032
41 0.304295 0.479478 0.189932 0.207872
235 0.779246 0.393382 0.117889 0.129024
17 0.384227 0.388848 0.078593 0.086016
235 0.729955 0.043773 0.117889 0.129024
34 0.094791 0.260233 0.065494 0.071680
