74 0.528091 0.453480 0.039296 0.043008
102 0.663438 0.490094 0.078593 0.086016
96 0.618802 0.003272 0.130988 0.143360
73 0.506632 0.353962 0.058945 0.064512
48 0.167826 0.536532 0.189932 0.207872
74 0.524872 0.489212 0.039296 0.043008
90 0.659112 0.584804 0.091691 0.100352
237 0.809007 0.025091 0.117889 0.129024
48 0.169324 0.372190 0.189932 0.207872
50 0.323771 0.405214 0.117889 0.129024
50 0.322285 0.566185 0.117889 0.129024
58 0.295172 0.215581 0.189932 0.207872
74 0.495387 0.512819 0.039296 0.043008
235 0.860809 0.079531 0.117889 0.129024
61 0.444516 0.251142 0.117889 0.129024
73 0.524235 0.407807 0.058945 0.064512
51 0.006766 0.505612 0.117889 0.129024
102 0.659243 0.497929 0.078593 0.086016
