233 0.260072 0.343455 0.117889 0.129024
233 0.670931 0.054327 0.117889 0.129024
124 0.718598 0.176218 0.039296 0.043008
142 0.683639 0.575700 0.013099 0.014336
124 0.439599 0.185953 0.039296 0.043008
130 0.697061 0.415706 0.288173 0.315392
124 0.397245 0.230861 0.039296 0.043008
124 0.560801 0.294042 0.039296 0.043008
124 0.396913 0.230660 0.039296 0.043008
124 0.720776 0.153837 0.039296 0.043008
119 0.681861 0.551296 0.013099 0.014336
124 0.410555 0.402918 0.039296 0.043008
142 0.773592 0.569632 0.013099 0.014336
142 0.626988 0.533640 0.013099 0.014336
232 0.725118 0.109933 0.117889 0.129024
124 0.578804 0.143407 0.039296 0.043008
124 0.440969 0.368497 0.039296 0.043008
124 0.402838 0.319000 0.039296 0.043008
124 0.467852 0.339948 0.039296 0.043008
232 0.320737 0.399857 0.117889 0.129024
250 0.288793 0.560429 0.157185 0.172032
124 0.649798 0.100080 0.039296 0.043008
124 0.402831 0.402489 0.039296 0.043008
124 0.477786 0.492180 0.039296 0.043008
250 0.910455 0.075392 0.157185 0.172032
124 0.430556 0.509261 0.039296 0.043008
232 0.558495 0.096490 0.117889 0.129024
124 0.579250 0.144441 0.039296 0.043008
233 0.322719 0.185078 0.117889 0.129024
167 0.525176 0.616241 0.189932 0.207872
232 0.321728 0.292476 0.117889 0.129024
124 0.352021 0.354482 0.039296 0.043008
119 0.684193 0.555423 0.013099 0.014336
127 0.288793 0.560429 0.176834 0.193536
233 0.383376 0.135789 0.117889 0.129024
124 0.662477 0.199765 0.039296 0.043008
142 0.701540 0.544493 0.013099 0.014336
