237 0.781671 0.375141 0.117889 0.129024
235 0.615472 0.625760 0.117889 0.129024
235 0.726488 0.525047 0.117889 0.129024
235 0.324682 0.623923 0.117889 0.129024
237 0.384094 0.677349 0.117889 0.129024
255 0.105930 0.677633 0.157185 0.172032
237 0.780708 0.475830 0.117889 0.129024
237 0.558644 0.677302 0.117889 0.129024
78 0.358299 0.250173 0.288173 0.315392
61 0.011671 0.314163 0.117889 0.129024
52 0.653086 0.569583 0.130988 0.143360
88 0.592414 0.030707 0.039296 0.043008
255 0.756865 0.171826 0.157185 0.172032
235 0.728422 0.322110 0.117889 0.129024
52 0.562600 0.675391 0.130988 0.143360
85 0.756865 0.171826 0.176834 0.193536
88 0.554380 0.107503 0.039296 0.043008
