237 0.868895 0.034973 0.117889 0.129024
74 0.685401 0.767036 0.039296 0.043008
74 0.784421 0.742879 0.039296 0.043008
74 0.860275 0.684543 0.039296 0.043008
74 0.772470 0.646823 0.039296 0.043008
74 0.824656 0.685295 0.039296 0.043008
74 0.840816 0.653384 0.039296 0.043008
73 0.832457 0.810155 0.058945 0.064512
74 0.873409 0.715776 0.039296 0.043008
74 0.805952 0.769839 0.039296 0.043008
74 0.840437 0.759891 0.039296 0.043008
74 0.805661 0.714888 0.039296 0.043008
227 0.556548 0.381208 0.039296 0.043008
90 0.304029 0.312242 0.091691 0.100352
99 0.222751 0.206117 0.104790 0.114688
75 0.196615 0.402678 0.078593 0.086016
74 0.722466 0.765301 0.039296 0.043008
74 0.789899 0.676749 0.039296 0.043008
90 0.787842 0.027515 0.091691 0.100352
74 0.788135 0.800550 0.039296 0.043008
74 0.876529 0.649433 0.039296 0.043008
74 0.839397 0.725975 0.039296 0.043008
74 0.808029 0.639876 0.039296 0.043008
74 0.895497 0.677935 0.039296 0.043008
90 0.386247 0.440704 0.091691 0.100352
74 0.907972 0.709214 0.039296 0.043008
255 0.594271 0.849048 0.157185 0.172032
