255 0.644567 0.830873 0.157185 0.172032
235 0.618207 0.677033 0.117889 0.129024
85 0.644567 0.830873 0.176834 0.193536
88 0.429359 0.573600 0.039296 0.043008
235 0.619180 0.574044 0.117889 0.129024
235 0.269463 0.352832 0.117889 0.129024
88 0.261810 0.426395 0.039296 0.043008
88 0.507509 0.461179 0.039296 0.043008
88 0.541714 0.595039 0.039296 0.043008
88 0.467302 0.406159 0.039296 0.043008
88 0.540227 0.595989 0.039296 0.043008
88 0.420851 0.527803 0.039296 0.043008
255 0.048282 0.287594 0.157185 0.172032
237 0.620153 0.471039 0.117889 0.129024
237 0.507712 0.363179 0.117889 0.129024
88 0.264580 0.398402 0.039296 0.043008
235 0.564351 0.417509 0.117889 0.129024
237 0.330966 0.301841 0.117889 0.129024
78 0.235595 0.677156 0.288173 0.315392
84 0.665835 0.169596 0.039296 0.043008
88 0.312259 0.413989 0.039296 0.043008
88 0.452537 0.647778 0.039296 0.043008
88 0.381413 0.502364 0.039296 0.043008
88 0.485945 0.412091 0.039296 0.043008
72 0.513552 0.602549 0.039296 0.043008
74 0.742932 0.659438 0.039296 0.043008
88 0.353682 0.355880 0.039296 0.043008
237 0.674111 0.625923 0.117889 0.129024
88 0.550499 0.508948 0.039296 0.043008
88 0.382620 0.350301 0.039296 0.043008
