124 0.101967 0.299646 0.039296 0.043008
159 0.049467 0.339128 0.091691 0.100352
151 0.383678 0.480181 0.189932 0.207872
159 0.070790 0.769766 0.091691 0.100352
250 0.325915 0.210139 0.157185 0.172032
142 0.155891 0.759513 0.013099 0.014336
232 0.107058 0.251688 0.117889 0.129024
142 0.095375 0.732195 0.013099 0.014336
142 0.138424 0.723525 0.013099 0.014336
159 0.189469 0.741093 0.091691 0.100352
141 0.074065 0.585011 0.288173 0.315392
233 0.042784 0.192363 0.117889 0.129024
142 0.095738 0.745954 0.013099 0.014336
142 0.062967 0.738619 0.013099 0.014336
142 0.038968 0.743278 0.013099 0.014336
124 0.017851 0.239470 0.039296 0.043008
