233 0.211666 0.438806 0.117889 0.129024
124 0.648043 0.394033 0.039296 0.043008
127 0.176815 0.820601 0.176834 0.193536
124 0.548279 0.338546 0.039296 0.043008
124 0.355564 0.455535 0.039296 0.043008
250 0.176815 0.820601 0.157185 0.172032
167 0.420146 0.868784 0.189932 0.207872
232 0.625673 0.348696 0.117889 0.129024
124 0.293699 0.656514 0.039296 0.043008
124 0.295940 0.773981 0.039296 0.043008
130 0.596862 0.659556 0.288173 0.315392
232 0.454313 0.340829 0.117889 0.129024
233 0.274105 0.386727 0.117889 0.129024
124 0.571488 0.507961 0.039296 0.043008
124 0.616253 0.444936 0.039296 0.043008
232 0.209673 0.656655 0.117889 0.129024
250 0.816138 0.307313 0.157185 0.172032
124 0.324756 0.503444 0.039296 0.043008
124 0.317206 0.580174 0.039296 0.043008
233 0.147186 0.601592 0.117889 0.129024
124 0.475032 0.387288 0.039296 0.043008
124 0.486629 0.413461 0.039296 0.043008
124 0.233160 0.608850 0.039296 0.043008
232 0.210670 0.547739 0.117889 0.129024
124 0.291371 0.624209 0.039296 0.043008
233 0.569946 0.294223 0.117889 0.129024
124 0.411049 0.729036 0.039296 0.043008
124 0.300474 0.579330 0.039296 0.043008
119 0.590988 0.789988 0.013099 0.014336
124 0.287765 0.482274 0.039296 0.043008
124 0.331344 0.435101 0.039296 0.043008
