124 0.273487 0.295583 0.039296 0.043008
124 0.036383 0.217426 0.039296 0.043008
124 0.157077 0.425502 0.039296 0.043008
119 0.340217 0.593835 0.013099 0.014336
233 0.002338 0.166516 0.117889 0.129024
232 0.195814 0.124465 0.117889 0.129024
130 0.348724 0.458891 0.288173 0.315392
232 0.379496 0.137888 0.117889 0.129024
124 0.018061 0.266614 0.039296 0.043008
124 0.017725 0.266419 0.039296 0.043008
119 0.327356 0.634950 0.013099 0.014336
124 0.140510 0.167623 0.039296 0.043008
233 0.319768 0.079750 0.117889 0.129024
124 0.166138 0.352327 0.039296 0.043008
27 0.329416 0.977811 0.039296 0.043008
250 0.583264 0.100919 0.157185 0.172032
124 0.026842 0.359926 0.039296 0.043008
124 0.373728 0.194015 0.039296 0.043008
124 0.170390 0.451220 0.039296 0.043008
124 0.023335 0.446953 0.039296 0.043008
124 0.024206 0.359136 0.039296 0.043008
124 0.198507 0.331965 0.039296 0.043008
124 0.217567 0.172149 0.039296 0.043008
124 0.296299 0.123776 0.039296 0.043008
124 0.321528 0.301319 0.039296 0.043008
