119 0.502295 0.276088 0.013099 0.014336
124 0.136715 0.068352 0.039296 0.043008
119 0.478719 0.301686 0.013099 0.014336
232 0.113414 0.114688 0.117889 0.129024
124 0.272123 0.061259 0.039296 0.043008
124 0.137253 0.068409 0.039296 0.043008
233 0.049953 0.054907 0.117889 0.129024
142 0.427535 0.271169 0.013099 0.014336
124 0.353191 0.047276 0.039296 0.043008
124 0.252966 0.124616 0.039296 0.043008
119 0.535953 0.277945 0.013099 0.014336
122 0.720951 0.661676 0.104790 0.114688
152 0.634175 0.427430 0.104790 0.114688
232 0.114405 0.005450 0.117889 0.129024
250 0.080080 0.276856 0.157185 0.172032
124 0.200122 0.035943 0.039296 0.043008
119 0.428169 0.277980 0.013099 0.014336
119 0.585939 0.300877 0.013099 0.014336
159 0.638238 0.273880 0.091691 0.100352
124 0.379441 0.030150 0.039296 0.043008
130 0.504430 0.143394 0.288173 0.315392
119 0.507273 0.311538 0.013099 0.014336
250 0.325616 0.501851 0.157185 0.172032
