250 0.879638 0.845383 0.157185 0.172032
232 0.855292 0.698336 0.117889 0.129024
252 0.354466 0.990308 0.117889 0.129024
233 0.908046 0.551715 0.117889 0.129024
88 0.716400 0.390362 0.039296 0.043008
96 0.420670 0.202225 0.130988 0.143360
91 0.309153 0.654023 0.091691 0.100352
232 0.534425 0.338589 0.117889 0.129024
88 0.670285 0.648225 0.039296 0.043008
88 0.740086 0.591691 0.039296 0.043008
96 0.051736 0.288627 0.130988 0.143360
88 0.836767 0.648735 0.039296 0.043008
73 0.129005 0.625297 0.058945 0.064512
88 0.476853 0.484904 0.039296 0.043008
76 0.752778 0.473938 0.117889 0.129024
232 0.857305 0.501563 0.117889 0.129024
74 0.061236 0.631279 0.039296 0.043008
88 0.711563 0.282171 0.039296 0.043008
88 0.529894 0.383442 0.039296 0.043008
88 0.658978 0.458781 0.039296 0.043008
88 0.576626 0.461482 0.039296 0.043008
57 0.781884 0.200779 0.189932 0.207872
96 0.536119 0.158083 0.130988 0.143360
233 0.753965 0.348964 0.117889 0.129024
82 0.450389 0.666933 0.065494 0.071680
233 0.907102 0.649425 0.117889 0.129024
233 0.591170 0.290170 0.117889 0.129024
88 0.611794 0.335568 0.039296 0.043008
88 0.660325 0.730385 0.039296 0.043008
78 0.503233 0.647929 0.288173 0.315392
88 0.791875 0.537818 0.039296 0.043008
232 0.806267 0.401041 0.117889 0.129024
23 0.759895 0.236014 0.052395 0.057344
88 0.750008 0.553217 0.039296 0.043008
88 0.838381 0.568380 0.039296 0.043008
88 0.653546 0.472641 0.039296 0.043008
88 0.736768 0.405360 0.039296 0.043008
76 0.114148 0.455544 0.117889 0.129024
