255 0.049587 0.142946 0.157185 0.172032
88 0.543196 0.541117 0.039296 0.043008
237 0.621418 0.337229 0.117889 0.129024
85 0.645829 0.697659 0.176834 0.193536
72 0.514824 0.466782 0.039296 0.043008
237 0.508986 0.227211 0.117889 0.129024
88 0.416761 0.444503 0.039296 0.043008
88 0.413631 0.493615 0.039296 0.043008
235 0.270754 0.212374 0.117889 0.129024
255 0.645829 0.697659 0.157185 0.172032
88 0.450932 0.620721 0.039296 0.043008
88 0.551042 0.374268 0.039296 0.043008
78 0.236887 0.536185 0.288173 0.315392
235 0.565620 0.282629 0.117889 0.129024
237 0.675371 0.493188 0.117889 0.129024
88 0.523630 0.649396 0.039296 0.043008
88 0.542984 0.459800 0.039296 0.043008
88 0.384986 0.213003 0.039296 0.043008
88 0.392064 0.411269 0.039296 0.043008
237 0.332253 0.162522 0.117889 0.129024
88 0.265905 0.257501 0.039296 0.043008
235 0.619471 0.543265 0.117889 0.129024
88 0.262585 0.289641 0.039296 0.043008
88 0.364507 0.383245 0.039296 0.043008
88 0.460495 0.510593 0.039296 0.043008
88 0.508782 0.325245 0.039296 0.043008
88 0.443727 0.272058 0.039296 0.043008
88 0.468578 0.269447 0.039296 0.043008
235 0.620444 0.440255 0.117889 0.129024
88 0.355133 0.209240 0.039296 0.043008
74 0.589132 0.607724 0.039296 0.043008
88 0.347779 0.260357 0.039296 0.043008
88 0.415041 0.515866 0.039296 0.043008
