74 0.813937 0.324893 0.039296 0.043008
74 0.517692 0.228118 0.039296 0.043008
73 0.898286 0.387811 0.058945 0.064512
74 0.549602 0.209512 0.039296 0.043008
74 0.810724 0.290740 0.039296 0.043008
74 0.782921 0.258978 0.039296 0.043008
253 0.104568 0.511877 0.117889 0.129024
74 0.907325 0.147116 0.039296 0.043008
58 0.201947 0.163215 0.189932 0.207872
73 0.462571 0.342958 0.058945 0.064512
50 0.168605 0.404927 0.117889 0.129024
74 0.373897 0.286958 0.039296 0.043008
73 0.470925 0.273413 0.058945 0.064512
74 0.880831 0.244771 0.039296 0.043008
74 0.790711 0.180734 0.039296 0.043008
74 0.876155 0.299570 0.039296 0.043008
74 0.877733 0.210913 0.039296 0.043008
61 0.353476 0.199988 0.117889 0.129024
50 0.294907 0.036094 0.117889 0.129024
74 0.904987 0.281577 0.039296 0.043008
74 0.396835 0.328031 0.039296 0.043008
74 0.824614 0.131268 0.039296 0.043008
74 0.464857 0.184818 0.039296 0.043008
48 0.009370 0.371573 0.189932 0.207872
74 0.872369 0.148760 0.039296 0.043008
74 0.916769 0.250486 0.039296 0.043008
74 0.848243 0.228663 0.039296 0.043008
91 0.674074 0.098051 0.091691 0.100352
74 0.790005 0.145636 0.039296 0.043008
74 0.777725 0.303584 0.039296 0.043008
74 0.843488 0.103677 0.039296 0.043008
74 0.858099 0.269538 0.039296 0.043008
227 0.706189 0.359334 0.039296 0.043008
74 0.828019 0.199493 0.039296 0.043008
74 0.553827 0.248955 0.039296 0.043008
73 0.431485 0.225768 0.058945 0.064512
74 0.877559 0.115628 0.039296 0.043008
74 0.824847 0.165349 0.039296 0.043008
74 0.860921 0.180092 0.039296 0.043008
74 0.743416 0.353241 0.039296 0.043008
102 0.791103 0.582021 0.078593 0.086016
74 0.792993 0.216276 0.039296 0.043008
74 0.433607 0.304254 0.039296 0.043008
74 0.419716 0.269826 0.039296 0.043008
