3 0.636275 0.802880 0.176834 0.193536
27 0.572141 0.589969 0.039296 0.043008
28 0.613502 0.261968 0.117889 0.129024
27 0.155833 0.531838 0.039296 0.043008
232 0.133345 0.481924 0.117889 0.129024
233 0.069428 0.424673 0.117889 0.129024
27 0.258598 0.207224 0.039296 0.043008
27 0.364915 0.501547 0.039296 0.043008
27 0.607341 0.707297 0.039296 0.043008
232 0.134846 0.316807 0.117889 0.129024
39 0.858934 0.051864 0.189932 0.207872
3 0.406860 0.807031 0.176834 0.193536
27 0.156564 0.269699 0.039296 0.043008
27 0.311189 0.420548 0.039296 0.043008
27 0.155089 0.531998 0.039296 0.043008
27 0.216216 0.558119 0.039296 0.043008
233 0.070933 0.258144 0.117889 0.129024
27 0.293833 0.153120 0.039296 0.043008
7 0.413334 0.117715 0.189932 0.207872
27 0.473710 0.601994 0.039296 0.043008
27 0.341017 0.459771 0.039296 0.043008
27 0.220082 0.343717 0.039296 0.043008
27 0.305063 0.432110 0.039296 0.043008
27 0.157250 0.427292 0.039296 0.043008
31 0.857495 0.201353 0.189932 0.207872
27 0.218597 0.472674 0.039296 0.043008
233 0.068424 0.535670 0.117889 0.129024
21 0.527640 0.440532 0.288173 0.315392
27 0.342374 0.392648 0.039296 0.043008
232 0.132344 0.591979 0.117889 0.129024
27 0.439005 0.708715 0.039296 0.043008
28 0.194829 0.674510 0.117889 0.129024
28 0.725170 0.115994 0.117889 0.129024
27 0.321811 0.497310 0.039296 0.043008
41 0.748568 0.497541 0.189932 0.207872
41 0.586623 0.130855 0.189932 0.207872
232 0.199636 0.156077 0.117889 0.129024
250 0.406860 0.807031 0.157185 0.172032
233 0.262376 0.106278 0.117889 0.129024
28 0.071686 0.174864 0.117889 0.129024
250 0.636275 0.802880 0.157185 0.172032
27 0.381522 0.324951 0.039296 0.043008
