232 0.676624 0.841200 0.117889 0.129024
88 0.849027 0.326570 0.039296 0.043008
84 0.903456 0.476854 0.039296 0.043008
88 0.904879 0.337093 0.039296 0.043008
233 0.732904 0.589445 0.117889 0.129024
233 0.570116 0.433526 0.117889 0.129024
250 0.124348 0.363991 0.157185 0.172032
58 0.791292 0.013863 0.189932 0.207872
61 0.921671 0.051023 0.117889 0.129024
88 0.878630 0.308622 0.039296 0.043008
232 0.677582 0.740247 0.117889 0.129024
233 0.514151 0.379923 0.117889 0.129024
233 0.730993 0.789838 0.117889 0.129024
84 0.977041 0.434021 0.039296 0.043008
232 0.679500 0.538295 0.117889 0.129024
88 0.866674 0.357830 0.039296 0.043008
84 0.864514 0.441888 0.039296 0.043008
232 0.678541 0.639278 0.117889 0.129024
88 0.889613 0.378240 0.039296 0.043008
250 0.369054 0.373992 0.157185 0.172032
