28 0.163662 0.639625 0.117889 0.129024
27 0.264321 0.118589 0.039296 0.043008
27 0.138306 0.495802 0.039296 0.043008
27 0.571891 0.648828 0.039296 0.043008
27 0.870855 0.394249 0.039296 0.043008
7 0.383935 0.081531 0.189932 0.207872
41 0.721850 0.464530 0.189932 0.207872
27 0.187616 0.437039 0.039296 0.043008
233 0.038696 0.220872 0.117889 0.129024
250 0.608698 0.770565 0.157185 0.172032
27 0.125752 0.391169 0.039296 0.043008
27 0.311072 0.475162 0.039296 0.043008
27 0.185760 0.522648 0.039296 0.043008
232 0.168476 0.118996 0.117889 0.129024
27 0.223748 0.260788 0.039296 0.043008
21 0.499177 0.406234 0.288173 0.315392
27 0.237482 0.178912 0.039296 0.043008
39 0.833038 0.017634 0.189932 0.207872
27 0.235026 0.478287 0.039296 0.043008
28 0.698248 0.081351 0.117889 0.129024
27 0.226365 0.433215 0.039296 0.043008
233 0.036182 0.499594 0.117889 0.129024
27 0.227315 0.170120 0.039296 0.043008
3 0.377448 0.773684 0.176834 0.193536
232 0.101649 0.445923 0.117889 0.129024
28 0.585714 0.227362 0.117889 0.129024
27 0.123611 0.496303 0.039296 0.043008
27 0.266390 0.396402 0.039296 0.043008
232 0.100647 0.556448 0.117889 0.129024
31 0.831597 0.167701 0.189932 0.207872
250 0.377448 0.773684 0.157185 0.172032
27 0.411441 0.670140 0.039296 0.043008
27 0.442246 0.576202 0.039296 0.043008
27 0.266726 0.331982 0.039296 0.043008
3 0.608698 0.770565 0.176834 0.193536
27 0.189105 0.307539 0.039296 0.043008
232 0.103152 0.280101 0.117889 0.129024
41 0.558615 0.095585 0.189932 0.207872
233 0.231736 0.069296 0.117889 0.129024
28 0.039450 0.137233 0.117889 0.129024
27 0.229517 0.357674 0.039296 0.043008
27 0.561060 0.613200 0.039296 0.043008
233 0.037187 0.388119 0.117889 0.129024
27 0.316805 0.247835 0.039296 0.043008
