27 0.118322 0.299062 0.039296 0.043008
27 0.076634 0.398595 0.039296 0.043008
27 0.102740 0.453814 0.039296 0.043008
233 0.186617 0.762579 0.117889 0.129024
252 0.433677 0.053568 0.117889 0.129024
27 0.171829 0.661488 0.039296 0.043008
28 0.428928 0.576780 0.117889 0.129024
232 0.248608 0.708172 0.117889 0.129024
27 0.118290 0.574568 0.039296 0.043008
250 0.224324 0.008796 0.157185 0.172032
27 0.833655 0.082435 0.039296 0.043008
21 0.282115 0.388025 0.288173 0.315392
27 0.257618 0.623768 0.039296 0.043008
