27 0.240347 0.267237 0.039296 0.043008
27 0.200224 0.280371 0.039296 0.043008
250 0.693324 0.175799 0.157185 0.172032
27 0.416690 0.374316 0.039296 0.043008
232 0.438530 0.419090 0.117889 0.129024
232 0.136086 0.408538 0.117889 0.129024
27 0.624420 0.251855 0.039296 0.043008
21 0.294237 0.094941 0.288173 0.315392
27 0.100398 0.232355 0.039296 0.043008
232 0.609206 0.374038 0.117889 0.129024
27 0.336647 0.421625 0.039296 0.043008
233 0.379542 0.469749 0.117889 0.129024
27 0.121066 0.173755 0.039296 0.043008
26 0.321751 0.282277 0.117889 0.129024
27 0.005332 0.300382 0.039296 0.043008
27 0.425152 0.361304 0.039296 0.043008
27 0.113795 0.260588 0.039296 0.043008
32 0.790113 0.039580 0.052395 0.057344
27 0.223755 0.419151 0.039296 0.043008
28 0.007685 0.431707 0.117889 0.129024
28 0.499852 0.032359 0.117889 0.129024
233 0.198086 0.464687 0.117889 0.129024
27 0.428465 0.375464 0.039296 0.043008
28 0.772393 0.306162 0.117889 0.129024
27 0.239720 0.286571 0.039296 0.043008
27 0.426245 0.211920 0.039296 0.043008
233 0.664663 0.325731 0.117889 0.129024
