91 0.915645 0.231821 0.091691 0.100352
88 0.025039 0.190905 0.039296 0.043008
88 0.143231 0.264423 0.039296 0.043008
235 0.019268 0.113782 0.117889 0.129024
88 0.023757 0.162443 0.039296 0.043008
88 0.186871 0.180109 0.039296 0.043008
78 0.048703 0.446450 0.288173 0.315392
74 0.422069 0.657339 0.039296 0.043008
85 0.240877 0.076290 0.176834 0.193536
48 0.419951 0.143063 0.189932 0.207872
74 0.464593 0.641069 0.039296 0.043008
253 0.385862 0.640551 0.117889 0.129024
255 0.240877 0.076290 0.157185 0.172032
