44 0.478415 0.489101 0.052395 0.057344
168 0.525457 0.416374 0.117889 0.129024
164 0.063466 0.087280 0.052395 0.057344
142 0.319449 0.329630 0.013099 0.014336
164 0.091634 0.186269 0.052395 0.057344
164 0.088133 0.135310 0.052395 0.057344
164 0.146887 0.139341 0.052395 0.057344
164 0.146921 0.088870 0.052395 0.057344
164 0.102944 0.052128 0.052395 0.057344
44 0.153435 0.030295 0.052395 0.057344
142 0.343920 0.308344 0.013099 0.014336
130 0.325764 0.172870 0.288173 0.315392
142 0.298267 0.340774 0.013099 0.014336
44 0.534665 0.496192 0.052395 0.057344
