119 0.387330 0.552811 0.013099 0.014336
142 0.359219 0.559730 0.013099 0.014336
251 0.674528 0.250922 0.117889 0.129024
179 0.676299 0.505506 0.039296 0.043008
179 0.644178 0.392243 0.039296 0.043008
250 0.174520 0.789328 0.157185 0.172032
233 0.021453 0.128880 0.117889 0.129024
179 0.656882 0.430411 0.039296 0.043008
233 0.334082 0.044852 0.117889 0.129024
119 0.318077 0.565245 0.013099 0.014336
122 0.749324 0.880480 0.104790 0.114688
124 0.388221 0.146962 0.039296 0.043008
119 0.363055 0.555165 0.013099 0.014336
159 0.589544 0.929909 0.091691 0.100352
124 0.082717 0.181001 0.039296 0.043008
124 0.310953 0.091493 0.039296 0.043008
124 0.262499 0.200275 0.039296 0.043008
159 0.536240 0.853111 0.091691 0.100352
179 0.666095 0.470955 0.039296 0.043008
232 0.392925 0.102523 0.117889 0.129024
124 0.043671 0.319129 0.039296 0.043008
141 0.360409 0.417056 0.288173 0.315392
119 0.278386 0.536889 0.013099 0.014336
124 0.041505 0.230409 0.039296 0.043008
232 0.212021 0.088426 0.117889 0.129024
