74 0.363904 0.054738 0.039296 0.043008
74 0.416880 0.039366 0.039296 0.043008
74 0.490158 0.015709 0.039296 0.043008
73 0.534782 0.183602 0.058945 0.064512
74 0.451406 0.024669 0.039296 0.043008
73 0.422410 0.194685 0.058945 0.064512
74 0.528258 0.012289 0.039296 0.043008
74 0.401151 0.071045 0.039296 0.043008
73 0.596569 0.193407 0.058945 0.064512
74 0.161831 0.122012 0.039296 0.043008
74 0.203471 0.118027 0.039296 0.043008
74 0.340198 0.120810 0.039296 0.043008
73 0.358533 0.179507 0.058945 0.064512
74 0.358629 0.089995 0.039296 0.043008
