233 0.319768 0.079750 0.117889 0.129024
119 0.376917 0.599632 0.013099 0.014336
124 0.098177 0.416069 0.039296 0.043008
232 0.379496 0.137888 0.117889 0.129024
124 0.041271 0.364258 0.039296 0.043008
124 0.305943 0.203889 0.039296 0.043008
124 0.153131 0.450790 0.039296 0.043008
250 0.583264 0.100919 0.157185 0.172032
130 0.348724 0.458891 0.288173 0.315392
124 0.374729 0.183763 0.039296 0.043008
124 0.296574 0.124626 0.039296 0.043008
124 0.064618 0.219051 0.039296 0.043008
142 0.383904 0.612732 0.013099 0.014336
124 0.077320 0.229780 0.039296 0.043008
124 0.023504 0.269741 0.039296 0.043008
124 0.115148 0.322792 0.039296 0.043008
124 0.017789 0.266450 0.039296 0.043008
232 0.195814 0.124465 0.117889 0.129024
124 0.217612 0.172245 0.039296 0.043008
233 0.002338 0.166516 0.117889 0.129024
124 0.275252 0.299500 0.039296 0.043008
124 0.030706 0.361065 0.039296 0.043008
124 0.023288 0.446870 0.039296 0.043008
