78 0.672132 0.225096 0.288173 0.315392
88 0.509598 0.279409 0.039296 0.043008
96 0.168208 0.494595 0.130988 0.143360
96 0.291602 0.605414 0.130988 0.143360
88 0.375408 0.025809 0.039296 0.043008
96 0.166211 0.713670 0.130988 0.143360
74 0.871878 0.222069 0.039296 0.043008
88 0.764548 0.070929 0.039296 0.043008
255 0.262939 0.361463 0.157185 0.172032
58 0.985817 0.440684 0.189932 0.207872
88 0.694471 0.000447 0.039296 0.043008
88 0.375905 0.323731 0.039296 0.043008
85 0.262939 0.361463 0.176834 0.193536
88 0.368046 0.035688 0.039296 0.043008
96 0.290496 0.713027 0.130988 0.143360
96 0.292380 0.497456 0.130988 0.143360
57 0.556332 0.633621 0.189932 0.207872
74 0.994914 0.157092 0.039296 0.043008
96 0.167210 0.604141 0.130988 0.143360
74 0.893735 0.190011 0.039296 0.043008
76 0.108377 0.050883 0.117889 0.129024
88 0.354524 0.664917 0.039296 0.043008
88 0.521034 0.029672 0.039296 0.043008
88 0.372977 0.032596 0.039296 0.043008
88 0.529126 0.135812 0.039296 0.043008
45 0.887146 0.089857 0.189932 0.207872
74 0.923635 0.210131 0.039296 0.043008
48 0.669711 0.480873 0.189932 0.207872
