255 0.936686 0.162083 0.157185 0.172032
85 0.936686 0.162083 0.176834 0.193536
235 0.907726 0.506139 0.117889 0.129024
235 0.909637 0.308446 0.117889 0.129024
237 0.959204 0.458326 0.117889 0.129024
235 0.526974 0.601264 0.117889 0.129024
79 0.711134 0.442064 0.261976 0.286720
62 0.195265 0.815987 0.189932 0.207872
255 0.320154 0.652818 0.157185 0.172032
58 0.072878 0.263662 0.189932 0.207872
61 0.231296 0.299365 0.117889 0.129024
95 0.036071 0.735540 0.117889 0.129024
85 0.320154 0.652818 0.176834 0.193536
237 0.748496 0.653931 0.117889 0.129024
88 0.150203 0.168252 0.039296 0.043008
237 0.583171 0.653423 0.117889 0.129024
235 0.802386 0.603920 0.117889 0.129024
52 0.421639 0.640278 0.130988 0.143360
237 0.960156 0.360219 0.117889 0.129024
