233 0.046280 0.461848 0.117889 0.129024
233 0.475624 0.161638 0.117889 0.129024
232 0.532217 0.217277 0.117889 0.129024
179 0.988050 0.062453 0.039296 0.043008
232 0.358242 0.206234 0.117889 0.129024
130 0.500846 0.526173 0.288173 0.315392
164 0.715628 0.902763 0.052395 0.057344
124 0.227618 0.444179 0.039296 0.043008
124 0.539070 0.261264 0.039296 0.043008
179 0.940499 0.020407 0.039296 0.043008
159 0.635414 0.648893 0.091691 0.100352
124 0.470673 0.338168 0.039296 0.043008
251 0.803327 0.358576 0.117889 0.129024
124 0.188948 0.344770 0.039296 0.043008
119 0.498712 0.658839 0.013099 0.014336
142 0.510197 0.675005 0.013099 0.014336
142 0.416109 0.663031 0.013099 0.014336
119 0.532377 0.658912 0.013099 0.014336
232 0.109753 0.518205 0.117889 0.129024
179 0.975066 0.018808 0.039296 0.043008
152 0.630545 0.811066 0.104790 0.114688
124 0.133335 0.470693 0.039296 0.043008
124 0.343151 0.434444 0.039296 0.043008
124 0.196673 0.435011 0.039296 0.043008
124 0.137227 0.470824 0.039296 0.043008
124 0.233977 0.298921 0.039296 0.043008
127 0.076414 0.681962 0.176834 0.193536
250 0.076414 0.681962 0.157185 0.172032
124 0.453639 0.205725 0.039296 0.043008
250 0.321998 0.893714 0.157185 0.172032
124 0.516639 0.371589 0.039296 0.043008
124 0.381678 0.258691 0.039296 0.043008
233 0.111734 0.299841 0.117889 0.129024
233 0.175135 0.248788 0.117889 0.129024
124 0.365032 0.410478 0.039296 0.043008
232 0.110744 0.409032 0.117889 0.129024
