97 0.304254 0.523778 0.130988 0.143360
53 0.456183 0.236858 0.189932 0.207872
96 0.424121 0.526214 0.130988 0.143360
88 0.180694 0.466212 0.039296 0.043008
88 0.060403 0.518556 0.039296 0.043008
96 0.422644 0.684953 0.130988 0.143360
85 0.272428 0.658167 0.176834 0.193536
88 0.683679 0.341434 0.039296 0.043008
88 0.028725 0.554061 0.039296 0.043008
51 0.541156 0.424410 0.117889 0.129024
50 0.308214 0.093328 0.117889 0.129024
48 0.395752 0.392765 0.189932 0.207872
255 0.272428 0.658167 0.157185 0.172032
235 0.051547 0.602066 0.117889 0.129024
58 0.946515 0.315591 0.189932 0.207872
96 0.307222 0.200965 0.130988 0.143360
88 0.512613 0.554347 0.039296 0.043008
48 0.153010 0.053667 0.189932 0.207872
78 0.086982 0.270053 0.288173 0.315392
