232 0.322005 0.262482 0.117889 0.129024
130 0.698301 0.285281 0.288173 0.315392
124 0.532515 0.339542 0.039296 0.043008
124 0.404375 0.183200 0.039296 0.043008
124 0.403136 0.266727 0.039296 0.043008
124 0.344588 0.216516 0.039296 0.043008
142 0.689746 0.427255 0.013099 0.014336
232 0.322996 0.155079 0.117889 0.129024
119 0.751860 0.431970 0.013099 0.014336
124 0.524346 0.174459 0.039296 0.043008
250 0.290063 0.422521 0.157185 0.172032
152 0.213568 0.892727 0.104790 0.114688
233 0.323988 0.047660 0.117889 0.129024
124 0.461744 0.237162 0.039296 0.043008
124 0.790064 0.137819 0.039296 0.043008
233 0.261344 0.204934 0.117889 0.129024
124 0.440859 0.050702 0.039296 0.043008
127 0.290063 0.422521 0.176834 0.193536
124 0.404650 0.183297 0.039296 0.043008
124 0.527677 0.273525 0.039296 0.043008
159 0.694705 0.455362 0.091691 0.100352
124 0.719264 0.051890 0.039296 0.043008
167 0.526429 0.482738 0.189932 0.207872
124 0.850476 0.044059 0.039296 0.043008
124 0.579891 0.010341 0.039296 0.043008
124 0.673466 0.133206 0.039296 0.043008
142 0.686840 0.417681 0.013099 0.014336
124 0.398133 0.094605 0.039296 0.043008
124 0.565682 0.164374 0.039296 0.043008
124 0.400737 0.384512 0.039296 0.043008
142 0.637703 0.412373 0.013099 0.014336
124 0.722014 0.023791 0.039296 0.043008
124 0.631459 0.131363 0.039296 0.043008
