233 0.456406 0.841605 0.117889 0.129024
164 0.100558 0.188710 0.052395 0.057344
44 0.612083 0.093283 0.052395 0.057344
179 0.414514 0.219630 0.039296 0.043008
164 0.091656 0.282991 0.052395 0.057344
232 0.458328 0.635669 0.117889 0.129024
233 0.514515 0.687061 0.117889 0.129024
2 0.805790 0.093075 0.104790 0.114688
32 0.661245 0.076458 0.052395 0.057344
250 0.488211 0.481933 0.157185 0.172032
164 0.055711 0.218827 0.052395 0.057344
34 0.574665 0.190678 0.065494 0.071680
179 0.514208 0.213577 0.039296 0.043008
232 0.457367 0.738645 0.117889 0.129024
164 0.173253 0.108495 0.052395 0.057344
164 0.138694 0.255122 0.052395 0.057344
164 0.193014 0.160270 0.052395 0.057344
32 0.681816 0.116764 0.052395 0.057344
164 0.135044 0.157508 0.052395 0.057344
164 0.154253 0.207443 0.052395 0.057344
164 0.071018 0.142904 0.052395 0.057344
44 0.680567 0.157342 0.052395 0.057344
44 0.628445 0.134801 0.052395 0.057344
34 0.589182 0.040647 0.065494 0.071680
164 0.034906 0.264818 0.052395 0.057344
2 0.536833 0.116528 0.104790 0.114688
179 0.445522 0.148092 0.039296 0.043008
164 0.219074 0.206333 0.052395 0.057344
164 0.025944 0.173903 0.052395 0.057344
44 0.631617 0.182124 0.052395 0.057344
34 0.662973 0.031737 0.065494 0.071680
