39 0.223871 0.899962 0.189932 0.207872
27 0.312232 0.185177 0.039296 0.043008
164 0.498489 0.147824 0.052395 0.057344
164 0.551124 0.159079 0.052395 0.057344
27 0.454376 0.297104 0.039296 0.043008
164 0.375401 0.175059 0.052395 0.057344
164 0.254713 0.168103 0.052395 0.057344
232 0.699914 0.049052 0.117889 0.129024
164 0.454041 0.205882 0.052395 0.057344
164 0.397894 0.213127 0.052395 0.057344
164 0.321712 0.177123 0.052395 0.057344
232 0.698955 0.149885 0.117889 0.129024
27 0.377076 0.310891 0.039296 0.043008
28 0.855736 0.334130 0.117889 0.129024
164 0.275717 0.216228 0.052395 0.057344
27 0.379138 0.343713 0.039296 0.043008
164 0.488535 0.103545 0.052395 0.057344
233 0.753032 0.103830 0.117889 0.129024
164 0.382353 0.259490 0.052395 0.057344
164 0.534376 0.085265 0.052395 0.057344
233 0.356531 0.388673 0.117889 0.129024
233 0.643020 0.298178 0.117889 0.129024
233 0.697966 0.250671 0.117889 0.129024
164 0.490540 0.259959 0.052395 0.057344
164 0.505638 0.196453 0.052395 0.057344
164 0.444497 0.142090 0.052395 0.057344
232 0.297131 0.333085 0.117889 0.129024
27 0.302018 0.287333 0.039296 0.043008
164 0.422711 0.168190 0.052395 0.057344
232 0.473947 0.341215 0.117889 0.129024
164 0.350051 0.221538 0.052395 0.057344
164 0.435887 0.251176 0.052395 0.057344
21 0.330101 0.016055 0.288173 0.315392
164 0.312321 0.256468 0.052395 0.057344
