27 0.140256 0.165374 0.039296 0.043008
232 0.438530 0.419090 0.117889 0.129024
27 0.223787 0.418889 0.039296 0.043008
27 0.240687 0.270914 0.039296 0.043008
27 0.005220 0.300431 0.039296 0.043008
233 0.664663 0.325731 0.117889 0.129024
27 0.603978 0.282303 0.039296 0.043008
232 0.136086 0.408538 0.117889 0.129024
250 0.693324 0.175799 0.157185 0.172032
232 0.609206 0.374038 0.117889 0.129024
32 0.790113 0.039580 0.052395 0.057344
27 0.428338 0.375305 0.039296 0.043008
233 0.379542 0.469749 0.117889 0.129024
28 0.499852 0.032359 0.117889 0.129024
27 0.336361 0.422585 0.039296 0.043008
27 0.556273 0.327092 0.039296 0.043008
27 0.224017 0.416783 0.039296 0.043008
28 0.772393 0.306162 0.117889 0.129024
28 0.007685 0.431707 0.117889 0.129024
21 0.294237 0.094941 0.288173 0.315392
26 0.321751 0.282277 0.117889 0.129024
233 0.198086 0.464687 0.117889 0.129024
27 0.596222 0.283024 0.039296 0.043008
27 0.407946 0.287897 0.039296 0.043008
27 0.075601 0.250202 0.039296 0.043008
27 0.158399 0.364377 0.039296 0.043008
