142 0.205719 0.404484 0.013099 0.014336
119 0.198291 0.399815 0.013099 0.014336
119 0.081063 0.377799 0.013099 0.014336
119 0.184245 0.421708 0.013099 0.014336
141 0.175531 0.251072 0.288173 0.315392
251 0.505304 0.088091 0.117889 0.129024
124 0.044033 0.505560 0.039296 0.043008
119 0.172767 0.392152 0.013099 0.014336
124 0.198142 0.036508 0.039296 0.043008
122 0.583960 0.734760 0.104790 0.114688
159 0.263438 0.428754 0.091691 0.100352
124 0.065551 0.463574 0.039296 0.043008
119 0.149420 0.410804 0.013099 0.014336
