27 0.540795 0.943911 0.039296 0.043008
233 0.034965 0.634558 0.117889 0.129024
27 0.258993 0.518782 0.039296 0.043008
27 0.224283 0.574252 0.039296 0.043008
27 0.275746 0.616171 0.039296 0.043008
27 0.196204 0.922586 0.039296 0.043008
39 0.829473 0.388833 0.189932 0.207872
27 0.183914 0.842488 0.039296 0.043008
41 0.554987 0.481458 0.189932 0.207872
27 0.340115 0.721442 0.039296 0.043008
27 0.260823 0.520600 0.039296 0.043008
28 0.582093 0.611636 0.117889 0.129024
233 0.228040 0.472782 0.117889 0.129024
41 0.718261 0.841230 0.189932 0.207872
232 0.097931 0.855983 0.117889 0.129024
27 0.121521 0.905012 0.039296 0.043008
27 0.182590 0.896763 0.039296 0.043008
41 0.668546 0.331092 0.189932 0.207872
233 0.032453 0.913109 0.117889 0.129024
27 0.120313 0.639317 0.039296 0.043008
27 0.155863 0.900493 0.039296 0.043008
28 0.694652 0.459731 0.117889 0.129024
232 0.096930 0.966441 0.117889 0.129024
232 0.164769 0.525826 0.117889 0.129024
27 0.187148 0.713494 0.039296 0.043008
7 0.380269 0.476816 0.189932 0.207872
27 0.122038 0.799994 0.039296 0.043008
27 0.185403 0.713049 0.039296 0.043008
27 0.438527 0.967532 0.039296 0.043008
233 0.033458 0.801702 0.117889 0.129024
27 0.866310 0.480686 0.039296 0.043008
27 0.388611 0.671605 0.039296 0.043008
41 0.499261 0.322850 0.189932 0.207872
27 0.253802 0.598272 0.039296 0.043008
27 0.298112 0.797169 0.039296 0.043008
232 0.099434 0.690263 0.117889 0.129024
21 0.495538 0.795012 0.288173 0.315392
