27 0.228934 0.701333 0.039296 0.043008
28 0.373632 0.127348 0.117889 0.129024
7 0.028960 0.129691 0.189932 0.207872
3 0.276075 0.849219 0.176834 0.193536
28 0.250498 0.280949 0.117889 0.129024
250 0.022352 0.855167 0.157185 0.172032
21 0.155697 0.468963 0.288173 0.315392
41 0.399727 0.527895 0.189932 0.207872
3 0.022352 0.855167 0.176834 0.193536
27 0.716708 0.441129 0.039296 0.043008
41 0.220699 0.143205 0.189932 0.207872
27 0.231736 0.709964 0.039296 0.043008
27 0.019959 0.357490 0.039296 0.043008
250 0.276075 0.849219 0.157185 0.172032
27 0.094946 0.642938 0.039296 0.043008
