233 0.932483 0.358446 0.117889 0.129024
27 0.558043 0.077342 0.039296 0.043008
250 0.584130 0.700471 0.157185 0.172032
233 0.780416 0.052232 0.117889 0.129024
250 0.905196 0.552752 0.157185 0.172032
21 0.531437 0.339772 0.288173 0.315392
232 0.832353 0.106396 0.117889 0.129024
34 0.164435 0.220999 0.065494 0.071680
27 0.765584 0.385083 0.039296 0.043008
232 0.562423 0.032581 0.117889 0.129024
252 0.383726 0.674900 0.117889 0.129024
233 0.933426 0.261017 0.117889 0.129024
232 0.883034 0.208834 0.117889 0.129024
232 0.881024 0.405035 0.117889 0.129024
27 0.775875 0.221250 0.039296 0.043008
