50 0.331735 0.730266 0.117889 0.129024
96 0.330745 0.837375 0.130988 0.143360
74 0.743065 0.178839 0.039296 0.043008
53 0.478588 0.860353 0.189932 0.207872
74 0.797195 0.154671 0.039296 0.043008
74 0.567223 0.454265 0.039296 0.043008
74 0.739335 0.143863 0.039296 0.043008
48 0.177724 0.704089 0.189932 0.207872
58 0.965427 0.896812 0.189932 0.207872
88 0.907590 0.954221 0.039296 0.043008
74 0.528132 0.955176 0.039296 0.043008
74 0.743002 0.214425 0.039296 0.043008
78 0.112201 0.924856 0.288173 0.315392
88 0.789273 0.056227 0.039296 0.043008
74 0.533256 0.432209 0.039296 0.043008
