124 0.167639 0.775598 0.039296 0.043008
124 0.307099 0.504824 0.039296 0.043008
124 0.170970 0.676391 0.039296 0.043008
179 0.662398 0.860825 0.039296 0.043008
166 0.051923 0.335140 0.189932 0.207872
179 0.653182 0.820834 0.039296 0.043008
179 0.640474 0.783410 0.039296 0.043008
124 0.230329 0.551271 0.039296 0.043008
124 0.381226 0.585701 0.039296 0.043008
233 0.017619 0.554728 0.117889 0.129024
233 0.330308 0.453531 0.117889 0.129024
130 0.356643 0.823865 0.288173 0.315392
232 0.389163 0.507889 0.117889 0.129024
251 0.670830 0.640569 0.117889 0.129024
232 0.208222 0.503797 0.117889 0.129024
124 0.044044 0.658463 0.039296 0.043008
