124 0.322273 0.291507 0.039296 0.043008
142 0.491204 0.410751 0.013099 0.014336
159 0.672421 0.692092 0.091691 0.100352
233 0.048830 0.179252 0.117889 0.129024
179 0.788722 0.279660 0.039296 0.043008
124 0.189997 0.093546 0.039296 0.043008
251 0.805770 0.103769 0.117889 0.129024
122 0.877680 0.723664 0.104790 0.114688
179 0.797587 0.319668 0.039296 0.043008
141 0.503335 0.260355 0.288173 0.315392
142 0.475040 0.402367 0.013099 0.014336
124 0.518183 0.106087 0.039296 0.043008
142 0.435583 0.428313 0.013099 0.014336
179 0.807409 0.353812 0.039296 0.043008
124 0.210683 0.279414 0.039296 0.043008
232 0.112296 0.237987 0.117889 0.129024
124 0.197861 0.157470 0.039296 0.043008
124 0.337082 0.171534 0.039296 0.043008
124 0.409229 0.045656 0.039296 0.043008
142 0.581919 0.389019 0.013099 0.014336
232 0.113287 0.128769 0.117889 0.129024
159 0.723728 0.768668 0.091691 0.100352
250 0.324510 0.621588 0.157185 0.172032
233 0.114278 0.019533 0.117889 0.129024
179 0.776493 0.241916 0.039296 0.043008
119 0.535199 0.431944 0.013099 0.014336
124 0.132515 0.189669 0.039296 0.043008
124 0.358484 0.131584 0.039296 0.043008
250 0.078960 0.400640 0.157185 0.172032
124 0.479549 0.109200 0.039296 0.043008
