167 0.057396 0.732021 0.189932 0.207872
250 0.492251 0.151667 0.157185 0.172032
124 0.399553 0.290265 0.039296 0.043008
127 0.492251 0.151667 0.176834 0.193536
130 0.251668 0.515970 0.288173 0.315392
124 0.383353 0.314230 0.039296 0.043008
142 0.309124 0.671585 0.013099 0.014336
124 0.028208 0.592043 0.039296 0.043008
159 0.382112 0.647506 0.091691 0.100352
232 0.094647 0.178311 0.117889 0.129024
233 0.221902 0.132117 0.117889 0.129024
142 0.260942 0.699396 0.013099 0.014336
142 0.192346 0.652562 0.013099 0.014336
124 0.117514 0.227589 0.039296 0.043008
124 0.020579 0.297130 0.039296 0.043008
142 0.223592 0.652654 0.013099 0.014336
124 0.198020 0.183314 0.039296 0.043008
124 0.278343 0.237291 0.039296 0.043008
124 0.117698 0.227990 0.039296 0.043008
124 0.199979 0.224244 0.039296 0.043008
171 0.028020 0.369584 0.091691 0.100352
232 0.283215 0.190577 0.117889 0.129024
124 0.278043 0.240638 0.039296 0.043008
124 0.058599 0.509350 0.039296 0.043008
