233 0.456406 0.841605 0.117889 0.129024
164 0.462905 0.262797 0.052395 0.057344
233 0.514515 0.687061 0.117889 0.129024
164 0.396748 0.131060 0.052395 0.057344
232 0.457367 0.738645 0.117889 0.129024
164 0.432529 0.221206 0.052395 0.057344
179 0.669637 0.160148 0.039296 0.043008
164 0.379509 0.229277 0.052395 0.057344
164 0.415012 0.043903 0.052395 0.057344
2 0.791615 0.137912 0.104790 0.114688
34 0.825337 0.206513 0.065494 0.071680
44 0.866301 0.113798 0.052395 0.057344
232 0.458328 0.635669 0.117889 0.129024
164 0.354739 0.271731 0.052395 0.057344
250 0.488211 0.481933 0.157185 0.172032
164 0.342552 0.119245 0.052395 0.057344
164 0.426950 0.173466 0.052395 0.057344
179 0.707221 0.203044 0.039296 0.043008
164 0.447452 0.097424 0.052395 0.057344
164 0.303678 0.153294 0.052395 0.057344
44 0.886144 0.152158 0.052395 0.057344
164 0.340621 0.192430 0.052395 0.057344
164 0.315242 0.234946 0.052395 0.057344
164 0.331233 0.025292 0.052395 0.057344
44 0.881493 0.189886 0.052395 0.057344
32 0.923816 0.121323 0.052395 0.057344
164 0.409963 0.271088 0.052395 0.057344
179 0.685272 0.123871 0.039296 0.043008
164 0.271269 0.192087 0.052395 0.057344
34 0.925284 0.078195 0.065494 0.071680
