161 0.355704 0.274996 0.078593 0.086016
22 0.560409 0.318013 0.052395 0.057344
232 0.819902 0.496407 0.117889 0.129024
44 0.342710 0.342955 0.052395 0.057344
251 0.376875 0.353105 0.117889 0.129024
41 0.056418 0.728125 0.189932 0.207872
161 0.424121 0.346664 0.078593 0.086016
161 0.440064 0.133141 0.078593 0.086016
232 0.659794 0.492275 0.117889 0.129024
7 0.305887 0.941129 0.189932 0.207872
233 0.713504 0.543927 0.117889 0.129024
21 0.689835 0.190182 0.288173 0.315392
164 0.511308 0.195751 0.052395 0.057344
44 0.430042 0.412072 0.052395 0.057344
164 0.538401 0.024525 0.052395 0.057344
