232 0.855813 0.418339 0.117889 0.129024
233 0.800763 0.667247 0.117889 0.129024
27 0.513835 0.586617 0.039296 0.043008
232 0.692579 0.718082 0.117889 0.129024
27 0.603012 0.725652 0.039296 0.043008
27 0.520847 0.674927 0.039296 0.043008
27 0.750127 0.623252 0.039296 0.043008
233 0.853864 0.617511 0.117889 0.129024
27 0.784469 0.415947 0.039296 0.043008
27 0.742073 0.482185 0.039296 0.043008
27 0.619826 0.510173 0.039296 0.043008
27 0.735708 0.546802 0.039296 0.043008
233 0.907123 0.469672 0.117889 0.129024
27 0.835923 0.461329 0.039296 0.043008
232 0.854854 0.517948 0.117889 0.129024
27 0.712998 0.413370 0.039296 0.043008
27 0.665449 0.674421 0.039296 0.043008
27 0.796798 0.456904 0.039296 0.043008
27 0.582812 0.540681 0.039296 0.043008
27 0.783671 0.495251 0.039296 0.043008
21 0.498786 0.405018 0.288173 0.315392
250 0.317676 0.774056 0.157185 0.172032
232 0.524592 0.719121 0.117889 0.129024
27 0.565119 0.585697 0.039296 0.043008
250 0.883256 0.270434 0.157185 0.172032
3 0.317676 0.774056 0.176834 0.193536
27 0.788357 0.578301 0.039296 0.043008
233 0.580985 0.770520 0.117889 0.129024
