26 0.313832 0.402753 0.117889 0.129024
44 0.586135 0.590522 0.052395 0.057344
161 0.570307 0.490095 0.078593 0.086016
39 0.948815 0.794242 0.189932 0.207872
251 0.746501 0.142727 0.117889 0.129024
28 0.817803 0.971550 0.117889 0.129024
161 0.683799 0.474971 0.078593 0.086016
7 0.686086 0.696917 0.189932 0.207872
164 0.630980 0.566304 0.052395 0.057344
41 0.629044 0.902759 0.189932 0.207872
44 0.636937 0.513823 0.052395 0.057344
28 0.371147 0.724677 0.117889 0.129024
14 0.458047 0.908258 0.189932 0.207872
41 0.278603 0.914028 0.189932 0.207872
41 0.461979 0.487194 0.189932 0.207872
44 0.663815 0.394732 0.052395 0.057344
