164 0.107271 0.262763 0.052395 0.057344
164 0.202229 0.164328 0.052395 0.057344
164 0.066633 0.125276 0.052395 0.057344
164 0.311165 0.140138 0.052395 0.057344
164 0.219691 0.268697 0.052395 0.057344
232 0.642507 0.348736 0.117889 0.129024
127 0.671199 0.198114 0.176834 0.193536
250 0.671199 0.198114 0.157185 0.172032
233 0.696017 0.452029 0.117889 0.129024
232 0.412507 0.705104 0.117889 0.129024
164 0.094256 0.172583 0.052395 0.057344
164 0.163819 0.280392 0.052395 0.057344
164 0.071893 0.219538 0.052395 0.057344
164 0.365393 0.127080 0.052395 0.057344
164 0.016718 0.195335 0.052395 0.057344
233 0.584293 0.653230 0.117889 0.129024
164 0.420702 0.113372 0.052395 0.057344
232 0.641065 0.501083 0.117889 0.129024
164 0.479421 0.045600 0.052395 0.057344
164 0.000216 0.091439 0.052395 0.057344
164 0.044618 0.264287 0.052395 0.057344
250 0.389409 0.021049 0.157185 0.172032
233 0.352985 0.758064 0.117889 0.129024
164 0.471810 0.092783 0.052395 0.057344
232 0.642026 0.399522 0.117889 0.129024
164 0.066509 0.074775 0.052395 0.057344
233 0.640103 0.602628 0.117889 0.129024
164 0.149875 0.183889 0.052395 0.057344
164 0.257058 0.151974 0.052395 0.057344
164 0.011447 0.143287 0.052395 0.057344
