130 0.892678 0.947611 0.288173 0.315392
168 0.596362 0.985246 0.117889 0.129024
27 0.031164 0.243670 0.039296 0.043008
252 0.796582 0.050851 0.117889 0.129024
179 0.870286 0.706872 0.039296 0.043008
26 0.185704 0.402275 0.117889 0.129024
26 0.372212 0.196009 0.117889 0.129024
179 0.899327 0.658561 0.039296 0.043008
26 0.370776 0.302252 0.117889 0.129024
26 0.249075 0.296090 0.117889 0.129024
179 0.845101 0.734794 0.039296 0.043008
250 0.975562 0.091208 0.157185 0.172032
28 0.125050 0.068907 0.117889 0.129024
179 0.919879 0.612545 0.039296 0.043008
