235 0.903868 0.511719 0.117889 0.129024
255 0.497094 0.760958 0.157185 0.172032
237 0.906819 0.218430 0.117889 0.129024
253 0.291015 0.843527 0.117889 0.129024
255 0.718564 0.758312 0.157185 0.172032
52 0.655232 0.692010 0.130988 0.143360
235 0.851167 0.658252 0.117889 0.129024
235 0.856026 0.165718 0.117889 0.129024
60 0.697675 0.128700 0.117889 0.129024
58 0.560169 0.092348 0.189932 0.207872
52 0.797440 0.690460 0.130988 0.143360
235 0.905757 0.316129 0.117889 0.129024
52 0.508263 0.668427 0.130988 0.143360
