94 0.942544 0.223768 0.117889 0.129024
96 0.329090 0.505006 0.130988 0.143360
57 0.704255 0.335387 0.189932 0.207872
48 0.175896 0.364623 0.189932 0.207872
57 0.864175 0.343115 0.189932 0.207872
51 0.271468 0.125040 0.117889 0.129024
237 0.009342 0.972738 0.117889 0.129024
85 0.294502 0.961726 0.176834 0.193536
88 0.203944 0.176065 0.039296 0.043008
58 0.964428 0.593095 0.189932 0.207872
74 0.589186 0.312218 0.039296 0.043008
51 0.561524 0.718002 0.117889 0.129024
48 0.860261 0.740967 0.189932 0.207872
51 0.726267 0.868961 0.117889 0.129024
88 0.215456 0.799023 0.039296 0.043008
235 0.075086 0.914828 0.117889 0.129024
92 0.813045 0.190069 0.189932 0.207872
50 0.987864 0.764131 0.117889 0.129024
97 0.445224 0.824154 0.130988 0.143360
88 0.233112 0.835670 0.039296 0.043008
97 0.326127 0.826601 0.130988 0.143360
50 0.330080 0.397776 0.117889 0.129024
88 0.084525 0.825155 0.039296 0.043008
48 0.858825 0.890131 0.189932 0.207872
74 0.595597 0.363008 0.039296 0.043008
48 0.417042 0.692406 0.189932 0.207872
255 0.294502 0.961726 0.157185 0.172032
48 0.588475 0.846955 0.189932 0.207872
48 0.114849 0.085982 0.189932 0.207872
78 0.110299 0.582788 0.288173 0.315392
96 0.443750 0.982304 0.130988 0.143360
