159 0.587139 0.422295 0.091691 0.100352
142 0.129042 0.593367 0.013099 0.014336
142 0.079717 0.600414 0.013099 0.014336
142 0.150342 0.568168 0.013099 0.014336
142 0.081864 0.575875 0.013099 0.014336
124 0.023131 0.124173 0.039296 0.043008
124 0.103508 0.129662 0.039296 0.043008
141 0.075608 0.414488 0.288173 0.315392
159 0.179036 0.177381 0.091691 0.100352
159 0.337971 0.139446 0.091691 0.100352
142 0.012036 0.555810 0.013099 0.014336
159 0.505970 0.365770 0.091691 0.100352
233 0.044330 0.021014 0.117889 0.129024
250 0.327438 0.045108 0.157185 0.172032
47 0.990154 0.161126 0.078593 0.086016
47 0.987378 0.154846 0.078593 0.086016
232 0.108599 0.081798 0.117889 0.129024
151 0.385196 0.316556 0.189932 0.207872
159 0.084909 0.249931 0.091691 0.100352
142 0.090818 0.566899 0.013099 0.014336
