164 0.495012 0.245782 0.052395 0.057344
119 0.203282 0.227968 0.013099 0.014336
164 0.545594 0.262079 0.052395 0.057344
164 0.441757 0.247689 0.052395 0.057344
164 0.496050 0.294078 0.052395 0.057344
164 0.543463 0.212067 0.052395 0.057344
164 0.137713 0.531944 0.052395 0.057344
142 0.196763 0.264757 0.013099 0.014336
164 0.061318 0.479469 0.052395 0.057344
119 0.227532 0.253416 0.013099 0.014336
164 0.123189 0.482078 0.052395 0.057344
152 0.381711 0.324525 0.104790 0.114688
164 0.226451 0.571755 0.052395 0.057344
119 0.285465 0.227254 0.013099 0.014336
130 0.217904 0.092262 0.288173 0.315392
164 0.494182 0.191122 0.052395 0.057344
164 0.080833 0.585397 0.052395 0.057344
164 0.076665 0.528936 0.052395 0.057344
164 0.166062 0.576210 0.052395 0.057344
164 0.542930 0.164206 0.052395 0.057344
