250 0.492251 0.151667 0.157185 0.172032
167 0.057396 0.732021 0.189932 0.207872
124 0.021728 0.447396 0.039296 0.043008
124 0.050652 0.482921 0.039296 0.043008
124 0.379626 0.319993 0.039296 0.043008
124 0.276481 0.255500 0.039296 0.043008
124 0.143310 0.283682 0.039296 0.043008
142 0.285678 0.661942 0.013099 0.014336
142 0.325546 0.640517 0.013099 0.014336
127 0.492251 0.151667 0.176834 0.193536
233 0.221902 0.132117 0.117889 0.129024
232 0.094647 0.178311 0.117889 0.129024
124 0.053510 0.430691 0.039296 0.043008
142 0.249295 0.661775 0.013099 0.014336
124 0.068331 0.509709 0.039296 0.043008
159 0.388251 0.653694 0.091691 0.100352
124 0.403539 0.284144 0.039296 0.043008
232 0.283215 0.190577 0.117889 0.129024
124 0.278343 0.237291 0.039296 0.043008
124 0.117698 0.227990 0.039296 0.043008
142 0.204623 0.691628 0.013099 0.014336
124 0.198083 0.178049 0.039296 0.043008
124 0.197999 0.185661 0.039296 0.043008
171 0.028020 0.369584 0.091691 0.100352
130 0.251668 0.515970 0.288173 0.315392
