31 0.776719 0.740080 0.189932 0.207872
161 0.479082 0.001994 0.078593 0.086016
27 0.557774 0.520132 0.039296 0.043008
27 0.493839 0.554575 0.039296 0.043008
161 0.422320 0.064345 0.078593 0.086016
44 0.354221 0.167067 0.052395 0.057344
27 0.604935 0.493700 0.039296 0.043008
232 0.730495 0.059401 0.117889 0.129024
41 0.139938 0.251272 0.189932 0.207872
28 0.527653 0.768492 0.117889 0.129024
27 0.790141 0.539988 0.039296 0.043008
164 0.545244 0.025754 0.052395 0.057344
27 0.364665 0.093158 0.039296 0.043008
164 0.437519 0.148573 0.052395 0.057344
27 0.704437 0.491978 0.039296 0.043008
164 0.481005 0.071281 0.052395 0.057344
27 0.740615 0.502934 0.039296 0.043008
44 0.361563 0.227850 0.052395 0.057344
27 0.818067 0.563669 0.039296 0.043008
27 0.377505 0.577647 0.039296 0.043008
27 0.664508 0.490114 0.039296 0.043008
233 0.783179 0.113893 0.117889 0.129024
41 0.322315 0.690864 0.189932 0.207872
39 0.669745 0.587734 0.189932 0.207872
232 0.887590 0.073221 0.117889 0.129024
164 0.579825 0.064770 0.052395 0.057344
44 0.305848 0.176119 0.052395 0.057344
44 0.399276 0.196813 0.052395 0.057344
27 0.462698 0.112728 0.039296 0.043008
164 0.391430 0.135593 0.052395 0.057344
28 0.040939 0.496565 0.117889 0.129024
27 0.321369 0.366319 0.039296 0.043008
44 0.331932 0.268030 0.052395 0.057344
44 0.278670 0.222807 0.052395 0.057344
7 0.384273 0.477788 0.189932 0.207872
14 0.135935 0.691274 0.189932 0.207872
