250 0.720714 0.721989 0.157185 0.172032
250 0.381805 0.881971 0.157185 0.172032
232 0.695164 0.570985 0.117889 0.129024
252 0.169781 0.860915 0.117889 0.129024
233 0.588865 0.211218 0.117889 0.129024
78 0.325933 0.512621 0.288173 0.315392
232 0.643696 0.265606 0.117889 0.129024
88 0.345480 0.325105 0.039296 0.043008
72 0.649203 0.519585 0.039296 0.043008
96 0.239053 0.054001 0.130988 0.143360
88 0.462474 0.353474 0.039296 0.043008
233 0.750358 0.421889 0.117889 0.129024
88 0.627777 0.405297 0.039296 0.043008
57 0.618074 0.060016 0.189932 0.207872
72 0.501966 0.306729 0.039296 0.043008
233 0.418106 0.147670 0.117889 0.129024
88 0.445396 0.378111 0.039296 0.043008
233 0.749403 0.521897 0.117889 0.129024
82 0.266469 0.528090 0.065494 0.071680
88 0.385281 0.364120 0.039296 0.043008
88 0.548232 0.254338 0.039296 0.043008
88 0.440081 0.194163 0.039296 0.043008
88 0.499824 0.540265 0.039296 0.043008
232 0.697201 0.369552 0.117889 0.129024
88 0.492444 0.601032 0.039296 0.043008
88 0.354397 0.241452 0.039296 0.043008
88 0.583085 0.457697 0.039296 0.043008
88 0.440063 0.194532 0.039296 0.043008
88 0.570858 0.268638 0.039296 0.043008
76 0.587666 0.339200 0.117889 0.129024
88 0.666590 0.436762 0.039296 0.043008
88 0.610826 0.411644 0.039296 0.043008
88 0.548956 0.253488 0.039296 0.043008
88 0.570858 0.268638 0.039296 0.043008
88 0.678578 0.433897 0.039296 0.043008
232 0.358569 0.196143 0.117889 0.129024
96 0.360281 0.011153 0.130988 0.143360
88 0.676644 0.519902 0.039296 0.043008
88 0.656921 0.520051 0.039296 0.043008
88 0.614818 0.518622 0.039296 0.043008
91 0.122016 0.515142 0.091691 0.100352
