52 0.657797 0.691524 0.130988 0.143360
52 0.531275 0.675078 0.130988 0.143360
60 0.697675 0.128700 0.117889 0.129024
235 0.905757 0.316129 0.117889 0.129024
235 0.856026 0.165718 0.117889 0.129024
253 0.291015 0.843527 0.117889 0.129024
58 0.560169 0.092348 0.189932 0.207872
235 0.903868 0.511719 0.117889 0.129024
235 0.851167 0.658252 0.117889 0.129024
237 0.906819 0.218430 0.117889 0.129024
255 0.718564 0.758312 0.157185 0.172032
52 0.774964 0.690511 0.130988 0.143360
255 0.497094 0.760958 0.157185 0.172032
