233 0.776426 0.819670 0.117889 0.129024
232 0.880884 0.768480 0.117889 0.129024
232 0.723717 0.770636 0.117889 0.129024
251 0.446181 0.643967 0.117889 0.129024
28 0.210739 0.211882 0.117889 0.129024
250 0.912417 0.132826 0.157185 0.172032
32 0.650988 0.190036 0.052395 0.057344
44 0.685465 0.233368 0.052395 0.057344
16 0.641353 0.235381 0.039296 0.043008
44 0.486989 0.262904 0.052395 0.057344
26 0.565165 0.130994 0.117889 0.129024
34 0.733699 0.207236 0.065494 0.071680
3 0.912417 0.132826 0.176834 0.193536
34 0.535455 0.322162 0.065494 0.071680
27 0.813555 0.611356 0.039296 0.043008
33 0.332434 0.219463 0.117889 0.129024
44 0.601547 0.201442 0.052395 0.057344
44 0.668174 0.297555 0.052395 0.057344
27 0.854270 0.256158 0.039296 0.043008
17 0.557953 0.258754 0.078593 0.086016
44 0.548652 0.197715 0.052395 0.057344
21 0.753240 0.470441 0.288173 0.315392
44 0.647222 0.142263 0.052395 0.057344
27 0.852580 0.259932 0.039296 0.043008
44 0.623169 0.272306 0.052395 0.057344
26 0.333903 0.060356 0.117889 0.129024
26 0.783215 0.097623 0.117889 0.129024
