88 0.236037 0.632058 0.039296 0.043008
73 0.256784 0.815056 0.058945 0.064512
57 0.053514 0.843964 0.189932 0.207872
232 0.677639 0.476587 0.117889 0.129024
72 0.766804 0.630149 0.039296 0.043008
78 0.647602 0.780162 0.288173 0.315392
22 0.614680 0.446475 0.052395 0.057344
74 0.223749 0.771794 0.039296 0.043008
91 0.461355 0.789607 0.091691 0.100352
53 0.118798 0.679080 0.189932 0.207872
233 0.888595 0.482629 0.117889 0.129024
233 0.732157 0.428087 0.117889 0.129024
88 0.673277 0.520609 0.039296 0.043008
76 0.274486 0.598906 0.117889 0.129024
96 0.151537 0.543372 0.130988 0.143360
73 0.288670 0.764725 0.058945 0.064512
232 0.938876 0.532697 0.117889 0.129024
76 0.887419 0.605145 0.117889 0.129024
96 0.214754 0.436775 0.130988 0.143360
88 0.751957 0.472175 0.039296 0.043008
88 0.763585 0.639285 0.039296 0.043008
88 0.841531 0.536474 0.039296 0.043008
