88 0.359009 0.172728 0.039296 0.043008
48 0.404345 0.744862 0.189932 0.207872
88 0.357432 0.149650 0.039296 0.043008
88 0.232050 0.141742 0.039296 0.043008
88 0.094302 0.298038 0.039296 0.043008
237 0.380522 0.105909 0.117889 0.129024
78 0.406803 0.479658 0.288173 0.315392
88 0.573229 0.217492 0.039296 0.043008
62 0.906223 0.245630 0.189932 0.207872
88 0.491994 0.339447 0.039296 0.043008
88 0.236142 0.540532 0.039296 0.043008
45 0.637831 0.331606 0.189932 0.207872
88 0.090948 0.296291 0.039296 0.043008
255 0.639777 0.125986 0.157185 0.172032
88 0.024093 0.331948 0.039296 0.043008
88 0.379633 0.311926 0.039296 0.043008
88 0.174416 0.191529 0.039296 0.043008
88 0.200309 0.473869 0.039296 0.043008
88 0.848369 0.185829 0.039296 0.043008
235 0.133120 0.141886 0.117889 0.129024
72 0.121141 0.473130 0.039296 0.043008
88 0.222051 0.143014 0.039296 0.043008
58 0.743904 0.691033 0.189932 0.207872
85 0.639777 0.125986 0.176834 0.193536
88 0.273435 0.315063 0.039296 0.043008
74 0.621511 0.469061 0.039296 0.043008
88 0.046996 0.421673 0.039296 0.043008
88 0.357160 0.150414 0.039296 0.043008
88 0.089036 0.470860 0.039296 0.043008
74 0.753505 0.397238 0.039296 0.043008
88 0.215164 0.405592 0.039296 0.043008
88 0.085969 0.593740 0.039296 0.043008
235 0.000292 0.468834 0.117889 0.129024
235 0.002306 0.244806 0.117889 0.129024
74 0.644961 0.435056 0.039296 0.043008
88 0.434605 0.207558 0.039296 0.043008
74 0.677066 0.454773 0.039296 0.043008
237 0.196905 0.091713 0.117889 0.129024
92 0.903807 0.492879 0.189932 0.207872
235 0.439268 0.163359 0.117889 0.129024
88 0.261113 0.198016 0.039296 0.043008
88 0.422387 0.329521 0.039296 0.043008
