119 0.529481 0.699532 0.013099 0.014336
124 0.405399 0.315384 0.039296 0.043008
124 0.194014 0.534885 0.039296 0.043008
233 0.475408 0.184799 0.117889 0.129024
124 0.300298 0.484560 0.039296 0.043008
159 0.603266 0.714384 0.091691 0.100352
124 0.529156 0.284987 0.039296 0.043008
233 0.046059 0.486360 0.117889 0.129024
124 0.519220 0.393002 0.039296 0.043008
124 0.331352 0.523156 0.039296 0.043008
250 0.321780 0.917318 0.157185 0.172032
124 0.370191 0.817869 0.039296 0.043008
124 0.152656 0.388112 0.039296 0.043008
232 0.109533 0.542511 0.117889 0.129024
142 0.563314 0.685975 0.013099 0.014336
166 0.207919 0.058775 0.189932 0.207872
232 0.532001 0.240253 0.117889 0.129024
124 0.194533 0.455631 0.039296 0.043008
124 0.209990 0.498481 0.039296 0.043008
124 0.379091 0.274915 0.039296 0.043008
251 0.803115 0.380678 0.117889 0.129024
124 0.164202 0.371880 0.039296 0.043008
250 0.076193 0.706364 0.157185 0.172032
142 0.515691 0.725880 0.013099 0.014336
119 0.518075 0.699445 0.013099 0.014336
124 0.476591 0.397246 0.039296 0.043008
232 0.358024 0.229766 0.117889 0.129024
232 0.110523 0.433342 0.117889 0.129024
124 0.256553 0.304265 0.039296 0.043008
124 0.265829 0.636174 0.039296 0.043008
233 0.174915 0.272902 0.117889 0.129024
124 0.225270 0.651064 0.039296 0.043008
141 0.500630 0.549230 0.288173 0.315392
171 0.236040 0.356739 0.091691 0.100352
124 0.362274 0.408448 0.039296 0.043008
233 0.111514 0.324155 0.117889 0.129024
124 0.453438 0.228763 0.039296 0.043008
124 0.323364 0.463655 0.039296 0.043008
124 0.424080 0.706613 0.039296 0.043008
127 0.076193 0.706364 0.176834 0.193536
142 0.463129 0.706633 0.013099 0.014336
127 0.321780 0.917318 0.176834 0.193536
