124 0.217567 0.172149 0.039296 0.043008
124 0.191566 0.536617 0.039296 0.043008
124 0.374773 0.183766 0.039296 0.043008
124 0.296377 0.159486 0.039296 0.043008
130 0.348724 0.458891 0.288173 0.315392
124 0.165604 0.304156 0.039296 0.043008
124 0.024813 0.359311 0.039296 0.043008
250 0.583264 0.100919 0.157185 0.172032
124 0.274414 0.297650 0.039296 0.043008
124 0.024670 0.359278 0.039296 0.043008
142 0.346647 0.593906 0.013099 0.014336
124 0.148126 0.450562 0.039296 0.043008
124 0.194556 0.368770 0.039296 0.043008
124 0.023335 0.446953 0.039296 0.043008
142 0.344095 0.612174 0.013099 0.014336
232 0.195814 0.124465 0.117889 0.129024
233 0.319768 0.079750 0.117889 0.129024
124 0.017374 0.266209 0.039296 0.043008
124 0.296483 0.132928 0.039296 0.043008
233 0.002338 0.166516 0.117889 0.129024
124 0.017757 0.266435 0.039296 0.043008
232 0.379496 0.137888 0.117889 0.129024
124 0.066790 0.220917 0.039296 0.043008
