237 0.929420 0.042747 0.117889 0.129024
235 0.878000 0.087147 0.117889 0.129024
255 0.746270 0.176068 0.157185 0.172032
57 0.922563 0.901533 0.189932 0.207872
88 0.004368 0.125296 0.039296 0.043008
97 0.517687 0.732325 0.130988 0.143360
88 0.042110 0.102192 0.039296 0.043008
253 0.321642 0.225681 0.117889 0.129024
48 0.658719 0.705603 0.189932 0.207872
88 0.090131 0.049829 0.039296 0.043008
88 0.038519 0.045929 0.039296 0.043008
96 0.687492 0.578050 0.130988 0.143360
50 0.793870 0.730113 0.117889 0.129024
255 0.526298 0.160351 0.157185 0.172032
52 0.178173 0.715722 0.130988 0.143360
88 0.009729 0.072945 0.039296 0.043008
52 0.135167 0.705869 0.130988 0.143360
59 0.108693 0.114862 0.170284 0.186368
88 0.326066 0.188050 0.039296 0.043008
