141 0.441240 0.133238 0.288173 0.315392
124 0.212479 0.051334 0.039296 0.043008
159 0.473354 0.309823 0.091691 0.100352
124 0.080237 0.055882 0.039296 0.043008
124 0.123663 0.228879 0.039296 0.043008
250 0.001695 0.266761 0.157185 0.172032
124 0.269089 0.184055 0.039296 0.043008
119 0.465196 0.273632 0.013099 0.014336
119 0.498425 0.269398 0.013099 0.014336
124 0.124914 0.020564 0.039296 0.043008
166 0.314820 0.659457 0.189932 0.207872
124 0.100500 0.050519 0.039296 0.043008
119 0.407759 0.282036 0.013099 0.014336
135 0.771678 0.559575 0.189932 0.207872
127 0.001695 0.266761 0.176834 0.193536
151 0.933271 0.069410 0.189932 0.207872
108 0.827633 0.260325 0.189932 0.207872
124 0.268062 0.094619 0.039296 0.043008
232 0.036072 0.101137 0.117889 0.129024
142 0.450185 0.289442 0.013099 0.014336
