232 0.931783 0.939870 0.117889 0.129024
250 0.747958 0.997539 0.157185 0.172032
179 0.956321 0.365608 0.039296 0.043008
179 0.937275 0.393352 0.039296 0.043008
33 0.204186 0.177819 0.117889 0.129024
28 0.328359 0.078604 0.117889 0.129024
168 0.833254 0.419420 0.117889 0.129024
26 0.447564 0.088211 0.117889 0.129024
152 0.655868 0.929454 0.104790 0.114688
179 0.900238 0.344103 0.039296 0.043008
26 0.205184 0.068678 0.117889 0.129024
17 0.142189 0.348664 0.078593 0.086016
179 0.901716 0.404700 0.039296 0.043008
168 0.383049 0.668914 0.117889 0.129024
179 0.961646 0.431263 0.039296 0.043008
168 0.321954 0.776127 0.117889 0.129024
141 0.909079 0.644628 0.288173 0.315392
27 0.010940 0.083200 0.039296 0.043008
179 0.985224 0.347945 0.039296 0.043008
42 0.231075 0.372258 0.091691 0.100352
