233 0.748526 0.575833 0.117889 0.129024
28 0.851263 0.798882 0.117889 0.129024
164 0.096131 0.271503 0.052395 0.057344
233 0.693445 0.726199 0.117889 0.129024
164 0.111161 0.459366 0.052395 0.057344
233 0.351919 0.887092 0.117889 0.129024
27 0.397101 0.673664 0.039296 0.043008
27 0.302632 0.735996 0.039296 0.043008
164 0.041329 0.373565 0.052395 0.057344
3 0.504204 0.157875 0.176834 0.193536
164 0.037332 0.319608 0.052395 0.057344
232 0.469364 0.831763 0.117889 0.129024
250 0.723751 0.374706 0.157185 0.172032
232 0.292503 0.835595 0.117889 0.129024
164 0.134797 0.312158 0.052395 0.057344
164 0.068510 0.422210 0.052395 0.057344
164 0.035856 0.267806 0.052395 0.057344
232 0.694434 0.625484 0.117889 0.129024
3 0.723751 0.374706 0.176834 0.193536
27 0.375004 0.840976 0.039296 0.043008
164 0.116117 0.392511 0.052395 0.057344
233 0.638484 0.777356 0.117889 0.129024
164 0.090980 0.345136 0.052395 0.057344
22 0.326230 0.304806 0.052395 0.057344
21 0.325478 0.516767 0.288173 0.315392
164 0.059657 0.515255 0.052395 0.057344
232 0.695392 0.524723 0.117889 0.129024
27 0.297424 0.789185 0.039296 0.043008
164 0.038819 0.466456 0.052395 0.057344
28 0.698954 0.146702 0.117889 0.129024
27 0.351562 0.678185 0.039296 0.043008
250 0.504204 0.157875 0.157185 0.172032
164 0.110795 0.571337 0.052395 0.057344
