179 0.671425 0.589306 0.039296 0.043008
179 0.616729 0.479759 0.039296 0.043008
179 0.445306 0.456804 0.039296 0.043008
179 0.656134 0.548183 0.039296 0.043008
179 0.575696 0.482205 0.039296 0.043008
179 0.683506 0.524617 0.039296 0.043008
179 0.490239 0.465330 0.039296 0.043008
179 0.570932 0.534068 0.039296 0.043008
179 0.635979 0.577443 0.039296 0.043008
179 0.636327 0.518265 0.039296 0.043008
179 0.653823 0.487670 0.039296 0.043008
179 0.612705 0.545489 0.039296 0.043008
179 0.541977 0.510168 0.039296 0.043008
179 0.503957 0.501233 0.039296 0.043008
179 0.530951 0.475978 0.039296 0.043008
179 0.396347 0.458059 0.039296 0.043008
179 0.599118 0.510534 0.039296 0.043008
179 0.461878 0.489785 0.039296 0.043008
179 0.704819 0.574002 0.039296 0.043008
