250 0.721373 0.652796 0.157185 0.172032
250 0.382478 0.809463 0.157185 0.172032
232 0.695825 0.501511 0.117889 0.129024
252 0.170461 0.786307 0.117889 0.129024
88 0.440600 0.121659 0.039296 0.043008
88 0.560121 0.359804 0.039296 0.043008
88 0.676404 0.450169 0.039296 0.043008
88 0.594357 0.447670 0.039296 0.043008
88 0.541471 0.475630 0.039296 0.043008
88 0.571524 0.197874 0.039296 0.043008
88 0.570129 0.183247 0.039296 0.043008
88 0.341036 0.207037 0.039296 0.043008
88 0.436098 0.313464 0.039296 0.043008
76 0.588331 0.268616 0.117889 0.129024
232 0.644360 0.195562 0.117889 0.129024
232 0.359243 0.123268 0.117889 0.129024
88 0.678063 0.367919 0.039296 0.043008
88 0.659366 0.111609 0.039296 0.043008
78 0.326608 0.439485 0.288173 0.315392
72 0.540487 0.182092 0.039296 0.043008
88 0.629476 0.335222 0.039296 0.043008
88 0.514786 0.401016 0.039296 0.043008
88 0.549722 0.182310 0.039296 0.043008
91 0.122699 0.439991 0.091691 0.100352
233 0.589531 0.140621 0.117889 0.129024
88 0.354500 0.169111 0.039296 0.043008
88 0.440463 0.122619 0.039296 0.043008
233 0.751017 0.352930 0.117889 0.129024
233 0.418779 0.075372 0.117889 0.129024
82 0.267161 0.452781 0.065494 0.071680
232 0.697862 0.300057 0.117889 0.129024
88 0.487702 0.526588 0.039296 0.043008
233 0.750062 0.452948 0.117889 0.129024
