235 0.749876 0.722318 0.117889 0.129024
73 0.078128 0.453368 0.058945 0.064512
57 0.164901 0.867325 0.189932 0.207872
91 0.525192 0.059611 0.091691 0.100352
74 0.149931 0.502942 0.039296 0.043008
74 0.021061 0.452303 0.039296 0.043008
75 0.355351 0.299236 0.078593 0.086016
96 0.381896 0.622357 0.130988 0.143360
74 0.211074 0.573757 0.039296 0.043008
255 0.725565 0.471668 0.157185 0.172032
235 0.750831 0.622379 0.117889 0.129024
237 0.696581 0.672166 0.117889 0.129024
92 0.102595 0.703213 0.189932 0.207872
74 0.143169 0.540201 0.039296 0.043008
237 0.748876 0.822196 0.117889 0.129024
237 0.800903 0.870362 0.117889 0.129024
94 0.259658 0.729664 0.117889 0.129024
96 0.610505 0.881632 0.130988 0.143360
74 0.104452 0.496758 0.039296 0.043008
