48 0.237008 0.634368 0.189932 0.207872
88 0.150061 0.192804 0.039296 0.043008
92 0.810628 0.537196 0.189932 0.207872
88 0.020867 0.276986 0.039296 0.043008
85 0.482994 0.005150 0.176834 0.193536
74 0.601881 0.284413 0.039296 0.043008
88 0.187402 0.025117 0.039296 0.043008
95 0.890250 0.414878 0.117889 0.129024
88 0.056441 0.014284 0.039296 0.043008
92 0.758782 0.384616 0.189932 0.207872
88 0.046550 0.245065 0.039296 0.043008
74 0.522063 0.341976 0.039296 0.043008
88 0.209870 0.182051 0.039296 0.043008
88 0.056160 0.013730 0.039296 0.043008
62 0.761223 0.132033 0.189932 0.207872
88 0.259022 0.177863 0.039296 0.043008
88 0.856401 0.531736 0.039296 0.043008
74 0.464020 0.355680 0.039296 0.043008
235 0.273351 0.039898 0.117889 0.129024
88 0.085433 0.861778 0.039296 0.043008
255 0.482994 0.005150 0.157185 0.172032
58 0.591952 0.584582 0.189932 0.207872
88 0.357794 0.173964 0.039296 0.043008
88 0.268487 0.085044 0.039296 0.043008
57 0.109363 0.799155 0.189932 0.207872
88 0.377884 0.143241 0.039296 0.043008
78 0.239489 0.363018 0.288173 0.315392
74 0.488514 0.321289 0.039296 0.043008
88 0.060085 0.143759 0.039296 0.043008
45 0.481029 0.215385 0.189932 0.207872
88 0.056091 0.330832 0.039296 0.043008
88 0.019851 0.436153 0.039296 0.043008
88 0.187701 0.024408 0.039296 0.043008
88 0.005221 0.076639 0.039296 0.043008
