27 0.743668 0.835753 0.039296 0.043008
27 0.674164 0.630533 0.039296 0.043008
31 0.612851 0.371959 0.189932 0.207872
27 0.518804 0.898796 0.039296 0.043008
27 0.638205 0.853258 0.039296 0.043008
27 0.661674 0.566212 0.039296 0.043008
27 0.783264 0.520100 0.039296 0.043008
3 0.881209 0.482688 0.176834 0.193536
27 0.513373 0.830360 0.039296 0.043008
27 0.402588 0.823441 0.039296 0.043008
28 0.749850 0.403089 0.117889 0.129024
27 0.781118 0.710308 0.039296 0.043008
232 0.853762 0.631352 0.117889 0.129024
233 0.905080 0.681063 0.117889 0.129024
27 0.600619 0.945817 0.039296 0.043008
27 0.600681 0.946494 0.039296 0.043008
21 0.496688 0.629104 0.288173 0.315392
27 0.669789 0.654172 0.039296 0.043008
27 0.656050 0.881545 0.039296 0.043008
27 0.660215 0.676028 0.039296 0.043008
35 0.882614 0.333795 0.189932 0.207872
232 0.690508 0.935968 0.117889 0.129024
233 0.851814 0.830462 0.117889 0.129024
27 0.786983 0.793699 0.039296 0.043008
232 0.852804 0.730930 0.117889 0.129024
233 0.578899 0.991831 0.117889 0.129024
27 0.747933 0.839305 0.039296 0.043008
232 0.522499 0.942211 0.117889 0.129024
27 0.370172 0.890773 0.039296 0.043008
27 0.834393 0.675274 0.039296 0.043008
27 0.662938 0.892365 0.039296 0.043008
233 0.798706 0.881812 0.117889 0.129024
27 0.782409 0.631173 0.039296 0.043008
250 0.881209 0.482688 0.157185 0.172032
