44 0.503017 0.281305 0.052395 0.057344
41 0.747178 0.323683 0.189932 0.207872
34 0.497693 0.207196 0.065494 0.071680
31 0.695496 0.171386 0.189932 0.207872
0 0.333318 0.448748 0.052395 0.057344
34 0.532480 0.445199 0.065494 0.071680
28 0.827449 0.107357 0.117889 0.129024
34 0.390599 0.403058 0.065494 0.071680
0 0.343999 0.367973 0.052395 0.057344
17 0.547003 0.160505 0.078593 0.086016
34 0.420603 0.351862 0.065494 0.071680
0 0.366058 0.323829 0.052395 0.057344
34 0.507301 0.388550 0.065494 0.071680
255 0.745761 0.472142 0.157185 0.172032
0 0.452266 0.409443 0.052395 0.057344
44 0.539195 0.248212 0.052395 0.057344
34 0.483032 0.331628 0.065494 0.071680
34 0.430429 0.195674 0.065494 0.071680
0 0.389351 0.458131 0.052395 0.057344
34 0.411548 0.288239 0.065494 0.071680
44 0.461022 0.249552 0.052395 0.057344
