27 0.160435 0.604217 0.039296 0.043008
233 0.004079 0.690998 0.117889 0.129024
233 0.493981 0.534449 0.117889 0.129024
232 0.435844 0.585568 0.117889 0.129024
21 0.105009 0.309234 0.288173 0.315392
34 0.143158 0.023637 0.065494 0.071680
32 0.674462 0.417281 0.052395 0.057344
232 0.256745 0.636898 0.117889 0.129024
27 0.028586 0.619377 0.039296 0.043008
27 0.319263 0.504363 0.039296 0.043008
40 0.284259 0.100866 0.104790 0.114688
233 0.194810 0.690593 0.117889 0.129024
250 0.523973 0.380175 0.157185 0.172032
28 0.320978 0.239066 0.117889 0.129024
27 0.159493 0.476086 0.039296 0.043008
40 0.347062 0.159177 0.104790 0.114688
