61 0.838129 0.792032 0.117889 0.129024
74 0.165157 0.140362 0.039296 0.043008
96 0.017497 0.694463 0.130988 0.143360
50 0.018502 0.582772 0.117889 0.129024
88 0.672473 0.593960 0.039296 0.043008
48 0.113051 0.887168 0.189932 0.207872
51 0.269635 0.909779 0.117889 0.129024
58 0.704823 0.768976 0.189932 0.207872
57 0.423821 0.508212 0.189932 0.207872
48 0.592570 0.925311 0.189932 0.207872
88 0.655271 0.923106 0.039296 0.043008
57 0.596552 0.512150 0.189932 0.207872
88 0.341606 0.423056 0.039296 0.043008
