233 0.379542 0.469749 0.117889 0.129024
28 0.007685 0.431707 0.117889 0.129024
27 0.160011 0.189769 0.039296 0.043008
27 0.596222 0.283024 0.039296 0.043008
27 0.005220 0.300431 0.039296 0.043008
27 0.243017 0.310661 0.039296 0.043008
21 0.294237 0.094941 0.288173 0.315392
250 0.693324 0.175799 0.157185 0.172032
27 0.383257 0.237162 0.039296 0.043008
27 0.400722 0.258913 0.039296 0.043008
27 0.538451 0.311273 0.039296 0.043008
232 0.438530 0.419090 0.117889 0.129024
32 0.790113 0.039580 0.052395 0.057344
27 0.166806 0.347567 0.039296 0.043008
233 0.198086 0.464687 0.117889 0.129024
27 0.336361 0.422585 0.039296 0.043008
232 0.136086 0.408538 0.117889 0.129024
27 0.428338 0.375305 0.039296 0.043008
26 0.321751 0.282277 0.117889 0.129024
27 0.228435 0.378972 0.039296 0.043008
27 0.406941 0.340567 0.039296 0.043008
28 0.499852 0.032359 0.117889 0.129024
27 0.223755 0.419151 0.039296 0.043008
233 0.664663 0.325731 0.117889 0.129024
28 0.772393 0.306162 0.117889 0.129024
27 0.022799 0.219393 0.039296 0.043008
232 0.609206 0.374038 0.117889 0.129024
