27 0.478347 0.012735 0.039296 0.043008
27 0.319509 0.211299 0.039296 0.043008
233 0.105097 0.028399 0.117889 0.129024
27 0.189319 0.254017 0.039296 0.043008
27 0.242717 0.356809 0.039296 0.043008
7 0.929542 0.739115 0.189932 0.207872
27 0.228266 0.031268 0.039296 0.043008
28 0.850877 0.864311 0.117889 0.129024
27 0.325179 0.117267 0.039296 0.043008
27 0.190716 0.168282 0.039296 0.043008
27 0.184284 0.077299 0.039296 0.043008
21 0.499356 0.271720 0.288173 0.315392
27 0.309891 0.235034 0.039296 0.043008
27 0.235846 0.037961 0.039296 0.043008
27 0.186213 0.375505 0.039296 0.043008
3 0.069334 0.414372 0.176834 0.193536
250 0.069334 0.414372 0.157185 0.172032
27 0.339827 0.173277 0.039296 0.043008
233 0.038781 0.190247 0.117889 0.129024
232 0.104129 0.139038 0.117889 0.129024
27 0.127028 0.202326 0.039296 0.043008
15 0.978799 0.885199 0.189932 0.207872
27 0.436114 0.096262 0.039296 0.043008
27 0.236381 0.358993 0.039296 0.043008
232 0.103127 0.249625 0.117889 0.129024
