85 0.377448 0.773684 0.176834 0.193536
88 0.124831 0.391189 0.039296 0.043008
88 0.189795 0.307652 0.039296 0.043008
54 0.499177 0.406234 0.288173 0.315392
232 0.168476 0.118996 0.117889 0.129024
233 0.036182 0.499594 0.117889 0.129024
232 0.100647 0.556448 0.117889 0.129024
88 0.124911 0.232833 0.039296 0.043008
233 0.038696 0.220872 0.117889 0.129024
88 0.323776 0.253888 0.039296 0.043008
85 0.608698 0.770565 0.176834 0.193536
233 0.231736 0.069296 0.117889 0.129024
250 0.377448 0.773684 0.157185 0.172032
88 0.296770 0.308757 0.039296 0.043008
232 0.103152 0.280101 0.117889 0.129024
233 0.037187 0.388119 0.117889 0.129024
88 0.213371 0.434512 0.039296 0.043008
88 0.434749 0.599089 0.039296 0.043008
88 0.279145 0.125712 0.039296 0.043008
88 0.579811 0.675361 0.039296 0.043008
250 0.608698 0.770565 0.157185 0.172032
88 0.544923 0.559433 0.039296 0.043008
88 0.202536 0.249821 0.039296 0.043008
88 0.415735 0.656902 0.039296 0.043008
232 0.101649 0.445923 0.117889 0.129024
