27 0.322060 0.370170 0.039296 0.043008
27 0.972591 0.632638 0.039296 0.043008
27 0.654804 0.165368 0.039296 0.043008
27 0.658158 0.207885 0.039296 0.043008
27 0.511785 0.158543 0.039296 0.043008
233 0.238354 0.360296 0.117889 0.129024
27 0.437828 0.218697 0.039296 0.043008
233 0.595786 0.064758 0.117889 0.129024
3 0.840361 0.085682 0.176834 0.193536
27 0.376353 0.247092 0.039296 0.043008
27 0.586978 0.182802 0.039296 0.043008
27 0.475569 0.307603 0.039296 0.043008
27 0.573557 0.115432 0.039296 0.043008
232 0.480927 0.107546 0.117889 0.129024
233 0.362331 0.151726 0.117889 0.129024
250 0.840361 0.085682 0.157185 0.172032
233 0.301326 0.201289 0.117889 0.129024
27 0.402207 0.341871 0.039296 0.043008
27 0.407317 0.420071 0.039296 0.043008
27 0.790023 0.189971 0.039296 0.043008
232 0.300368 0.309031 0.117889 0.129024
27 0.509733 0.155122 0.039296 0.043008
27 0.418865 0.201895 0.039296 0.043008
27 0.439851 0.387298 0.039296 0.043008
27 0.387480 0.337199 0.039296 0.043008
27 0.478856 0.501190 0.039296 0.043008
3 0.267253 0.577831 0.176834 0.193536
232 0.299376 0.416723 0.117889 0.129024
250 0.267253 0.577831 0.157185 0.172032
232 0.651140 0.120872 0.117889 0.129024
27 0.392909 0.532279 0.039296 0.043008
27 0.481264 0.257299 0.039296 0.043008
21 0.675855 0.429799 0.288173 0.315392
