124 0.083928 0.056628 0.039296 0.043008
124 0.198603 0.205814 0.039296 0.043008
232 0.036072 0.101137 0.117889 0.129024
124 0.141921 0.098022 0.039296 0.043008
124 0.156001 0.218893 0.039296 0.043008
166 0.314820 0.659457 0.189932 0.207872
142 0.443418 0.276480 0.013099 0.014336
124 0.124914 0.020564 0.039296 0.043008
124 0.229955 0.057489 0.039296 0.043008
108 0.827633 0.260325 0.189932 0.207872
119 0.465196 0.273632 0.013099 0.014336
119 0.498425 0.269398 0.013099 0.014336
127 0.001695 0.266761 0.176834 0.193536
151 0.933271 0.069410 0.189932 0.207872
250 0.001695 0.266761 0.157185 0.172032
159 0.473354 0.309823 0.091691 0.100352
135 0.771678 0.559575 0.189932 0.207872
119 0.407759 0.282036 0.013099 0.014336
141 0.441240 0.133238 0.288173 0.315392
124 0.079301 0.056199 0.039296 0.043008
