0 0.043499 0.476244 0.052395 0.057344
41 0.240941 0.604652 0.189932 0.207872
27 0.319352 0.438018 0.039296 0.043008
0 0.009845 0.525658 0.052395 0.057344
0 0.087083 0.548367 0.052395 0.057344
34 0.108227 0.230381 0.065494 0.071680
255 0.239482 0.763752 0.157185 0.172032
237 0.776754 0.461817 0.117889 0.129024
235 0.777697 0.363285 0.117889 0.129024
237 0.725541 0.311282 0.117889 0.129024
34 0.088142 0.291386 0.065494 0.071680
0 0.036052 0.580685 0.052395 0.057344
28 0.389638 0.580040 0.117889 0.129024
235 0.673534 0.158415 0.117889 0.129024
255 0.474250 0.760962 0.157185 0.172032
0 0.120554 0.636151 0.052395 0.057344
235 0.722703 0.609094 0.117889 0.129024
235 0.723649 0.509838 0.117889 0.129024
28 0.332903 0.369630 0.117889 0.129024
31 0.181318 0.443639 0.189932 0.207872
34 0.063178 0.375806 0.065494 0.071680
237 0.726487 0.211982 0.117889 0.129024
237 0.668788 0.658595 0.117889 0.129024
