237 0.279423 0.020348 0.117889 0.129024
235 0.027436 0.108763 0.117889 0.129024
88 0.093937 0.165535 0.039296 0.043008
88 0.148134 0.124476 0.039296 0.043008
88 0.122241 0.481301 0.039296 0.043008
88 0.343266 0.125428 0.039296 0.043008
78 0.366030 0.397775 0.288173 0.315392
88 0.080519 0.495481 0.039296 0.043008
88 0.255635 0.064262 0.039296 0.043008
237 0.092256 0.058720 0.117889 0.129024
255 0.542912 0.043505 0.157185 0.172032
235 0.339221 0.078721 0.117889 0.129024
88 0.191512 0.343019 0.039296 0.043008
88 0.076178 0.225765 0.039296 0.043008
