124 0.378785 0.136724 0.039296 0.043008
124 0.468319 0.029417 0.039296 0.043008
124 0.319909 0.509624 0.039296 0.043008
124 0.192672 0.054913 0.039296 0.043008
232 0.112416 0.224762 0.117889 0.129024
130 0.503452 0.247810 0.288173 0.315392
124 0.384939 0.481780 0.039296 0.043008
124 0.236624 0.010095 0.039296 0.043008
159 0.637837 0.375766 0.091691 0.100352
233 0.114398 0.006304 0.117889 0.129024
124 0.333762 0.338101 0.039296 0.043008
119 0.491855 0.399452 0.013099 0.014336
142 0.526609 0.395266 0.013099 0.014336
124 0.258749 0.399669 0.039296 0.043008
250 0.324629 0.608745 0.157185 0.172032
124 0.266031 0.100443 0.039296 0.043008
233 0.048951 0.165915 0.117889 0.129024
152 0.393732 0.587005 0.104790 0.114688
232 0.113407 0.115542 0.117889 0.129024
124 0.265838 0.271180 0.039296 0.043008
250 0.079080 0.387363 0.157185 0.172032
127 0.079080 0.387363 0.176834 0.193536
122 0.719988 0.762815 0.104790 0.114688
127 0.324629 0.608745 0.176834 0.193536
251 0.805885 0.091744 0.117889 0.129024
