233 0.352260 0.850177 0.117889 0.129024
44 0.295579 0.180543 0.052395 0.057344
16 0.022276 0.388775 0.039296 0.043008
27 0.450128 0.752600 0.039296 0.043008
27 0.351423 0.638305 0.039296 0.043008
232 0.695727 0.489492 0.117889 0.129024
164 0.354936 0.060845 0.052395 0.057344
27 0.307948 0.649703 0.039296 0.043008
27 0.297734 0.752377 0.039296 0.043008
164 0.539376 0.336929 0.052395 0.057344
164 0.375977 0.110399 0.052395 0.057344
164 0.629377 0.034771 0.052395 0.057344
27 0.565004 0.617026 0.039296 0.043008
44 0.281377 0.131183 0.052395 0.057344
27 0.593215 0.487076 0.039296 0.043008
164 0.395398 0.164566 0.052395 0.057344
27 0.497432 0.623385 0.039296 0.043008
28 0.851594 0.764460 0.117889 0.129024
164 0.557287 0.238960 0.052395 0.057344
22 0.326580 0.266865 0.052395 0.057344
164 0.341966 0.147609 0.052395 0.057344
27 0.586370 0.697908 0.039296 0.043008
250 0.724085 0.339602 0.157185 0.172032
27 0.620343 0.567865 0.039296 0.043008
27 0.487257 0.560536 0.039296 0.043008
233 0.748860 0.540874 0.117889 0.129024
164 0.550606 0.290166 0.052395 0.057344
164 0.319588 0.096847 0.052395 0.057344
164 0.410557 0.263131 0.052395 0.057344
164 0.620879 0.083450 0.052395 0.057344
3 0.504543 0.121650 0.176834 0.193536
27 0.374874 0.803641 0.039296 0.043008
232 0.694769 0.590259 0.117889 0.129024
164 0.408254 0.051405 0.052395 0.057344
21 0.325820 0.479683 0.288173 0.315392
232 0.292846 0.798377 0.117889 0.129024
27 0.621417 0.487835 0.039296 0.043008
164 0.632656 0.188501 0.052395 0.057344
27 0.449561 0.751347 0.039296 0.043008
27 0.511696 0.414239 0.039296 0.043008
164 0.479791 0.278603 0.052395 0.057344
27 0.673833 0.533506 0.039296 0.043008
233 0.693780 0.690979 0.117889 0.129024
27 0.623247 0.656883 0.039296 0.043008
3 0.724085 0.339602 0.176834 0.193536
27 0.622337 0.578678 0.039296 0.043008
233 0.638820 0.741866 0.117889 0.129024
232 0.469704 0.795431 0.117889 0.129024
250 0.504543 0.121650 0.157185 0.172032
164 0.523622 0.017250 0.052395 0.057344
164 0.573433 0.037585 0.052395 0.057344
28 0.699289 0.111452 0.117889 0.129024
27 0.374842 0.803937 0.039296 0.043008
164 0.442648 0.312522 0.052395 0.057344
164 0.404565 0.213813 0.052395 0.057344
