233 0.215261 0.324357 0.117889 0.129024
27 0.474276 0.396198 0.039296 0.043008
27 0.292935 0.287429 0.039296 0.043008
27 0.334564 0.335917 0.039296 0.043008
250 0.966653 0.213953 0.157185 0.172032
233 0.677127 0.497591 0.117889 0.129024
27 0.711820 0.403097 0.039296 0.043008
232 0.276038 0.380680 0.117889 0.129024
28 0.335525 0.462519 0.117889 0.129024
27 0.819455 0.405763 0.039296 0.043008
27 0.704215 0.396188 0.039296 0.043008
250 0.185758 0.160666 0.157185 0.172032
27 0.625098 0.289935 0.039296 0.043008
232 0.731475 0.448759 0.117889 0.129024
27 0.734117 0.225498 0.039296 0.043008
233 0.940096 0.358167 0.117889 0.129024
27 0.550707 0.373780 0.039296 0.043008
27 0.823379 0.344672 0.039296 0.043008
232 0.888872 0.404815 0.117889 0.129024
233 0.510252 0.493399 0.117889 0.129024
232 0.453342 0.439829 0.117889 0.129024
21 0.598885 0.138499 0.288173 0.315392
28 0.788203 0.077263 0.117889 0.129024
