0 0.008097 0.426770 0.052395 0.057344
255 0.461954 0.552219 0.157185 0.172032
34 0.131749 0.369191 0.065494 0.071680
27 0.537338 0.238000 0.039296 0.043008
34 0.055000 0.469921 0.065494 0.071680
34 0.262933 0.181018 0.065494 0.071680
34 0.274242 0.247878 0.065494 0.071680
28 0.550138 0.171923 0.117889 0.129024
17 0.539995 0.309884 0.078593 0.086016
0 0.098709 0.514501 0.052395 0.057344
28 0.603534 0.377837 0.117889 0.129024
0 0.049815 0.544823 0.052395 0.057344
255 0.683270 0.555954 0.157185 0.172032
34 0.120405 0.439751 0.065494 0.071680
31 0.407323 0.239840 0.189932 0.207872
41 0.463395 0.397759 0.189932 0.207872
34 0.307747 0.337913 0.065494 0.071680
