84 0.755283 0.421497 0.039296 0.043008
61 0.770197 0.038913 0.117889 0.129024
84 0.659580 0.440561 0.039296 0.043008
232 0.517985 0.640289 0.117889 0.129024
88 0.843741 0.438606 0.039296 0.043008
232 0.516048 0.846811 0.117889 0.129024
233 0.404452 0.429789 0.117889 0.129024
88 0.879973 0.440358 0.039296 0.043008
88 0.871679 0.481522 0.039296 0.043008
84 0.128233 0.659801 0.039296 0.043008
88 0.776739 0.404552 0.039296 0.043008
84 0.562949 0.437384 0.039296 0.043008
232 0.518953 0.537004 0.117889 0.129024
233 0.574826 0.589321 0.117889 0.129024
58 0.633881 0.000672 0.189932 0.207872
233 0.572896 0.794243 0.117889 0.129024
88 0.836445 0.480786 0.039296 0.043008
88 0.813509 0.390804 0.039296 0.043008
84 0.522649 0.450066 0.039296 0.043008
232 0.517016 0.743558 0.117889 0.129024
250 0.193815 0.368729 0.157185 0.172032
88 0.862610 0.409907 0.039296 0.043008
88 0.903894 0.467613 0.039296 0.043008
233 0.345836 0.374904 0.117889 0.129024
