142 0.104410 0.497806 0.013099 0.014336
164 0.125188 0.677698 0.052395 0.057344
122 0.333219 0.867545 0.104790 0.114688
164 0.215598 0.610665 0.052395 0.057344
164 0.281647 0.401133 0.052395 0.057344
164 0.037971 0.088736 0.052395 0.057344
119 0.081216 0.510941 0.013099 0.014336
164 0.327872 0.566244 0.052395 0.057344
164 0.001409 0.121978 0.052395 0.057344
251 0.428219 0.158780 0.117889 0.129024
164 0.058441 0.146125 0.052395 0.057344
130 0.091287 0.326793 0.288173 0.315392
164 0.171536 0.645770 0.052395 0.057344
152 0.923045 0.623270 0.104790 0.114688
152 0.984718 0.584077 0.104790 0.114688
232 0.126046 0.001112 0.117889 0.129024
164 0.235668 0.429984 0.052395 0.057344
119 0.083151 0.472941 0.013099 0.014336
164 0.266211 0.473294 0.052395 0.057344
142 0.097713 0.470976 0.013099 0.014336
164 0.257990 0.522855 0.052395 0.057344
164 0.369616 0.599430 0.052395 0.057344
