27 0.442434 0.343783 0.039296 0.043008
27 0.578338 0.241426 0.039296 0.043008
232 0.136802 0.101536 0.117889 0.129024
3 0.639634 0.448013 0.176834 0.193536
27 0.225734 0.180008 0.039296 0.043008
233 0.072897 0.041030 0.117889 0.129024
27 0.159285 0.152856 0.039296 0.043008
27 0.327131 0.126246 0.039296 0.043008
27 0.610932 0.351589 0.039296 0.043008
27 0.221712 0.089153 0.039296 0.043008
250 0.410265 0.440677 0.157185 0.172032
27 0.610574 0.350401 0.039296 0.043008
250 0.639634 0.448013 0.157185 0.172032
232 0.135801 0.211654 0.117889 0.129024
27 0.481487 0.225478 0.039296 0.043008
3 0.410265 0.440677 0.176834 0.193536
27 0.157412 0.006441 0.039296 0.043008
21 0.531024 0.079819 0.288173 0.315392
27 0.230107 0.178889 0.039296 0.043008
27 0.158573 0.152740 0.039296 0.043008
233 0.071892 0.152090 0.117889 0.129024
41 0.751905 0.147995 0.189932 0.207872
27 0.342107 0.067551 0.039296 0.043008
28 0.198275 0.297399 0.117889 0.129024
27 0.159853 0.047962 0.039296 0.043008
27 0.346490 0.057340 0.039296 0.043008
