255 0.416265 0.726327 0.157185 0.172032
48 0.534969 0.464932 0.189932 0.207872
96 0.560768 0.751252 0.130988 0.143360
97 0.446910 0.594272 0.130988 0.143360
88 0.078673 0.466742 0.039296 0.043008
48 0.963167 0.673384 0.189932 0.207872
88 0.368151 0.624311 0.039296 0.043008
48 0.701014 0.622441 0.189932 0.207872
88 0.117393 0.654728 0.039296 0.043008
88 0.975604 0.042922 0.039296 0.043008
237 0.140415 0.728272 0.117889 0.129024
88 0.216341 0.555924 0.039296 0.043008
235 0.203997 0.673336 0.117889 0.129024
51 0.674928 0.494574 0.117889 0.129024
48 0.964594 0.526396 0.189932 0.207872
57 0.813367 0.121944 0.189932 0.207872
48 0.301635 0.134926 0.189932 0.207872
57 0.968480 0.134349 0.189932 0.207872
97 0.562233 0.595545 0.130988 0.143360
85 0.416265 0.726327 0.176834 0.193536
50 0.450838 0.172181 0.117889 0.129024
96 0.449854 0.277727 0.130988 0.143360
78 0.238131 0.347661 0.288173 0.315392
51 0.834591 0.648398 0.117889 0.129024
