34 0.076995 0.387417 0.065494 0.071680
237 0.726938 0.164655 0.117889 0.129024
34 0.090514 0.007405 0.065494 0.071680
34 0.163659 0.024539 0.065494 0.071680
255 0.475667 0.609261 0.157185 0.172032
34 0.029272 0.225951 0.065494 0.071680
235 0.724100 0.462531 0.117889 0.129024
31 0.182760 0.285671 0.189932 0.207872
44 0.134122 0.109964 0.052395 0.057344
28 0.391063 0.426492 0.117889 0.129024
235 0.779089 0.217771 0.117889 0.129024
28 0.334333 0.214805 0.117889 0.129024
44 0.034652 0.097484 0.052395 0.057344
237 0.727884 0.065333 0.117889 0.129024
237 0.670189 0.510924 0.117889 0.129024
34 0.041330 0.294817 0.065494 0.071680
17 0.323635 0.356954 0.078593 0.086016
235 0.674936 0.010635 0.117889 0.129024
237 0.778146 0.316324 0.117889 0.129024
44 0.064514 0.173579 0.052395 0.057344
255 0.240918 0.607139 0.157185 0.172032
235 0.725046 0.363253 0.117889 0.129024
35 0.536378 0.150831 0.189932 0.207872
41 0.242377 0.448001 0.189932 0.207872
27 0.331150 0.058302 0.039296 0.043008
