88 0.471267 0.673650 0.039296 0.043008
88 0.270084 0.396720 0.039296 0.043008
88 0.389171 0.729873 0.039296 0.043008
85 0.071490 0.222374 0.176834 0.193536
97 0.693027 0.641580 0.130988 0.143360
235 0.163529 0.666488 0.117889 0.129024
237 0.100264 0.611168 0.117889 0.129024
88 0.484266 0.761896 0.039296 0.043008
88 0.484948 0.797937 0.039296 0.043008
88 0.291287 0.754042 0.039296 0.043008
88 0.283954 0.572420 0.039296 0.043008
235 0.102268 0.390117 0.117889 0.129024
255 0.664363 0.769320 0.157185 0.172032
85 0.664363 0.769320 0.176834 0.193536
88 0.223952 0.619271 0.039296 0.043008
51 0.906137 0.543737 0.117889 0.129024
48 0.557742 0.199078 0.189932 0.207872
96 0.225116 0.802495 0.130988 0.143360
48 0.930479 0.667225 0.189932 0.207872
88 0.188155 0.393617 0.039296 0.043008
88 0.179569 0.570065 0.039296 0.043008
235 0.101266 0.500652 0.117889 0.129024
96 0.799287 0.792588 0.130988 0.143360
97 0.800729 0.642086 0.130988 0.143360
96 0.695927 0.335782 0.130988 0.143360
88 0.138251 0.439110 0.039296 0.043008
237 0.407280 0.772762 0.117889 0.129024
237 0.036923 0.443437 0.117889 0.129024
255 0.071490 0.222374 0.157185 0.172032
88 0.387220 0.689380 0.039296 0.043008
88 0.239996 0.430671 0.039296 0.043008
235 0.466504 0.719392 0.117889 0.129024
48 0.775319 0.516034 0.189932 0.207872
88 0.597796 0.623258 0.039296 0.043008
50 0.696897 0.233821 0.117889 0.129024
88 0.199256 0.476950 0.039296 0.043008
78 0.498460 0.404899 0.288173 0.315392
