124 0.550871 0.062610 0.039296 0.043008
124 0.235798 0.321008 0.039296 0.043008
233 0.276738 0.100286 0.117889 0.129024
119 0.593572 0.516037 0.013099 0.014336
250 0.179459 0.530760 0.157185 0.172032
124 0.297407 0.287905 0.039296 0.043008
124 0.530671 0.230503 0.039296 0.043008
167 0.422755 0.588329 0.189932 0.207872
233 0.214308 0.150006 0.117889 0.129024
124 0.426533 0.443858 0.039296 0.043008
124 0.402141 0.375360 0.039296 0.043008
233 0.572536 0.019086 0.117889 0.129024
124 0.340338 0.156545 0.039296 0.043008
124 0.650620 0.121970 0.039296 0.043008
232 0.628254 0.075743 0.117889 0.129024
124 0.426096 0.331429 0.039296 0.043008
124 0.477636 0.108570 0.039296 0.043008
124 0.312771 0.210062 0.039296 0.043008
124 0.293123 0.490609 0.039296 0.043008
124 0.232239 0.318770 0.039296 0.043008
250 0.818687 0.041649 0.157185 0.172032
232 0.456920 0.061283 0.117889 0.129024
127 0.179459 0.530760 0.176834 0.193536
232 0.212314 0.367948 0.117889 0.129024
124 0.334599 0.151453 0.039296 0.043008
124 0.554038 0.114970 0.039296 0.043008
130 0.599446 0.385654 0.288173 0.315392
124 0.614375 0.215647 0.039296 0.043008
124 0.290128 0.196310 0.039296 0.043008
232 0.213311 0.258986 0.117889 0.129024
233 0.149836 0.310441 0.117889 0.129024
