233 0.499278 0.689947 0.117889 0.129024
250 0.803064 0.391588 0.157185 0.172032
28 0.139917 0.663539 0.117889 0.129024
28 0.615780 0.256410 0.117889 0.129024
233 0.323840 0.690319 0.117889 0.129024
27 0.474545 0.645460 0.039296 0.043008
32 0.942212 0.427054 0.052395 0.057344
40 0.588553 0.124332 0.104790 0.114688
27 0.573377 0.505362 0.039296 0.043008
34 0.452113 0.050167 0.065494 0.071680
44 0.275304 0.010372 0.052395 0.057344
44 0.197898 0.026713 0.052395 0.057344
252 0.144901 0.119919 0.117889 0.129024
27 0.501170 0.593561 0.039296 0.043008
27 0.250839 0.448877 0.039296 0.043008
232 0.556352 0.638411 0.117889 0.129024
27 0.383280 0.614936 0.039296 0.043008
232 0.721555 0.589058 0.117889 0.129024
232 0.077217 0.581244 0.117889 0.129024
232 0.263943 0.636991 0.117889 0.129024
34 0.370138 0.005531 0.065494 0.071680
233 0.775269 0.539902 0.117889 0.129024
233 0.013144 0.525128 0.117889 0.129024
40 0.645971 0.180062 0.104790 0.114688
21 0.416887 0.324191 0.288173 0.315392
