179 0.776493 0.241916 0.039296 0.043008
232 0.112296 0.237987 0.117889 0.129024
159 0.672421 0.692092 0.091691 0.100352
142 0.481406 0.422379 0.013099 0.014336
251 0.805770 0.103769 0.117889 0.129024
124 0.205775 0.160102 0.039296 0.043008
119 0.535199 0.431944 0.013099 0.014336
124 0.284734 0.217021 0.039296 0.043008
124 0.196206 0.212041 0.039296 0.043008
141 0.503335 0.260355 0.288173 0.315392
122 0.877680 0.723664 0.104790 0.114688
142 0.523879 0.393924 0.013099 0.014336
233 0.048830 0.179252 0.117889 0.129024
179 0.797587 0.319668 0.039296 0.043008
124 0.528255 0.014939 0.039296 0.043008
250 0.078960 0.400640 0.157185 0.172032
124 0.169161 0.085768 0.039296 0.043008
233 0.114278 0.019533 0.117889 0.129024
159 0.723728 0.768668 0.091691 0.100352
142 0.477027 0.400119 0.013099 0.014336
124 0.477437 0.096176 0.039296 0.043008
250 0.324510 0.621588 0.157185 0.172032
124 0.238175 0.110467 0.039296 0.043008
124 0.235998 0.022686 0.039296 0.043008
124 0.394860 0.114760 0.039296 0.043008
179 0.807409 0.353812 0.039296 0.043008
124 0.194174 0.280410 0.039296 0.043008
179 0.788722 0.279660 0.039296 0.043008
142 0.434903 0.387009 0.013099 0.014336
232 0.113287 0.128769 0.117889 0.129024
