250 0.078321 0.471303 0.157185 0.172032
119 0.532796 0.475920 0.013099 0.014336
232 0.112648 0.199165 0.117889 0.129024
233 0.048190 0.250235 0.117889 0.129024
119 0.508596 0.460041 0.013099 0.014336
119 0.539178 0.460951 0.013099 0.014336
124 0.218851 0.423492 0.039296 0.043008
127 0.323879 0.689940 0.176834 0.193536
233 0.113639 0.089941 0.117889 0.129024
233 0.177034 0.040606 0.117889 0.129024
232 0.534078 0.018919 0.117889 0.129024
251 0.805156 0.167771 0.117889 0.129024
232 0.111657 0.308372 0.117889 0.129024
130 0.502710 0.327123 0.288173 0.315392
250 0.323879 0.689940 0.157185 0.172032
127 0.078321 0.471303 0.176834 0.193536
122 0.719256 0.839639 0.104790 0.114688
232 0.360122 0.003075 0.117889 0.129024
