74 0.081957 0.371097 0.039296 0.043008
74 0.166818 0.499270 0.039296 0.043008
96 0.868074 0.190247 0.130988 0.143360
74 0.181541 0.428824 0.039296 0.043008
74 0.146997 0.383771 0.039296 0.043008
73 0.126802 0.428683 0.058945 0.064512
74 0.185393 0.211645 0.039296 0.043008
74 0.183083 0.169896 0.039296 0.043008
74 0.203073 0.274619 0.039296 0.043008
74 0.141989 0.317038 0.039296 0.043008
74 0.189074 0.392401 0.039296 0.043008
74 0.322773 0.417935 0.039296 0.043008
74 0.400070 0.287889 0.039296 0.043008
74 0.755229 0.029678 0.039296 0.043008
