88 0.114699 0.583541 0.039296 0.043008
237 0.196905 0.091713 0.117889 0.129024
78 0.406803 0.479658 0.288173 0.315392
74 0.644961 0.435056 0.039296 0.043008
74 0.621511 0.469061 0.039296 0.043008
235 0.439268 0.163359 0.117889 0.129024
88 0.357701 0.150701 0.039296 0.043008
88 0.547191 0.251365 0.039296 0.043008
88 0.083104 0.291732 0.039296 0.043008
92 0.903807 0.492879 0.189932 0.207872
72 0.120833 0.472664 0.039296 0.043008
74 0.677066 0.454773 0.039296 0.043008
88 0.231384 0.141562 0.039296 0.043008
235 0.133120 0.141886 0.117889 0.129024
88 0.069126 0.349261 0.039296 0.043008
88 0.297664 0.268694 0.039296 0.043008
88 0.220539 0.140314 0.039296 0.043008
45 0.637831 0.331606 0.189932 0.207872
88 0.434478 0.208803 0.039296 0.043008
48 0.404345 0.744862 0.189932 0.207872
88 0.183814 0.192558 0.039296 0.043008
235 0.000292 0.468834 0.117889 0.129024
88 0.088563 0.470888 0.039296 0.043008
88 0.357685 0.150791 0.039296 0.043008
88 0.206269 0.473988 0.039296 0.043008
62 0.906223 0.245630 0.189932 0.207872
88 0.217282 0.245691 0.039296 0.043008
74 0.753505 0.397238 0.039296 0.043008
88 0.065825 0.348103 0.039296 0.043008
58 0.743904 0.691033 0.189932 0.207872
88 0.525087 0.285614 0.039296 0.043008
88 0.205250 0.341542 0.039296 0.043008
88 0.376511 0.292961 0.039296 0.043008
88 0.427035 0.283613 0.039296 0.043008
88 0.232519 0.451172 0.039296 0.043008
237 0.380522 0.105909 0.117889 0.129024
255 0.639777 0.125986 0.157185 0.172032
88 0.847829 0.241956 0.039296 0.043008
88 0.025327 0.420809 0.039296 0.043008
88 0.172167 0.563245 0.039296 0.043008
85 0.639777 0.125986 0.176834 0.193536
235 0.002306 0.244806 0.117889 0.129024
