130 0.362386 0.203554 0.288173 0.315392
142 0.403436 0.353225 0.013099 0.014336
124 0.030717 0.026073 0.039296 0.043008
251 0.676468 0.046430 0.117889 0.129024
142 0.363452 0.362248 0.013099 0.014336
250 0.176514 0.570657 0.157185 0.172032
159 0.858876 0.507515 0.091691 0.100352
179 0.773156 0.330055 0.039296 0.043008
179 0.714616 0.423492 0.039296 0.043008
159 0.354067 0.686065 0.091691 0.100352
142 0.386851 0.347125 0.013099 0.014336
124 0.235378 0.056054 0.039296 0.043008
179 0.718241 0.351607 0.039296 0.043008
124 0.043980 0.024226 0.039296 0.043008
179 0.677900 0.428223 0.039296 0.043008
142 0.325634 0.355667 0.013099 0.014336
