141 0.075608 0.414488 0.288173 0.315392
159 0.209729 0.663874 0.091691 0.100352
142 0.025507 0.573907 0.013099 0.014336
47 0.671500 0.349418 0.078593 0.086016
142 0.110118 0.585497 0.013099 0.014336
142 0.044085 0.573634 0.013099 0.014336
47 0.668634 0.390705 0.078593 0.086016
233 0.044330 0.021014 0.117889 0.129024
124 0.103508 0.129662 0.039296 0.043008
159 0.051012 0.167992 0.091691 0.100352
151 0.385196 0.316556 0.189932 0.207872
250 0.327438 0.045108 0.157185 0.172032
159 0.191002 0.573259 0.091691 0.100352
142 0.137750 0.572032 0.013099 0.014336
142 0.077686 0.566538 0.013099 0.014336
124 0.018555 0.079270 0.039296 0.043008
47 0.670828 0.353549 0.078593 0.086016
232 0.108599 0.081798 0.117889 0.129024
142 0.127525 0.566503 0.013099 0.014336
