164 0.128644 0.751959 0.052395 0.057344
164 0.141201 0.687550 0.052395 0.057344
164 0.014409 0.785101 0.052395 0.057344
164 0.090178 0.633883 0.052395 0.057344
164 0.054326 0.414134 0.052395 0.057344
164 0.526229 0.276910 0.052395 0.057344
164 0.034770 0.735056 0.052395 0.057344
164 0.002505 0.686122 0.052395 0.057344
251 0.425787 0.420074 0.117889 0.129024
111 0.070241 0.582860 0.039296 0.043008
164 0.200924 0.677515 0.052395 0.057344
142 0.059565 0.775394 0.013099 0.014336
233 0.060303 0.214989 0.117889 0.129024
111 0.037571 0.540047 0.039296 0.043008
142 0.095504 0.754151 0.013099 0.014336
164 0.089837 0.713741 0.052395 0.057344
164 0.166140 0.636930 0.052395 0.057344
232 0.123574 0.273334 0.117889 0.129024
111 0.081350 0.546370 0.039296 0.043008
152 0.920636 0.872211 0.104790 0.114688
111 0.019074 0.500852 0.039296 0.043008
152 0.982323 0.830431 0.104790 0.114688
