74 0.512946 0.066217 0.039296 0.043008
95 0.983103 0.292684 0.117889 0.129024
52 0.931929 0.663067 0.130988 0.143360
78 0.291340 0.064623 0.288173 0.315392
74 0.649060 0.000799 0.039296 0.043008
74 0.570248 0.054887 0.039296 0.043008
88 0.031545 0.141277 0.039296 0.043008
48 0.288864 0.334314 0.189932 0.207872
88 0.003017 0.149578 0.039296 0.043008
92 0.803993 0.106676 0.189932 0.207872
95 0.933849 0.141993 0.117889 0.129024
58 0.639226 0.298937 0.189932 0.207872
57 0.162903 0.493055 0.189932 0.207872
92 0.855186 0.260507 0.189932 0.207872
74 0.537129 0.032987 0.039296 0.043008
