74 0.222700 0.516771 0.039296 0.043008
74 0.249526 0.452954 0.039296 0.043008
74 0.213150 0.690222 0.039296 0.043008
74 0.325129 0.459962 0.039296 0.043008
102 0.312396 0.711386 0.078593 0.086016
74 0.296758 0.593612 0.039296 0.043008
74 0.065326 0.661036 0.039296 0.043008
90 0.274729 0.656019 0.091691 0.100352
74 0.286213 0.470591 0.039296 0.043008
74 0.219195 0.555138 0.039296 0.043008
74 0.257957 0.568987 0.039296 0.043008
74 0.293364 0.506141 0.039296 0.043008
74 0.262469 0.528135 0.039296 0.043008
90 0.150664 0.526373 0.091691 0.100352
90 0.142526 0.410145 0.091691 0.100352
75 0.405278 0.719056 0.078593 0.086016
74 0.346003 0.564499 0.039296 0.043008
74 0.111958 0.606847 0.039296 0.043008
74 0.251336 0.416542 0.039296 0.043008
73 0.198979 0.466609 0.058945 0.064512
74 0.214269 0.398562 0.039296 0.043008
73 0.119917 0.653567 0.058945 0.064512
74 0.296727 0.557362 0.039296 0.043008
74 0.239250 0.601457 0.039296 0.043008
91 0.048554 0.459182 0.091691 0.100352
73 0.186535 0.593467 0.058945 0.064512
74 0.323941 0.530649 0.039296 0.043008
73 0.185731 0.650254 0.058945 0.064512
