179 0.665407 0.543492 0.039296 0.043008
124 0.230248 0.383383 0.039296 0.043008
232 0.211314 0.165709 0.117889 0.129024
130 0.359708 0.492746 0.288173 0.315392
119 0.277683 0.613396 0.013099 0.014336
232 0.392225 0.177944 0.117889 0.129024
179 0.643489 0.465022 0.039296 0.043008
124 0.387043 0.227407 0.039296 0.043008
233 0.020740 0.208113 0.117889 0.129024
124 0.153968 0.429746 0.039296 0.043008
250 0.173812 0.866849 0.157185 0.172032
119 0.386631 0.628195 0.013099 0.014336
233 0.333380 0.120890 0.117889 0.129024
179 0.675612 0.577932 0.039296 0.043008
179 0.656194 0.503051 0.039296 0.043008
119 0.317375 0.641338 0.013099 0.014336
124 0.090293 0.338143 0.039296 0.043008
124 0.310549 0.165622 0.039296 0.043008
159 0.535547 0.926904 0.091691 0.100352
251 0.673840 0.323417 0.117889 0.129024
142 0.375069 0.659032 0.013099 0.014336
124 0.233170 0.213313 0.039296 0.043008
119 0.362355 0.630798 0.013099 0.014336
