232 0.692579 0.718082 0.117889 0.129024
3 0.317676 0.774056 0.176834 0.193536
250 0.883256 0.270434 0.157185 0.172032
27 0.783949 0.415928 0.039296 0.043008
27 0.776064 0.504392 0.039296 0.043008
27 0.518887 0.650706 0.039296 0.043008
232 0.524592 0.719121 0.117889 0.129024
27 0.765846 0.489493 0.039296 0.043008
27 0.616995 0.725413 0.039296 0.043008
27 0.648213 0.534806 0.039296 0.043008
233 0.580985 0.770520 0.117889 0.129024
27 0.780623 0.412262 0.039296 0.043008
233 0.907123 0.469672 0.117889 0.129024
27 0.723056 0.428662 0.039296 0.043008
232 0.854854 0.517948 0.117889 0.129024
27 0.766220 0.453109 0.039296 0.043008
27 0.828528 0.461418 0.039296 0.043008
27 0.367013 0.673697 0.039296 0.043008
250 0.317676 0.774056 0.157185 0.172032
28 0.751916 0.186714 0.117889 0.129024
27 0.427284 0.550500 0.039296 0.043008
233 0.800763 0.667247 0.117889 0.129024
27 0.725119 0.671426 0.039296 0.043008
27 0.520847 0.674927 0.039296 0.043008
27 0.558936 0.567146 0.039296 0.043008
233 0.853864 0.617511 0.117889 0.129024
27 0.783697 0.575529 0.039296 0.043008
27 0.765015 0.449139 0.039296 0.043008
232 0.855813 0.418339 0.117889 0.129024
3 0.883256 0.270434 0.176834 0.193536
27 0.603089 0.726206 0.039296 0.043008
21 0.498786 0.405018 0.288173 0.315392
27 0.629547 0.616325 0.039296 0.043008
