164 0.481704 0.278022 0.052395 0.057344
27 0.586572 0.698083 0.039296 0.043008
28 0.699289 0.111452 0.117889 0.129024
164 0.582295 0.332523 0.052395 0.057344
27 0.375373 0.804210 0.039296 0.043008
164 0.587431 0.427121 0.052395 0.057344
164 0.619079 0.073905 0.052395 0.057344
232 0.694769 0.590259 0.117889 0.129024
164 0.502432 0.484842 0.052395 0.057344
27 0.607390 0.566436 0.039296 0.043008
27 0.450128 0.752600 0.039296 0.043008
27 0.297767 0.751987 0.039296 0.043008
164 0.618923 0.199689 0.052395 0.057344
22 0.326580 0.266865 0.052395 0.057344
164 0.621223 0.383835 0.052395 0.057344
164 0.495844 0.325640 0.052395 0.057344
233 0.693780 0.690979 0.117889 0.129024
27 0.651860 0.531271 0.039296 0.043008
164 0.441994 0.315794 0.052395 0.057344
164 0.524138 0.366305 0.052395 0.057344
164 0.461328 0.362203 0.052395 0.057344
250 0.724085 0.339602 0.157185 0.172032
27 0.621930 0.487862 0.039296 0.043008
16 0.022276 0.388775 0.039296 0.043008
27 0.374874 0.803641 0.039296 0.043008
27 0.307696 0.653193 0.039296 0.043008
233 0.748860 0.540874 0.117889 0.129024
27 0.626708 0.652459 0.039296 0.043008
27 0.601877 0.382587 0.039296 0.043008
164 0.577643 0.284396 0.052395 0.057344
164 0.550042 0.464351 0.052395 0.057344
27 0.433325 0.715713 0.039296 0.043008
233 0.352260 0.850177 0.117889 0.129024
27 0.445219 0.240439 0.039296 0.043008
164 0.573571 0.380149 0.052395 0.057344
233 0.638820 0.741866 0.117889 0.129024
28 0.851594 0.764460 0.117889 0.129024
3 0.724085 0.339602 0.176834 0.193536
27 0.355105 0.659105 0.039296 0.043008
164 0.599791 0.242872 0.052395 0.057344
164 0.483003 0.404530 0.052395 0.057344
27 0.453379 0.586558 0.039296 0.043008
27 0.602030 0.562445 0.039296 0.043008
164 0.435160 0.251028 0.052395 0.057344
250 0.504543 0.121650 0.157185 0.172032
21 0.325820 0.479683 0.288173 0.315392
232 0.695727 0.489492 0.117889 0.129024
3 0.504543 0.121650 0.176834 0.193536
27 0.593242 0.487064 0.039296 0.043008
164 0.614311 0.122186 0.052395 0.057344
27 0.676430 0.545240 0.039296 0.043008
164 0.534891 0.417658 0.052395 0.057344
232 0.292846 0.798377 0.117889 0.129024
232 0.469704 0.795431 0.117889 0.129024
