27 0.302279 0.705992 0.039296 0.043008
164 0.498011 0.447656 0.052395 0.057344
22 0.326580 0.266865 0.052395 0.057344
27 0.375424 0.801794 0.039296 0.043008
27 0.399428 0.332546 0.039296 0.043008
27 0.564775 0.679795 0.039296 0.043008
164 0.489326 0.399242 0.052395 0.057344
164 0.437171 0.329445 0.052395 0.057344
233 0.638820 0.741866 0.117889 0.129024
27 0.586572 0.698083 0.039296 0.043008
44 0.359928 0.191793 0.052395 0.057344
232 0.695727 0.489492 0.117889 0.129024
28 0.699289 0.111452 0.117889 0.129024
27 0.621930 0.487862 0.039296 0.043008
233 0.352260 0.850177 0.117889 0.129024
27 0.620343 0.567865 0.039296 0.043008
164 0.618270 0.366200 0.052395 0.057344
233 0.693780 0.690979 0.117889 0.129024
27 0.623247 0.656883 0.039296 0.043008
21 0.325820 0.479683 0.288173 0.315392
27 0.400869 0.644429 0.039296 0.043008
3 0.724085 0.339602 0.176834 0.193536
16 0.022276 0.388775 0.039296 0.043008
250 0.504543 0.121650 0.157185 0.172032
164 0.536137 0.370231 0.052395 0.057344
3 0.504543 0.121650 0.176834 0.193536
164 0.604473 0.418335 0.052395 0.057344
164 0.540819 0.419882 0.052395 0.057344
164 0.488916 0.345812 0.052395 0.057344
27 0.676430 0.545240 0.039296 0.043008
164 0.577491 0.348416 0.052395 0.057344
27 0.499088 0.484577 0.039296 0.043008
164 0.457521 0.242408 0.052395 0.057344
164 0.585835 0.052198 0.052395 0.057344
27 0.493793 0.535798 0.039296 0.043008
164 0.579628 0.253597 0.052395 0.057344
27 0.449561 0.751347 0.039296 0.043008
232 0.694769 0.590259 0.117889 0.129024
164 0.645715 0.049880 0.052395 0.057344
27 0.566066 0.617649 0.039296 0.043008
164 0.389344 0.303267 0.052395 0.057344
164 0.373641 0.252399 0.052395 0.057344
164 0.587088 0.301535 0.052395 0.057344
232 0.469704 0.795431 0.117889 0.129024
27 0.374874 0.803641 0.039296 0.043008
27 0.357580 0.676649 0.039296 0.043008
164 0.474940 0.294278 0.052395 0.057344
232 0.292846 0.798377 0.117889 0.129024
44 0.304485 0.196299 0.052395 0.057344
233 0.748860 0.540874 0.117889 0.129024
164 0.598295 0.201923 0.052395 0.057344
27 0.297767 0.751987 0.039296 0.043008
250 0.724085 0.339602 0.157185 0.172032
28 0.851594 0.764460 0.117889 0.129024
27 0.501670 0.508124 0.039296 0.043008
164 0.614191 0.153539 0.052395 0.057344
