235 0.317554 0.626180 0.117889 0.129024
88 0.090189 0.501507 0.039296 0.043008
88 0.056588 0.291192 0.039296 0.043008
88 0.018565 0.469748 0.039296 0.043008
96 0.065960 0.707909 0.130988 0.143360
85 0.523556 0.679715 0.176834 0.193536
88 0.027273 0.289671 0.039296 0.043008
96 0.556266 0.237805 0.130988 0.143360
48 0.800208 0.579068 0.189932 0.207872
97 0.553340 0.549759 0.130988 0.143360
50 0.557244 0.133790 0.117889 0.129024
48 0.638893 0.422796 0.189932 0.207872
88 0.236984 0.635867 0.039296 0.043008
88 0.172104 0.320803 0.039296 0.043008
88 0.469419 0.562608 0.039296 0.043008
88 0.064689 0.520711 0.039296 0.043008
88 0.322501 0.579544 0.039296 0.043008
88 0.025513 0.673220 0.039296 0.043008
96 0.663895 0.705193 0.130988 0.143360
78 0.350742 0.305555 0.288173 0.315392
88 0.269957 0.487036 0.039296 0.043008
97 0.665351 0.551709 0.130988 0.143360
88 0.026737 0.377633 0.039296 0.043008
57 0.909547 0.086129 0.189932 0.207872
48 0.412410 0.096310 0.189932 0.207872
88 0.800745 0.523097 0.039296 0.043008
237 0.255869 0.679897 0.117889 0.129024
51 0.774880 0.452832 0.117889 0.129024
255 0.523556 0.679715 0.157185 0.172032
235 0.001666 0.568146 0.117889 0.129024
