168 0.525457 0.416374 0.117889 0.129024
142 0.334291 0.326712 0.013099 0.014336
130 0.325764 0.172870 0.288173 0.315392
164 0.177002 0.492104 0.052395 0.057344
164 0.163562 0.540806 0.052395 0.057344
164 0.000337 0.456181 0.052395 0.057344
168 0.467969 0.517236 0.117889 0.129024
44 0.111905 0.182658 0.052395 0.057344
142 0.336311 0.345479 0.013099 0.014336
164 0.057763 0.472664 0.052395 0.057344
44 0.391233 0.017986 0.052395 0.057344
164 0.114731 0.494497 0.052395 0.057344
44 0.152463 0.233715 0.052395 0.057344
44 0.327460 0.011005 0.052395 0.057344
