250 0.955465 0.570091 0.157185 0.172032
179 0.521982 0.164809 0.039296 0.043008
179 0.535318 0.131838 0.039296 0.043008
179 0.494644 0.240233 0.039296 0.043008
150 0.288984 0.343985 0.117889 0.129024
179 0.454948 0.188065 0.039296 0.043008
122 0.803269 0.216273 0.104790 0.114688
179 0.566197 0.056602 0.039296 0.043008
179 0.588586 0.087553 0.039296 0.043008
179 0.553997 0.101567 0.039296 0.043008
179 0.456703 0.226632 0.039296 0.043008
179 0.522603 0.077603 0.039296 0.043008
155 0.943480 0.217356 0.104790 0.114688
155 0.868876 0.181995 0.104790 0.114688
179 0.529408 0.041240 0.039296 0.043008
179 0.494798 0.202636 0.039296 0.043008
179 0.496009 0.133599 0.039296 0.043008
