124 0.500859 0.182802 0.039296 0.043008
124 0.416267 0.086511 0.039296 0.043008
232 0.082786 0.360711 0.117889 0.129024
166 0.358041 0.905885 0.189932 0.207872
127 0.709299 0.029830 0.176834 0.193536
159 0.514704 0.553345 0.091691 0.100352
124 0.199779 0.474191 0.039296 0.043008
232 0.335682 0.049164 0.117889 0.129024
124 0.567101 0.246248 0.039296 0.043008
124 0.456491 0.105462 0.039296 0.043008
250 0.048828 0.526313 0.157185 0.172032
151 0.969365 0.299100 0.189932 0.207872
127 0.048828 0.526313 0.176834 0.193536
119 0.505575 0.514693 0.013099 0.014336
124 0.170910 0.284289 0.039296 0.043008
232 0.512712 0.064150 0.117889 0.129024
135 0.809546 0.791539 0.189932 0.207872
124 0.239975 0.460261 0.039296 0.043008
124 0.168025 0.355339 0.039296 0.043008
108 0.864892 0.492344 0.189932 0.207872
124 0.267768 0.311554 0.039296 0.043008
124 0.654090 0.113826 0.039296 0.043008
141 0.482997 0.379084 0.288173 0.315392
250 0.709299 0.029830 0.157185 0.172032
124 0.433836 0.090241 0.039296 0.043008
119 0.497808 0.544990 0.013099 0.014336
232 0.083789 0.249869 0.117889 0.129024
124 0.288502 0.363248 0.039296 0.043008
124 0.394476 0.181834 0.039296 0.043008
