96 0.895813 0.077841 0.130988 0.143360
74 0.037882 0.644680 0.039296 0.043008
99 0.374918 0.523177 0.104790 0.114688
74 0.305107 0.556649 0.039296 0.043008
74 0.258275 0.648240 0.039296 0.043008
74 0.391873 0.589703 0.039296 0.043008
75 0.233085 0.079676 0.078593 0.086016
91 0.082664 0.825055 0.091691 0.100352
74 0.346039 0.591849 0.039296 0.043008
74 0.263373 0.617580 0.039296 0.043008
90 0.259774 0.507568 0.091691 0.100352
73 0.072045 0.680201 0.058945 0.064512
74 0.147922 0.660773 0.039296 0.043008
90 0.002591 0.734385 0.091691 0.100352
74 0.307430 0.613445 0.039296 0.043008
74 0.357468 0.629612 0.039296 0.043008
74 0.402870 0.624857 0.039296 0.043008
74 0.461588 0.534489 0.039296 0.043008
74 0.151663 0.691181 0.039296 0.043008
73 0.202760 0.621960 0.058945 0.064512
74 0.293850 0.640505 0.039296 0.043008
70 0.292200 0.148422 0.078593 0.086016
88 0.777974 0.276422 0.039296 0.043008
73 0.209013 0.669523 0.058945 0.064512
74 0.082108 0.719176 0.039296 0.043008
74 0.500823 0.526434 0.039296 0.043008
75 0.524715 0.795022 0.078593 0.086016
73 0.182852 0.568058 0.058945 0.064512
90 0.102428 0.611597 0.091691 0.100352
74 0.295017 0.583135 0.039296 0.043008
102 0.483424 0.729034 0.078593 0.086016
74 0.257520 0.560967 0.039296 0.043008
74 0.240437 0.588432 0.039296 0.043008
