255 0.482994 0.005150 0.157185 0.172032
74 0.488514 0.321289 0.039296 0.043008
88 0.041238 0.429061 0.039296 0.043008
88 0.262112 0.146535 0.039296 0.043008
235 0.273351 0.039898 0.117889 0.129024
88 0.060646 0.292589 0.039296 0.043008
78 0.239489 0.363018 0.288173 0.315392
57 0.109363 0.799155 0.189932 0.207872
88 0.056441 0.014284 0.039296 0.043008
85 0.482994 0.005150 0.176834 0.193536
74 0.464020 0.355680 0.039296 0.043008
48 0.237008 0.634368 0.189932 0.207872
95 0.890250 0.414878 0.117889 0.129024
88 0.112751 0.208196 0.039296 0.043008
88 0.092187 0.244670 0.039296 0.043008
92 0.758782 0.384616 0.189932 0.207872
88 0.029500 0.353942 0.039296 0.043008
45 0.481029 0.215385 0.189932 0.207872
62 0.761223 0.132033 0.189932 0.207872
88 0.409220 0.103384 0.039296 0.043008
88 0.187981 0.025689 0.039296 0.043008
58 0.591952 0.584582 0.189932 0.207872
88 0.051166 0.330122 0.039296 0.043008
74 0.522063 0.341976 0.039296 0.043008
88 0.268355 0.086316 0.039296 0.043008
88 0.065716 0.031961 0.039296 0.043008
88 0.180264 0.859454 0.039296 0.043008
88 0.335200 0.210094 0.039296 0.043008
88 0.119648 0.134822 0.039296 0.043008
92 0.810628 0.537196 0.189932 0.207872
88 0.816432 0.480962 0.039296 0.043008
74 0.601881 0.284413 0.039296 0.043008
88 0.187983 0.025448 0.039296 0.043008
88 0.213700 0.205557 0.039296 0.043008
