164 0.302125 0.455630 0.052395 0.057344
119 0.083151 0.472941 0.013099 0.014336
152 0.923045 0.623270 0.104790 0.114688
119 0.081216 0.510941 0.013099 0.014336
164 0.243510 0.423809 0.052395 0.057344
152 0.984718 0.584077 0.104790 0.114688
122 0.333219 0.867545 0.104790 0.114688
164 0.376655 0.348822 0.052395 0.057344
164 0.297403 0.506093 0.052395 0.057344
251 0.428219 0.158780 0.117889 0.129024
232 0.126046 0.001112 0.117889 0.129024
130 0.091287 0.326793 0.288173 0.315392
164 0.393250 0.295352 0.052395 0.057344
142 0.105734 0.502318 0.013099 0.014336
44 0.007151 0.482783 0.052395 0.057344
164 0.273835 0.355956 0.052395 0.057344
164 0.294810 0.403217 0.052395 0.057344
164 0.304763 0.555699 0.052395 0.057344
164 0.323807 0.334268 0.052395 0.057344
