159 0.352292 0.877874 0.091691 0.100352
124 0.377298 0.234855 0.039296 0.043008
142 0.411180 0.533009 0.013099 0.014336
142 0.331875 0.545537 0.013099 0.014336
124 0.028909 0.226649 0.039296 0.043008
179 0.716503 0.534113 0.039296 0.043008
142 0.306010 0.556018 0.013099 0.014336
232 0.393125 0.080943 0.117889 0.129024
232 0.212223 0.066314 0.117889 0.129024
179 0.771424 0.511143 0.039296 0.043008
159 0.857155 0.686279 0.091691 0.100352
124 0.318722 0.214312 0.039296 0.043008
179 0.676157 0.611739 0.039296 0.043008
179 0.712878 0.606055 0.039296 0.043008
124 0.108629 0.109346 0.039296 0.043008
142 0.374906 0.552103 0.013099 0.014336
124 0.012252 0.208463 0.039296 0.043008
250 0.174722 0.767147 0.157185 0.172032
233 0.334283 0.023096 0.117889 0.129024
233 0.021657 0.106209 0.117889 0.129024
124 0.335435 0.239173 0.039296 0.043008
130 0.360610 0.395400 0.288173 0.315392
251 0.674724 0.230179 0.117889 0.129024
