27 0.049945 0.359835 0.039296 0.043008
27 0.113211 0.532831 0.039296 0.043008
27 0.253123 0.483856 0.039296 0.043008
27 0.115136 0.324148 0.039296 0.043008
27 0.320230 0.111769 0.039296 0.043008
233 0.343804 0.044038 0.117889 0.129024
232 0.025811 0.408094 0.117889 0.129024
27 0.113724 0.410719 0.039296 0.043008
27 0.342079 0.282218 0.039296 0.043008
250 0.605658 0.066410 0.157185 0.172032
27 0.251663 0.137506 0.039296 0.043008
233 0.093322 0.133484 0.117889 0.129024
232 0.026817 0.296433 0.117889 0.129024
27 0.407061 0.147910 0.039296 0.043008
27 0.302020 0.312479 0.039296 0.043008
7 0.867979 0.884393 0.189932 0.207872
27 0.154071 0.185619 0.039296 0.043008
21 0.429789 0.422079 0.288173 0.315392
27 0.225468 0.387143 0.039296 0.043008
27 0.412742 0.217128 0.039296 0.043008
27 0.109227 0.232827 0.039296 0.043008
232 0.220639 0.088020 0.117889 0.129024
27 0.930703 0.776216 0.039296 0.043008
27 0.108376 0.232337 0.039296 0.043008
27 0.258403 0.368531 0.039296 0.043008
232 0.403151 0.102288 0.117889 0.129024
27 0.327043 0.141010 0.039296 0.043008
27 0.153410 0.185066 0.039296 0.043008
233 0.027788 0.184719 0.117889 0.129024
