78 0.676911 0.196877 0.288173 0.315392
235 0.242507 0.328476 0.117889 0.129024
237 0.243492 0.221151 0.117889 0.129024
237 0.646206 0.550204 0.117889 0.129024
237 0.420441 0.493871 0.117889 0.129024
235 0.701128 0.500868 0.117889 0.129024
88 0.625617 0.505972 0.039296 0.043008
235 0.304749 0.171602 0.117889 0.129024
255 0.884549 0.554394 0.157185 0.172032
255 0.275964 0.009176 0.157185 0.172032
88 0.678260 0.054651 0.039296 0.043008
237 0.302787 0.384507 0.117889 0.129024
235 0.477862 0.547245 0.117889 0.129024
88 0.796589 0.491663 0.039296 0.043008
