28 0.635285 0.059148 0.117889 0.129024
14 0.716104 0.244286 0.189932 0.207872
41 0.658876 0.497076 0.189932 0.207872
41 0.766203 0.651091 0.189932 0.207872
28 0.898279 0.577326 0.117889 0.129024
41 0.875519 0.254075 0.189932 0.207872
41 0.549092 0.234031 0.189932 0.207872
41 0.925626 0.405160 0.189932 0.207872
41 0.599185 0.908430 0.189932 0.207872
7 0.928850 0.059846 0.189932 0.207872
44 0.334714 0.867766 0.052395 0.057344
44 0.393762 0.783149 0.052395 0.057344
44 0.352232 0.817745 0.052395 0.057344
44 0.448052 0.791557 0.052395 0.057344
44 0.364222 0.916050 0.052395 0.057344
28 0.683602 0.778210 0.117889 0.129024
41 0.544691 0.702365 0.189932 0.207872
44 0.404578 0.729115 0.052395 0.057344
44 0.414015 0.938161 0.052395 0.057344
41 0.817310 0.851268 0.189932 0.207872
