232 0.393400 0.051347 0.117889 0.129024
232 0.212500 0.035987 0.117889 0.129024
124 0.086294 0.129046 0.039296 0.043008
179 0.676766 0.456363 0.039296 0.043008
250 0.174999 0.736727 0.157185 0.172032
124 0.234355 0.083984 0.039296 0.043008
123 0.749788 0.831897 0.104790 0.114688
159 0.536710 0.803039 0.091691 0.100352
179 0.657349 0.381122 0.039296 0.043008
179 0.644645 0.342860 0.039296 0.043008
233 0.021937 0.075117 0.117889 0.129024
124 0.044347 0.263393 0.039296 0.043008
119 0.318554 0.513612 0.013099 0.014336
159 0.590013 0.880219 0.091691 0.100352
119 0.278864 0.484976 0.013099 0.014336
124 0.036377 0.173851 0.039296 0.043008
124 0.329393 0.172859 0.039296 0.043008
130 0.360885 0.365698 0.288173 0.315392
251 0.674994 0.201731 0.117889 0.129024
119 0.363531 0.503844 0.013099 0.014336
124 0.388696 0.095759 0.039296 0.043008
179 0.666562 0.421736 0.039296 0.043008
119 0.387805 0.501659 0.013099 0.014336
