74 0.538166 0.321832 0.039296 0.043008
73 0.207246 0.487555 0.058945 0.064512
91 0.185550 0.798267 0.091691 0.100352
75 0.550880 0.729577 0.078593 0.086016
74 0.336856 0.375744 0.039296 0.043008
71 0.249049 0.448302 0.078593 0.086016
88 0.887112 0.090577 0.039296 0.043008
74 0.295789 0.378467 0.039296 0.043008
71 0.335690 0.451131 0.078593 0.086016
96 0.893618 0.305248 0.130988 0.143360
99 0.281872 0.535774 0.104790 0.114688
74 0.254124 0.373199 0.039296 0.043008
75 0.291316 0.266939 0.078593 0.086016
102 0.612363 0.854712 0.078593 0.086016
74 0.368912 0.509782 0.039296 0.043008
73 0.438907 0.407980 0.058945 0.064512
96 0.791348 0.150406 0.130988 0.143360
91 0.420975 0.856058 0.091691 0.100352
74 0.493446 0.338460 0.039296 0.043008
96 0.684463 0.142324 0.130988 0.143360
73 0.416838 0.481677 0.058945 0.064512
96 0.894564 0.207250 0.130988 0.143360
74 0.405249 0.552436 0.039296 0.043008
