232 0.469704 0.795431 0.117889 0.129024
233 0.638820 0.741866 0.117889 0.129024
232 0.292846 0.798377 0.117889 0.129024
233 0.693780 0.690979 0.117889 0.129024
232 0.694769 0.590259 0.117889 0.129024
233 0.352260 0.850177 0.117889 0.129024
164 0.352137 0.047529 0.052395 0.057344
3 0.504543 0.121650 0.176834 0.193536
164 0.237055 0.107155 0.052395 0.057344
44 0.375836 0.282023 0.052395 0.057344
233 0.748860 0.540874 0.117889 0.129024
22 0.326580 0.266865 0.052395 0.057344
250 0.724085 0.339602 0.157185 0.172032
232 0.695727 0.489492 0.117889 0.129024
27 0.308182 0.648225 0.039296 0.043008
44 0.399005 0.200389 0.052395 0.057344
27 0.411617 0.668204 0.039296 0.043008
164 0.213495 0.047859 0.052395 0.057344
164 0.184989 0.000288 0.052395 0.057344
164 0.263733 0.027232 0.052395 0.057344
179 0.391650 0.242293 0.039296 0.043008
44 0.305983 0.251034 0.052395 0.057344
44 0.325823 0.301878 0.052395 0.057344
164 0.334286 0.103829 0.052395 0.057344
44 0.000035 0.376060 0.052395 0.057344
44 0.319366 0.150202 0.052395 0.057344
3 0.724085 0.339602 0.176834 0.193536
27 0.475944 0.605456 0.039296 0.043008
21 0.325820 0.479683 0.288173 0.315392
164 0.288564 0.071692 0.052395 0.057344
27 0.405708 0.319955 0.039296 0.043008
27 0.458005 0.214804 0.039296 0.043008
44 0.348475 0.220644 0.052395 0.057344
250 0.504543 0.121650 0.157185 0.172032
27 0.556943 0.398301 0.039296 0.043008
27 0.675241 0.533522 0.039296 0.043008
27 0.620206 0.568174 0.039296 0.043008
164 0.313606 0.006751 0.052395 0.057344
27 0.606273 0.487419 0.039296 0.043008
27 0.621930 0.487862 0.039296 0.043008
27 0.505149 0.569600 0.039296 0.043008
28 0.699289 0.111452 0.117889 0.129024
