27 0.491291 0.146828 0.039296 0.043008
34 0.448120 0.060326 0.065494 0.071680
27 0.530534 0.154334 0.039296 0.043008
15 0.221394 0.534657 0.189932 0.207872
27 0.451574 0.149887 0.039296 0.043008
27 0.106485 0.564845 0.039296 0.043008
41 0.281541 0.697472 0.189932 0.207872
27 0.540448 0.075610 0.039296 0.043008
27 0.500934 0.182541 0.039296 0.043008
34 0.383241 0.079773 0.065494 0.071680
34 0.434701 0.444361 0.065494 0.071680
27 0.453940 0.186079 0.039296 0.043008
27 0.338232 0.106942 0.039296 0.043008
232 0.800952 0.071513 0.117889 0.129024
24 0.707691 0.335944 0.078593 0.086016
28 0.310812 0.831628 0.117889 0.129024
27 0.374205 0.128537 0.039296 0.043008
27 0.459791 0.114855 0.039296 0.043008
27 0.298594 0.122024 0.039296 0.043008
27 0.414032 0.139596 0.039296 0.043008
27 0.500966 0.076696 0.039296 0.043008
7 0.093148 0.698121 0.189932 0.207872
233 0.903425 0.178413 0.117889 0.129024
27 0.355018 0.170575 0.039296 0.043008
233 0.748536 0.016833 0.117889 0.129024
233 0.953516 0.230668 0.117889 0.129024
32 0.303051 0.390453 0.052395 0.057344
27 0.256814 0.105848 0.039296 0.043008
27 0.396144 0.171427 0.039296 0.043008
27 0.326337 0.066241 0.039296 0.043008
34 0.364855 0.451578 0.065494 0.071680
