232 0.670112 0.895353 0.117889 0.129024
232 0.387253 0.904262 0.117889 0.129024
250 0.909118 0.643869 0.157185 0.172032
233 0.882150 0.790740 0.117889 0.129024
21 0.535243 0.591498 0.288173 0.315392
250 0.114918 0.640229 0.157185 0.172032
32 0.668652 0.400211 0.052395 0.057344
24 0.988046 0.605575 0.078593 0.086016
252 0.272333 0.400616 0.117889 0.129024
34 0.671233 0.495140 0.065494 0.071680
34 0.414631 0.480067 0.065494 0.071680
233 0.445151 0.954551 0.117889 0.129024
34 0.619344 0.457628 0.065494 0.071680
40 0.552370 0.623773 0.104790 0.114688
233 0.144972 0.803252 0.117889 0.129024
36 0.965193 0.062159 0.045846 0.050176
232 0.206836 0.856090 0.117889 0.129024
233 0.614861 0.948024 0.117889 0.129024
232 0.830099 0.840990 0.117889 0.129024
