92 0.759937 0.131907 0.189932 0.207872
52 0.888616 0.691849 0.130988 0.143360
74 0.465111 0.092252 0.039296 0.043008
95 0.941310 0.318391 0.117889 0.129024
58 0.593071 0.326003 0.189932 0.207872
57 0.110363 0.523278 0.189932 0.207872
74 0.489610 0.058718 0.039296 0.043008
78 0.240524 0.091452 0.288173 0.315392
74 0.523167 0.080641 0.039296 0.043008
92 0.811792 0.286505 0.189932 0.207872
95 0.891431 0.166965 0.117889 0.129024
88 0.063353 0.144121 0.039296 0.043008
74 0.603003 0.025921 0.039296 0.043008
48 0.238042 0.362964 0.189932 0.207872
