88 0.017150 0.559664 0.039296 0.043008
74 0.159306 0.701160 0.039296 0.043008
74 0.185854 0.664168 0.039296 0.043008
45 0.177667 0.554351 0.189932 0.207872
88 0.098518 0.441963 0.039296 0.043008
95 0.674570 0.894195 0.117889 0.129024
95 0.620652 0.741551 0.117889 0.129024
74 0.222249 0.684032 0.039296 0.043008
92 0.478584 0.716645 0.189932 0.207872
58 0.298145 0.932829 0.189932 0.207872
62 0.481067 0.454147 0.189932 0.207872
85 0.179664 0.335517 0.176834 0.193536
74 0.308712 0.620242 0.039296 0.043008
255 0.179664 0.335517 0.157185 0.172032
92 0.534720 0.872526 0.189932 0.207872
