252 0.506009 0.980386 0.117889 0.129024
88 0.752563 0.517252 0.039296 0.043008
233 0.733430 0.294505 0.117889 0.129024
233 0.889855 0.352056 0.117889 0.129024
88 0.753229 0.338989 0.039296 0.043008
88 0.674555 0.385939 0.039296 0.043008
88 0.354635 0.458957 0.039296 0.043008
96 0.152854 0.398747 0.130988 0.143360
88 0.876112 0.645736 0.039296 0.043008
78 0.648881 0.645100 0.288173 0.315392
57 0.054836 0.697585 0.189932 0.207872
88 0.759989 0.512690 0.039296 0.043008
53 0.120116 0.533883 0.189932 0.207872
76 0.888679 0.474595 0.117889 0.129024
73 0.289977 0.622804 0.058945 0.064512
96 0.216067 0.293316 0.130988 0.143360
232 0.678917 0.341985 0.117889 0.129024
76 0.275794 0.456650 0.117889 0.129024
23 0.899376 0.241452 0.052395 0.057344
232 0.940131 0.403103 0.117889 0.129024
74 0.225060 0.628637 0.039296 0.043008
91 0.462649 0.650993 0.091691 0.100352
