232 0.126046 0.001112 0.117889 0.129024
164 0.119459 0.494468 0.052395 0.057344
164 0.024644 0.544580 0.052395 0.057344
142 0.097977 0.481276 0.013099 0.014336
122 0.333219 0.867545 0.104790 0.114688
152 0.984718 0.584077 0.104790 0.114688
251 0.428219 0.158780 0.117889 0.129024
152 0.923045 0.623270 0.104790 0.114688
130 0.091287 0.326793 0.288173 0.315392
164 0.050801 0.486622 0.052395 0.057344
142 0.062043 0.501249 0.013099 0.014336
164 0.083688 0.534277 0.052395 0.057344
164 0.354722 0.258199 0.052395 0.057344
