97 0.502193 0.416709 0.130988 0.143360
88 0.053069 0.494588 0.039296 0.043008
235 0.137644 0.486218 0.117889 0.129024
88 0.643889 0.389581 0.039296 0.043008
88 0.142818 0.438520 0.039296 0.043008
97 0.384869 0.412520 0.130988 0.143360
255 0.353704 0.545031 0.157185 0.172032
96 0.500722 0.573799 0.130988 0.143360
88 0.302495 0.436119 0.039296 0.043008
237 0.072914 0.540087 0.117889 0.129024
88 0.049149 0.492286 0.039296 0.043008
78 0.172352 0.158298 0.288173 0.315392
88 0.261844 0.348974 0.039296 0.043008
48 0.643342 0.447343 0.189932 0.207872
51 0.616798 0.317669 0.117889 0.129024
96 0.387824 0.093116 0.130988 0.143360
48 0.474443 0.284213 0.189932 0.207872
85 0.353704 0.545031 0.176834 0.193536
48 0.911268 0.357094 0.189932 0.207872
88 0.984521 0.045742 0.039296 0.043008
88 0.911892 0.301590 0.039296 0.043008
