27 0.231652 0.316568 0.039296 0.043008
179 0.930723 0.444541 0.039296 0.043008
28 0.476341 0.184904 0.117889 0.129024
31 0.142395 0.079752 0.189932 0.207872
33 0.357118 0.283808 0.117889 0.129024
26 0.418688 0.074898 0.117889 0.129024
26 0.358108 0.176915 0.117889 0.129024
33 0.298525 0.065033 0.117889 0.129024
168 0.961728 0.512119 0.117889 0.129024
42 0.340351 0.594381 0.091691 0.100352
17 0.473007 0.715535 0.078593 0.086016
26 0.590838 0.192640 0.117889 0.129024
26 0.535024 0.084448 0.117889 0.129024
