74 0.621511 0.469061 0.039296 0.043008
88 0.220778 0.145597 0.039296 0.043008
237 0.380522 0.105909 0.117889 0.129024
92 0.903807 0.492879 0.189932 0.207872
88 0.027700 0.333377 0.039296 0.043008
88 0.357685 0.150791 0.039296 0.043008
88 0.434605 0.207558 0.039296 0.043008
88 0.228322 0.543311 0.039296 0.043008
78 0.406803 0.479658 0.288173 0.315392
235 0.002306 0.244806 0.117889 0.129024
88 0.233198 0.474747 0.039296 0.043008
88 0.503653 0.320071 0.039296 0.043008
85 0.639777 0.125986 0.176834 0.193536
88 0.173856 0.192016 0.039296 0.043008
88 0.320935 0.321264 0.039296 0.043008
45 0.637831 0.331606 0.189932 0.207872
58 0.743904 0.691033 0.189932 0.207872
88 0.848369 0.185829 0.039296 0.043008
72 0.139839 0.473223 0.039296 0.043008
88 0.239001 0.382240 0.039296 0.043008
88 0.381950 0.324592 0.039296 0.043008
88 0.024550 0.419938 0.039296 0.043008
237 0.196905 0.091713 0.117889 0.129024
88 0.357687 0.150621 0.039296 0.043008
88 0.025327 0.420809 0.039296 0.043008
62 0.906223 0.245630 0.189932 0.207872
235 0.133120 0.141886 0.117889 0.129024
88 0.023741 0.331851 0.039296 0.043008
235 0.439268 0.163359 0.117889 0.129024
88 0.556883 0.239934 0.039296 0.043008
74 0.753505 0.397238 0.039296 0.043008
88 0.232035 0.141741 0.039296 0.043008
48 0.404345 0.744862 0.189932 0.207872
88 0.426195 0.291896 0.039296 0.043008
88 0.085969 0.593740 0.039296 0.043008
74 0.644961 0.435056 0.039296 0.043008
74 0.677066 0.454773 0.039296 0.043008
255 0.639777 0.125986 0.157185 0.172032
88 0.293569 0.275909 0.039296 0.043008
88 0.091358 0.226580 0.039296 0.043008
235 0.000292 0.468834 0.117889 0.129024
88 0.088406 0.470843 0.039296 0.043008
