255 0.930185 0.111863 0.157185 0.172032
85 0.930185 0.111863 0.176834 0.193536
85 0.312353 0.598657 0.176834 0.193536
52 0.413898 0.585690 0.130988 0.143360
79 0.704022 0.389397 0.261976 0.286720
237 0.741616 0.602910 0.117889 0.129024
255 0.312353 0.598657 0.157185 0.172032
237 0.575942 0.601191 0.117889 0.129024
235 0.903083 0.258198 0.117889 0.129024
237 0.952753 0.408619 0.117889 0.129024
58 0.064513 0.207181 0.189932 0.207872
62 0.187188 0.761123 0.189932 0.207872
235 0.901172 0.456110 0.117889 0.129024
95 0.027629 0.679407 0.117889 0.129024
235 0.795617 0.553234 0.117889 0.129024
237 0.953705 0.310405 0.117889 0.129024
61 0.223291 0.244101 0.117889 0.129024
235 0.519624 0.548555 0.117889 0.129024
