58 0.710284 0.195083 0.189932 0.207872
48 0.304486 0.436467 0.189932 0.207872
74 0.143559 0.124776 0.039296 0.043008
61 0.843541 0.229089 0.117889 0.129024
88 0.677948 0.017136 0.039296 0.043008
51 0.275236 0.300515 0.117889 0.129024
88 0.598707 0.284441 0.039296 0.043008
88 0.304883 0.393489 0.039296 0.043008
96 0.147832 0.568874 0.130988 0.143360
97 0.149332 0.404109 0.130988 0.143360
97 0.020160 0.399496 0.130988 0.143360
96 0.023172 0.064213 0.130988 0.143360
48 0.598068 0.342497 0.189932 0.207872
48 0.118699 0.265056 0.189932 0.207872
