232 0.677639 0.476587 0.117889 0.129024
78 0.647602 0.780162 0.288173 0.315392
72 0.832403 0.547377 0.039296 0.043008
74 0.223749 0.771794 0.039296 0.043008
232 0.938876 0.532697 0.117889 0.129024
88 0.673277 0.520609 0.039296 0.043008
96 0.151537 0.543372 0.130988 0.143360
91 0.461355 0.789607 0.091691 0.100352
233 0.888595 0.482629 0.117889 0.129024
73 0.256784 0.815056 0.058945 0.064512
76 0.274486 0.598906 0.117889 0.129024
88 0.236037 0.632058 0.039296 0.043008
76 0.887419 0.605145 0.117889 0.129024
73 0.288670 0.764725 0.058945 0.064512
88 0.751957 0.472175 0.039296 0.043008
88 0.742591 0.661419 0.039296 0.043008
53 0.118798 0.679080 0.189932 0.207872
57 0.053514 0.843964 0.189932 0.207872
88 0.803126 0.591886 0.039296 0.043008
96 0.214754 0.436775 0.130988 0.143360
233 0.732157 0.428087 0.117889 0.129024
22 0.640107 0.456493 0.052395 0.057344
