34 0.028605 0.299948 0.065494 0.071680
237 0.726297 0.231960 0.117889 0.129024
235 0.674293 0.078469 0.117889 0.129024
35 0.535729 0.219971 0.189932 0.207872
44 0.033985 0.171455 0.052395 0.057344
235 0.723459 0.529807 0.117889 0.129024
28 0.333677 0.285874 0.117889 0.129024
31 0.182098 0.358182 0.189932 0.207872
255 0.475017 0.678895 0.157185 0.172032
44 0.133458 0.182976 0.052395 0.057344
235 0.724405 0.430539 0.117889 0.129024
27 0.320581 0.128508 0.039296 0.043008
17 0.322978 0.428098 0.078593 0.086016
34 0.040663 0.368685 0.065494 0.071680
237 0.669546 0.578708 0.117889 0.129024
44 0.063848 0.247248 0.052395 0.057344
255 0.240259 0.679028 0.157185 0.172032
235 0.778450 0.284565 0.117889 0.129024
34 0.076330 0.460924 0.065494 0.071680
237 0.777507 0.383108 0.117889 0.129024
237 0.727243 0.132648 0.117889 0.129024
28 0.390408 0.496974 0.117889 0.129024
41 0.241718 0.519908 0.189932 0.207872
