179 0.430607 0.408439 0.039296 0.043008
179 0.221232 0.290615 0.039296 0.043008
179 0.362129 0.446953 0.039296 0.043008
179 0.354764 0.398311 0.039296 0.043008
179 0.342073 0.286802 0.039296 0.043008
179 0.268199 0.417432 0.039296 0.043008
179 0.283972 0.458053 0.039296 0.043008
150 0.288984 0.343985 0.117889 0.129024
122 0.803269 0.216273 0.104790 0.114688
179 0.325573 0.463573 0.039296 0.043008
179 0.741944 0.043045 0.039296 0.043008
250 0.955465 0.570091 0.157185 0.172032
179 0.318253 0.419159 0.039296 0.043008
179 0.368638 0.327318 0.039296 0.043008
179 0.406725 0.378189 0.039296 0.043008
179 0.289667 0.269836 0.039296 0.043008
179 0.368313 0.364034 0.039296 0.043008
179 0.225840 0.396398 0.039296 0.043008
179 0.241554 0.457202 0.039296 0.043008
155 0.868876 0.181995 0.104790 0.114688
155 0.943480 0.217356 0.104790 0.114688
179 0.393424 0.423998 0.039296 0.043008
179 0.739669 0.002039 0.039296 0.043008
