235 0.768721 0.637997 0.117889 0.129024
255 0.792972 0.889153 0.157185 0.172032
235 0.767757 0.738801 0.117889 0.129024
85 0.792972 0.889153 0.176834 0.193536
237 0.821350 0.688296 0.117889 0.129024
74 0.859783 0.572565 0.039296 0.043008
84 0.549916 0.178340 0.039296 0.043008
78 0.401546 0.742173 0.288173 0.315392
88 0.293985 0.606212 0.039296 0.043008
88 0.655872 0.533403 0.039296 0.043008
88 0.641152 0.480733 0.039296 0.043008
235 0.434032 0.424803 0.117889 0.129024
88 0.702943 0.574906 0.039296 0.043008
88 0.471027 0.566998 0.039296 0.043008
88 0.429348 0.469400 0.039296 0.043008
237 0.492870 0.374362 0.117889 0.129024
88 0.418287 0.579559 0.039296 0.043008
88 0.549747 0.563778 0.039296 0.043008
88 0.658954 0.527124 0.039296 0.043008
255 0.222694 0.363151 0.157185 0.172032
235 0.716239 0.485307 0.117889 0.129024
88 0.694911 0.659634 0.039296 0.043008
237 0.769685 0.537178 0.117889 0.129024
88 0.623110 0.475562 0.039296 0.043008
88 0.577238 0.644572 0.039296 0.043008
88 0.542274 0.421261 0.039296 0.043008
237 0.662011 0.432678 0.117889 0.129024
