179 0.049825 0.155263 0.039296 0.043008
179 0.117260 0.113146 0.039296 0.043008
179 0.156717 0.134485 0.039296 0.043008
179 0.194402 0.295592 0.039296 0.043008
179 0.109306 0.147853 0.039296 0.043008
179 0.002561 0.167611 0.039296 0.043008
130 0.562061 0.040936 0.288173 0.315392
126 0.722813 0.457109 0.189932 0.207872
179 0.073168 0.125236 0.039296 0.043008
179 0.241793 0.131362 0.039296 0.043008
179 0.250185 0.107024 0.039296 0.043008
179 0.206681 0.107476 0.039296 0.043008
179 0.141859 0.102466 0.039296 0.043008
142 0.553792 0.172165 0.013099 0.014336
179 0.093847 0.071672 0.039296 0.043008
126 0.829985 0.312144 0.189932 0.207872
179 0.190666 0.328343 0.039296 0.043008
250 0.444413 0.396247 0.157185 0.172032
179 0.060671 0.192638 0.039296 0.043008
168 0.697174 0.330374 0.117889 0.129024
232 0.176776 0.061061 0.117889 0.129024
179 0.244071 0.314362 0.039296 0.043008
179 0.069363 0.097291 0.039296 0.043008
179 0.151900 0.294876 0.039296 0.043008
179 0.036619 0.120780 0.039296 0.043008
232 0.177270 0.006891 0.117889 0.129024
119 0.552810 0.188790 0.013099 0.014336
250 0.143973 0.221673 0.157185 0.172032
