27 0.267663 0.465389 0.039296 0.043008
27 0.152068 0.440843 0.039296 0.043008
27 0.054287 0.384742 0.039296 0.043008
233 0.288445 0.549081 0.117889 0.129024
27 0.196251 0.213581 0.039296 0.043008
27 0.234401 0.290582 0.039296 0.043008
233 0.102917 0.491305 0.117889 0.129024
27 0.353808 0.451100 0.039296 0.043008
27 0.063976 0.117000 0.039296 0.043008
232 0.039329 0.434671 0.117889 0.129024
27 0.223823 0.090428 0.039296 0.043008
27 0.190439 0.488504 0.039296 0.043008
27 0.195106 0.245942 0.039296 0.043008
21 0.381506 0.181890 0.288173 0.315392
28 0.524486 0.372340 0.117889 0.129024
27 0.063141 0.291190 0.039296 0.043008
232 0.348813 0.497096 0.117889 0.129024
