27 0.227315 0.170120 0.039296 0.043008
27 0.264321 0.118589 0.039296 0.043008
7 0.383935 0.081531 0.189932 0.207872
232 0.101649 0.445923 0.117889 0.129024
27 0.270412 0.333181 0.039296 0.043008
28 0.698248 0.081351 0.117889 0.129024
31 0.831597 0.167701 0.189932 0.207872
39 0.833038 0.017634 0.189932 0.207872
232 0.100647 0.556448 0.117889 0.129024
28 0.585714 0.227362 0.117889 0.129024
27 0.187017 0.437100 0.039296 0.043008
232 0.103152 0.280101 0.117889 0.129024
28 0.163662 0.639625 0.117889 0.129024
27 0.666564 0.367317 0.039296 0.043008
3 0.608698 0.770565 0.176834 0.193536
27 0.125752 0.391169 0.039296 0.043008
27 0.251331 0.395840 0.039296 0.043008
27 0.373029 0.296585 0.039296 0.043008
27 0.430211 0.612904 0.039296 0.043008
27 0.572947 0.652615 0.039296 0.043008
27 0.125896 0.232675 0.039296 0.043008
27 0.244835 0.501265 0.039296 0.043008
250 0.608698 0.770565 0.157185 0.172032
28 0.039450 0.137233 0.117889 0.129024
27 0.324925 0.453381 0.039296 0.043008
27 0.227511 0.170266 0.039296 0.043008
27 0.123611 0.496303 0.039296 0.043008
27 0.418584 0.648211 0.039296 0.043008
27 0.189105 0.307539 0.039296 0.043008
27 0.270831 0.365982 0.039296 0.043008
250 0.377448 0.773684 0.157185 0.172032
27 0.184861 0.521843 0.039296 0.043008
21 0.499177 0.406234 0.288173 0.315392
232 0.168476 0.118996 0.117889 0.129024
41 0.721850 0.464530 0.189932 0.207872
233 0.037187 0.388119 0.117889 0.129024
233 0.231736 0.069296 0.117889 0.129024
3 0.377448 0.773684 0.176834 0.193536
233 0.036182 0.499594 0.117889 0.129024
41 0.558615 0.095585 0.189932 0.207872
27 0.224312 0.433308 0.039296 0.043008
233 0.038696 0.220872 0.117889 0.129024
27 0.559919 0.609184 0.039296 0.043008
27 0.124328 0.496387 0.039296 0.043008
