44 0.006166 0.585811 0.052395 0.057344
152 0.314196 0.223731 0.104790 0.114688
152 0.411767 0.278497 0.104790 0.114688
152 0.464221 0.215113 0.104790 0.114688
124 0.217303 0.501595 0.039296 0.043008
232 0.583626 0.006700 0.117889 0.129024
124 0.265451 0.446827 0.039296 0.043008
124 0.658270 0.013290 0.039296 0.043008
130 0.925435 0.038673 0.288173 0.315392
124 0.508595 0.291850 0.039296 0.043008
44 0.060119 0.629680 0.052395 0.057344
124 0.377788 0.365333 0.039296 0.043008
212 0.467984 0.908256 0.334019 0.365568
44 0.105776 0.627614 0.052395 0.057344
250 0.554469 0.156760 0.157185 0.172032
152 0.388293 0.185573 0.104790 0.114688
124 0.246939 0.469331 0.039296 0.043008
124 0.238100 0.477576 0.039296 0.043008
44 0.150722 0.578163 0.052395 0.057344
