124 0.073796 0.313250 0.039296 0.043008
124 0.289510 0.183844 0.039296 0.043008
159 0.390556 0.591687 0.091691 0.100352
130 0.394268 0.414315 0.288173 0.315392
124 0.066950 0.220804 0.039296 0.043008
124 0.342773 0.081939 0.039296 0.043008
119 0.428593 0.559464 0.013099 0.014336
124 0.126511 0.185204 0.039296 0.043008
124 0.190902 0.293637 0.039296 0.043008
124 0.146988 0.401742 0.039296 0.043008
124 0.189954 0.239483 0.039296 0.043008
124 0.403311 0.235316 0.039296 0.043008
124 0.178728 0.486160 0.039296 0.043008
119 0.408863 0.574093 0.013099 0.014336
233 0.052226 0.121710 0.117889 0.129024
250 0.626005 0.059843 0.157185 0.172032
232 0.243262 0.081032 0.117889 0.129024
124 0.072690 0.400544 0.039296 0.043008
124 0.095997 0.320082 0.039296 0.043008
233 0.365688 0.037297 0.117889 0.129024
124 0.008332 0.349152 0.039296 0.043008
124 0.082771 0.519299 0.039296 0.043008
124 0.364780 0.240803 0.039296 0.043008
124 0.216545 0.382029 0.039296 0.043008
119 0.418853 0.550841 0.013099 0.014336
124 0.113568 0.174172 0.039296 0.043008
142 0.386742 0.553076 0.013099 0.014336
232 0.424680 0.095427 0.117889 0.129024
124 0.419979 0.141312 0.039296 0.043008
124 0.264741 0.128549 0.039296 0.043008
