74 0.705268 0.226264 0.039296 0.043008
74 0.700370 0.282460 0.039296 0.043008
74 0.684296 0.159862 0.039296 0.043008
74 0.841351 0.211112 0.039296 0.043008
74 0.733098 0.126181 0.039296 0.043008
74 0.646072 0.109661 0.039296 0.043008
74 0.560681 0.337199 0.039296 0.043008
74 0.701775 0.093789 0.039296 0.043008
74 0.383421 0.170046 0.039296 0.043008
74 0.838205 0.177066 0.039296 0.043008
74 0.743070 0.232225 0.039296 0.043008
73 0.250283 0.267188 0.058945 0.064512
74 0.612823 0.196783 0.039296 0.043008
73 0.723684 0.373019 0.058945 0.064512
74 0.696328 0.127757 0.039296 0.043008
91 0.487540 0.075080 0.091691 0.100352
74 0.631516 0.273233 0.039296 0.043008
74 0.665923 0.081417 0.039296 0.043008
74 0.293276 0.232980 0.039296 0.043008
74 0.609650 0.124293 0.039296 0.043008
74 0.681363 0.251607 0.039296 0.043008
74 0.646331 0.144628 0.039296 0.043008
73 0.890916 0.218832 0.058945 0.064512
74 0.351323 0.190791 0.039296 0.043008
74 0.610407 0.160308 0.039296 0.043008
74 0.602237 0.240571 0.039296 0.043008
61 0.149393 0.178775 0.117889 0.129024
74 0.730691 0.264080 0.039296 0.043008
74 0.670976 0.209650 0.039296 0.043008
74 0.596786 0.286327 0.039296 0.043008
227 0.401225 0.137264 0.039296 0.043008
74 0.701996 0.191527 0.039296 0.043008
74 0.332846 0.223492 0.039296 0.043008
74 0.649682 0.179667 0.039296 0.043008
91 0.768334 0.600357 0.091691 0.100352
74 0.634911 0.308281 0.039296 0.043008
