124 0.429980 0.197202 0.039296 0.043008
124 0.197125 0.157959 0.039296 0.043008
232 0.334808 0.067121 0.117889 0.129024
142 0.172615 0.528397 0.013099 0.014336
124 0.117370 0.450245 0.039296 0.043008
124 0.453562 0.161989 0.039296 0.043008
142 0.369468 0.521273 0.013099 0.014336
142 0.232830 0.550527 0.013099 0.014336
124 0.328773 0.113110 0.039296 0.043008
135 0.646388 0.811518 0.189932 0.207872
151 0.813572 0.307288 0.189932 0.207872
127 0.541050 0.031897 0.176834 0.193536
166 0.172652 0.930071 0.189932 0.207872
124 0.317679 0.228392 0.039296 0.043008
108 0.704259 0.505176 0.189932 0.207872
232 0.148830 0.051832 0.117889 0.129024
124 0.181186 0.102038 0.039296 0.043008
141 0.303671 0.389855 0.288173 0.315392
250 0.541050 0.031897 0.157185 0.172032
124 0.184793 0.158583 0.039296 0.043008
142 0.328160 0.571950 0.013099 0.014336
159 0.337078 0.568348 0.091691 0.100352
124 0.117366 0.380050 0.039296 0.043008
124 0.126009 0.302390 0.039296 0.043008
