250 0.223615 0.526988 0.157185 0.172032
124 0.216329 0.095949 0.039296 0.043008
232 0.006362 0.024319 0.117889 0.129024
122 0.791510 0.637549 0.104790 0.114688
124 0.235215 0.152402 0.039296 0.043008
124 0.093225 0.152240 0.039296 0.043008
152 0.407824 0.244764 0.104790 0.114688
179 0.687630 0.148170 0.039296 0.043008
179 0.709284 0.227231 0.039296 0.043008
142 0.359513 0.318065 0.013099 0.014336
179 0.700182 0.186578 0.039296 0.043008
142 0.433466 0.310942 0.013099 0.014336
124 0.029827 0.088116 0.039296 0.043008
124 0.093338 0.054607 0.039296 0.043008
179 0.719366 0.261955 0.039296 0.043008
159 0.954283 0.978244 0.091691 0.100352
124 0.190228 0.028473 0.039296 0.043008
251 0.717638 0.008609 0.117889 0.129024
141 0.407250 0.163128 0.288173 0.315392
232 0.005366 0.135101 0.117889 0.129024
119 0.403340 0.312709 0.013099 0.014336
142 0.445946 0.323588 0.013099 0.014336
