41 0.344819 0.134957 0.189932 0.207872
27 0.095680 0.330586 0.039296 0.043008
41 0.573374 0.670264 0.189932 0.207872
250 0.214108 0.996353 0.157185 0.172032
28 0.431332 0.432259 0.117889 0.129024
3 0.214108 0.996353 0.176834 0.193536
233 0.061600 0.281124 0.117889 0.129024
27 0.097420 0.614421 0.039296 0.043008
44 0.738152 0.417641 0.052395 0.057344
28 0.548648 0.279972 0.117889 0.129024
27 0.141875 0.675730 0.039296 0.043008
27 0.259503 0.859636 0.039296 0.043008
27 0.015598 0.658211 0.039296 0.043008
44 0.806752 0.301323 0.052395 0.057344
27 0.423155 0.882772 0.039296 0.043008
44 0.762641 0.376883 0.052395 0.057344
27 0.117709 0.363415 0.039296 0.043008
27 0.265377 0.841742 0.039296 0.043008
27 0.150444 0.397281 0.039296 0.043008
41 0.403017 0.298529 0.189932 0.207872
21 0.341070 0.617448 0.288173 0.315392
44 0.823995 0.254444 0.052395 0.057344
27 0.396390 0.796596 0.039296 0.043008
27 0.057237 0.384431 0.039296 0.043008
41 0.521392 0.147870 0.189932 0.207872
7 0.220650 0.289226 0.189932 0.207872
39 0.689099 0.211096 0.189932 0.207872
27 0.017111 0.525824 0.039296 0.043008
27 0.057663 0.384800 0.039296 0.043008
27 0.012608 0.746092 0.039296 0.043008
27 0.115754 0.508106 0.039296 0.043008
250 0.455485 0.986012 0.157185 0.172032
27 0.196178 0.498392 0.039296 0.043008
27 0.079921 0.543355 0.039296 0.043008
3 0.455485 0.986012 0.176834 0.193536
