233 0.906934 0.630183 0.117889 0.129024
233 0.641933 0.729946 0.117889 0.129024
232 0.750450 0.679136 0.117889 0.129024
232 0.959779 0.388040 0.117889 0.129024
232 0.587131 0.679242 0.117889 0.129024
251 0.298340 0.546253 0.117889 0.129024
28 0.052890 0.101690 0.117889 0.129024
250 0.783021 0.031578 0.157185 0.172032
27 0.782743 0.380831 0.039296 0.043008
27 0.731462 0.635524 0.039296 0.043008
26 0.422034 0.024448 0.117889 0.129024
34 0.355932 0.206460 0.065494 0.071680
27 0.890270 0.462522 0.039296 0.043008
27 0.777712 0.402797 0.039296 0.043008
21 0.617734 0.373487 0.288173 0.315392
34 0.282515 0.088016 0.065494 0.071680
