124 0.027079 0.091814 0.039296 0.043008
124 0.244298 0.318839 0.039296 0.043008
124 0.196062 0.066259 0.039296 0.043008
130 0.351094 0.202678 0.288173 0.315392
152 0.504880 0.823193 0.104790 0.114688
124 0.119715 0.123001 0.039296 0.043008
124 0.225274 0.306349 0.039296 0.043008
124 0.319712 0.017723 0.039296 0.043008
119 0.355385 0.343324 0.013099 0.014336
124 0.079601 0.147101 0.039296 0.043008
124 0.142762 0.073916 0.039296 0.043008
124 0.163568 0.188368 0.039296 0.043008
124 0.025697 0.179420 0.039296 0.043008
