122 0.791510 0.637549 0.104790 0.114688
124 0.092883 0.141903 0.039296 0.043008
232 0.005366 0.135101 0.117889 0.129024
179 0.687630 0.148170 0.039296 0.043008
124 0.115010 0.062028 0.039296 0.043008
250 0.223615 0.526988 0.157185 0.172032
251 0.717638 0.008609 0.117889 0.129024
124 0.094412 0.054519 0.039296 0.043008
119 0.403340 0.312709 0.013099 0.014336
152 0.324824 0.134466 0.104790 0.114688
179 0.700182 0.186578 0.039296 0.043008
142 0.468976 0.300473 0.013099 0.014336
159 0.954283 0.978244 0.091691 0.100352
124 0.164100 0.336798 0.039296 0.043008
142 0.376293 0.335507 0.013099 0.014336
232 0.006362 0.024319 0.117889 0.129024
142 0.429412 0.307979 0.013099 0.014336
179 0.709284 0.227231 0.039296 0.043008
179 0.719366 0.261955 0.039296 0.043008
141 0.407250 0.163128 0.288173 0.315392
