233 0.777270 0.789075 0.117889 0.129024
84 0.925561 0.410554 0.039296 0.043008
84 0.981099 0.374282 0.039296 0.043008
232 0.725527 0.639514 0.117889 0.129024
84 0.893956 0.479423 0.039296 0.043008
88 0.676365 0.292798 0.039296 0.043008
69 0.795137 0.289106 0.052395 0.057344
69 0.707178 0.336728 0.052395 0.057344
250 0.179015 0.366225 0.157185 0.172032
250 0.420270 0.376086 0.157185 0.172032
88 0.671864 0.257210 0.039296 0.043008
69 0.702926 0.342247 0.052395 0.057344
233 0.563372 0.381935 0.117889 0.129024
232 0.726482 0.539204 0.117889 0.129024
88 0.612714 0.249436 0.039296 0.043008
233 0.618574 0.435159 0.117889 0.129024
88 0.706091 0.272329 0.039296 0.043008
88 0.728626 0.300602 0.039296 0.043008
88 0.697015 0.322452 0.039296 0.043008
88 0.644021 0.230839 0.039296 0.043008
232 0.724571 0.739809 0.117889 0.129024
58 0.837362 0.018254 0.189932 0.207872
61 0.966028 0.055089 0.117889 0.129024
233 0.779175 0.590009 0.117889 0.129024
84 0.968402 0.314937 0.039296 0.043008
88 0.641455 0.277113 0.039296 0.043008
232 0.723615 0.840090 0.117889 0.129024
