179 0.146037 0.352623 0.039296 0.043008
59 0.744904 0.663170 0.170284 0.186368
233 0.749471 0.476810 0.117889 0.129024
232 0.470326 0.728851 0.117889 0.129024
250 0.505165 0.055267 0.157185 0.172032
179 0.206216 0.302174 0.039296 0.043008
78 0.326448 0.411723 0.288173 0.315392
179 0.154226 0.389629 0.039296 0.043008
232 0.293474 0.730173 0.117889 0.129024
179 0.490910 0.442177 0.039296 0.043008
179 0.236363 0.277471 0.039296 0.043008
179 0.279410 0.259705 0.039296 0.043008
232 0.695383 0.525707 0.117889 0.129024
232 0.696341 0.424931 0.117889 0.129024
179 0.153852 0.430750 0.039296 0.043008
179 0.174031 0.325300 0.039296 0.043008
179 0.288476 0.560241 0.039296 0.043008
233 0.639435 0.676828 0.117889 0.129024
179 0.385272 0.561717 0.039296 0.043008
179 0.334276 0.561618 0.039296 0.043008
179 0.479137 0.486690 0.039296 0.043008
233 0.694393 0.626436 0.117889 0.129024
179 0.162826 0.478300 0.039296 0.043008
233 0.352886 0.782529 0.117889 0.129024
179 0.421368 0.536533 0.039296 0.043008
179 0.239883 0.545196 0.039296 0.043008
179 0.203718 0.512577 0.039296 0.043008
250 0.724698 0.275274 0.157185 0.172032
179 0.457178 0.516779 0.039296 0.043008
