233 0.352260 0.850177 0.117889 0.129024
164 0.404565 0.213813 0.052395 0.057344
164 0.375977 0.110399 0.052395 0.057344
164 0.479791 0.278603 0.052395 0.057344
233 0.748860 0.540874 0.117889 0.129024
27 0.620949 0.375976 0.039296 0.043008
27 0.507192 0.534148 0.039296 0.043008
27 0.450128 0.752600 0.039296 0.043008
164 0.626161 0.029938 0.052395 0.057344
22 0.326580 0.266865 0.052395 0.057344
27 0.621417 0.487835 0.039296 0.043008
233 0.638820 0.741866 0.117889 0.129024
3 0.504543 0.121650 0.176834 0.193536
27 0.626734 0.652472 0.039296 0.043008
27 0.374829 0.803873 0.039296 0.043008
164 0.410557 0.263131 0.052395 0.057344
164 0.319588 0.096847 0.052395 0.057344
164 0.580698 0.048530 0.052395 0.057344
3 0.724085 0.339602 0.176834 0.193536
164 0.557287 0.238960 0.052395 0.057344
44 0.237326 0.157719 0.052395 0.057344
232 0.695727 0.489492 0.117889 0.129024
27 0.760323 0.629947 0.039296 0.043008
44 0.287161 0.186501 0.052395 0.057344
164 0.341966 0.147609 0.052395 0.057344
179 0.237592 0.114008 0.039296 0.043008
27 0.393872 0.629088 0.039296 0.043008
164 0.550606 0.290166 0.052395 0.057344
28 0.699289 0.111452 0.117889 0.129024
27 0.526062 0.647191 0.039296 0.043008
250 0.504543 0.121650 0.157185 0.172032
27 0.456033 0.218730 0.039296 0.043008
27 0.300318 0.727028 0.039296 0.043008
164 0.395398 0.164566 0.052395 0.057344
27 0.352890 0.646050 0.039296 0.043008
232 0.292846 0.798377 0.117889 0.129024
27 0.499217 0.597201 0.039296 0.043008
164 0.622795 0.243264 0.052395 0.057344
232 0.694769 0.590259 0.117889 0.129024
164 0.565051 0.010008 0.052395 0.057344
27 0.374842 0.803937 0.039296 0.043008
232 0.469704 0.795431 0.117889 0.129024
233 0.693780 0.690979 0.117889 0.129024
164 0.620870 0.081229 0.052395 0.057344
250 0.724085 0.339602 0.157185 0.172032
27 0.564289 0.486304 0.039296 0.043008
164 0.642146 0.161910 0.052395 0.057344
164 0.354936 0.060845 0.052395 0.057344
164 0.442648 0.312522 0.052395 0.057344
27 0.675426 0.533538 0.039296 0.043008
27 0.568453 0.682934 0.039296 0.043008
27 0.297767 0.751987 0.039296 0.043008
164 0.408254 0.051405 0.052395 0.057344
27 0.622337 0.578678 0.039296 0.043008
21 0.325820 0.479683 0.288173 0.315392
