27 0.449074 0.721751 0.039296 0.043008
232 0.180984 0.769989 0.117889 0.129024
27 0.480609 0.721367 0.039296 0.043008
27 0.007687 0.618983 0.039296 0.043008
44 0.192493 0.136530 0.052395 0.057344
27 0.319779 0.781531 0.039296 0.043008
27 0.400302 0.774643 0.039296 0.043008
34 0.373165 0.173714 0.065494 0.071680
44 0.113369 0.154373 0.052395 0.057344
233 0.242208 0.822798 0.117889 0.129024
40 0.510769 0.249116 0.104790 0.114688
44 0.648117 0.178595 0.052395 0.057344
27 0.203488 0.723790 0.039296 0.043008
252 0.059203 0.249490 0.117889 0.129024
232 0.479728 0.766156 0.117889 0.129024
232 0.648390 0.713339 0.117889 0.129024
44 0.081957 0.108013 0.052395 0.057344
34 0.289407 0.130016 0.065494 0.071680
233 0.703206 0.662736 0.117889 0.129024
21 0.337213 0.451203 0.288173 0.315392
28 0.054199 0.799059 0.117889 0.129024
27 0.477302 0.569207 0.039296 0.043008
233 0.421445 0.819248 0.117889 0.129024
27 0.482410 0.534954 0.039296 0.043008
34 0.354642 0.094147 0.065494 0.071680
27 0.366051 0.758925 0.039296 0.043008
44 0.141520 0.107553 0.052395 0.057344
26 0.364371 0.635849 0.117889 0.129024
27 0.065603 0.658259 0.039296 0.043008
28 0.540352 0.379234 0.117889 0.129024
32 0.827241 0.372577 0.052395 0.057344
40 0.569525 0.304256 0.104790 0.114688
44 0.593054 0.154734 0.052395 0.057344
27 0.586657 0.670168 0.039296 0.043008
250 0.731548 0.512472 0.157185 0.172032
44 0.706617 0.200470 0.052395 0.057344
