74 0.199990 0.486907 0.039296 0.043008
73 0.156883 0.608286 0.058945 0.064512
74 0.391278 0.421273 0.039296 0.043008
74 0.065131 0.667198 0.039296 0.043008
90 0.152147 0.413431 0.091691 0.100352
74 0.224156 0.426020 0.039296 0.043008
74 0.285289 0.596384 0.039296 0.043008
90 0.075458 0.583853 0.091691 0.100352
91 0.048499 0.465347 0.091691 0.100352
74 0.328744 0.583658 0.039296 0.043008
74 0.339668 0.548990 0.039296 0.043008
73 0.117015 0.690368 0.058945 0.064512
73 0.186491 0.659085 0.058945 0.064512
74 0.224824 0.622430 0.039296 0.043008
91 0.606741 0.382159 0.091691 0.100352
74 0.361372 0.396345 0.039296 0.043008
74 0.164536 0.506452 0.039296 0.043008
90 0.267965 0.697667 0.091691 0.100352
74 0.214598 0.382147 0.039296 0.043008
74 0.203903 0.585520 0.039296 0.043008
74 0.279640 0.537738 0.039296 0.043008
74 0.227545 0.515095 0.039296 0.043008
74 0.229080 0.551689 0.039296 0.043008
74 0.245771 0.585304 0.039296 0.043008
99 0.368383 0.203359 0.104790 0.114688
74 0.196232 0.704986 0.039296 0.043008
74 0.120316 0.643240 0.039296 0.043008
73 0.111421 0.516367 0.058945 0.064512
75 0.405222 0.725055 0.078593 0.086016
102 0.312340 0.717461 0.078593 0.086016
