28 0.855736 0.334130 0.117889 0.129024
39 0.223871 0.899962 0.189932 0.207872
164 0.112432 0.074996 0.052395 0.057344
27 0.302784 0.279376 0.039296 0.043008
232 0.698955 0.149885 0.117889 0.129024
27 0.371474 0.265513 0.039296 0.043008
17 0.386563 0.699617 0.078593 0.086016
164 0.248096 0.160176 0.052395 0.057344
164 0.110452 0.189004 0.052395 0.057344
233 0.356531 0.388673 0.117889 0.129024
164 0.050583 0.118309 0.052395 0.057344
233 0.697966 0.250671 0.117889 0.129024
164 0.054067 0.058711 0.052395 0.057344
27 0.302018 0.287333 0.039296 0.043008
164 0.056701 0.203010 0.052395 0.057344
164 0.157581 0.111113 0.052395 0.057344
232 0.473947 0.341215 0.117889 0.129024
21 0.330101 0.016055 0.288173 0.315392
233 0.643020 0.298178 0.117889 0.129024
232 0.297131 0.333085 0.117889 0.129024
164 0.159976 0.163968 0.052395 0.057344
164 0.107466 0.135052 0.052395 0.057344
232 0.699914 0.049052 0.117889 0.129024
233 0.753032 0.103830 0.117889 0.129024
164 0.164142 0.216127 0.052395 0.057344
27 0.379095 0.343686 0.039296 0.043008
27 0.454376 0.297104 0.039296 0.043008
164 0.004060 0.148409 0.052395 0.057344
