130 0.325764 0.172870 0.288173 0.315392
164 0.004644 0.437935 0.052395 0.057344
142 0.319283 0.320976 0.013099 0.014336
164 0.289502 0.453999 0.052395 0.057344
164 0.126182 0.445467 0.052395 0.057344
168 0.525457 0.416374 0.117889 0.129024
164 0.069011 0.431368 0.052395 0.057344
164 0.281045 0.805248 0.052395 0.057344
142 0.317250 0.330644 0.013099 0.014336
44 0.391233 0.017986 0.052395 0.057344
44 0.327460 0.011005 0.052395 0.057344
164 0.178928 0.465380 0.052395 0.057344
142 0.308079 0.320377 0.013099 0.014336
168 0.467969 0.517236 0.117889 0.129024
164 0.233828 0.452165 0.052395 0.057344
