34 0.468336 0.151486 0.065494 0.071680
0 0.378933 0.422400 0.052395 0.057344
0 0.400797 0.292258 0.052395 0.057344
44 0.496139 0.213848 0.052395 0.057344
34 0.525998 0.303864 0.065494 0.071680
34 0.547723 0.361996 0.065494 0.071680
0 0.386846 0.338892 0.052395 0.057344
34 0.532889 0.173084 0.065494 0.071680
34 0.582105 0.414623 0.065494 0.071680
0 0.494604 0.384992 0.052395 0.057344
41 0.747178 0.323683 0.189932 0.207872
31 0.695496 0.171386 0.189932 0.207872
44 0.532890 0.250280 0.052395 0.057344
34 0.434526 0.375482 0.065494 0.071680
44 0.569298 0.217954 0.052395 0.057344
34 0.452313 0.249260 0.065494 0.071680
0 0.432916 0.430423 0.052395 0.057344
34 0.459554 0.310514 0.065494 0.071680
28 0.827449 0.107357 0.117889 0.129024
255 0.745761 0.472142 0.157185 0.172032
17 0.608840 0.085726 0.078593 0.086016
