235 0.768721 0.637997 0.117889 0.129024
255 0.792972 0.889153 0.157185 0.172032
235 0.767757 0.738801 0.117889 0.129024
85 0.792972 0.889153 0.176834 0.193536
237 0.821350 0.688296 0.117889 0.129024
237 0.769685 0.537178 0.117889 0.129024
84 0.367308 0.199499 0.039296 0.043008
88 0.625108 0.474549 0.039296 0.043008
74 0.776277 0.443467 0.039296 0.043008
88 0.427597 0.487553 0.039296 0.043008
88 0.623110 0.475562 0.039296 0.043008
78 0.401546 0.742173 0.288173 0.315392
88 0.100994 0.734691 0.039296 0.043008
235 0.716239 0.485307 0.117889 0.129024
88 0.429380 0.469040 0.039296 0.043008
235 0.434032 0.424803 0.117889 0.129024
237 0.662011 0.432678 0.117889 0.129024
255 0.222694 0.363151 0.157185 0.172032
88 0.517083 0.602797 0.039296 0.043008
88 0.480294 0.541377 0.039296 0.043008
88 0.641152 0.480733 0.039296 0.043008
88 0.542335 0.626536 0.039296 0.043008
237 0.492870 0.374362 0.117889 0.129024
88 0.541071 0.424037 0.039296 0.043008
