34 0.070530 0.230843 0.065494 0.071680
34 0.109909 0.388448 0.065494 0.071680
27 0.803188 0.172256 0.039296 0.043008
41 0.465750 0.126062 0.189932 0.207872
27 0.876469 0.581691 0.039296 0.043008
233 0.716884 0.094713 0.117889 0.129024
41 0.288441 0.112662 0.189932 0.207872
21 0.631908 0.444022 0.288173 0.315392
27 0.486028 0.695674 0.039296 0.043008
3 0.995452 0.648753 0.176834 0.193536
250 0.683060 0.798820 0.157185 0.172032
232 0.662090 0.140789 0.117889 0.129024
252 0.488294 0.776344 0.117889 0.129024
232 0.973946 0.309854 0.117889 0.129024
27 0.710934 0.242419 0.039296 0.043008
27 0.905070 0.491660 0.039296 0.043008
27 0.814178 0.546764 0.039296 0.043008
27 0.730727 0.325331 0.039296 0.043008
233 0.874107 0.156924 0.117889 0.129024
27 0.654940 0.603695 0.039296 0.043008
34 0.095278 0.306598 0.065494 0.071680
27 0.902203 0.491177 0.039296 0.043008
3 0.683060 0.798820 0.176834 0.193536
27 0.875839 0.248706 0.039296 0.043008
27 0.776392 0.328258 0.039296 0.043008
27 0.905733 0.336685 0.039296 0.043008
27 0.734246 0.165438 0.039296 0.043008
27 0.736816 0.139479 0.039296 0.043008
27 0.865848 0.352274 0.039296 0.043008
27 0.656316 0.199019 0.039296 0.043008
27 0.902728 0.386329 0.039296 0.043008
28 0.435566 0.254601 0.117889 0.129024
28 0.317362 0.247789 0.117889 0.129024
232 0.924637 0.209568 0.117889 0.129024
27 0.669564 0.706258 0.039296 0.043008
