233 0.352985 0.758064 0.117889 0.129024
232 0.412507 0.705104 0.117889 0.129024
232 0.642026 0.399522 0.117889 0.129024
164 0.289639 0.145116 0.052395 0.057344
233 0.696017 0.452029 0.117889 0.129024
164 0.453755 0.103178 0.052395 0.057344
164 0.346084 0.132421 0.052395 0.057344
127 0.671199 0.198114 0.176834 0.193536
164 0.479882 0.062372 0.052395 0.057344
164 0.401227 0.119669 0.052395 0.057344
164 0.232235 0.158248 0.052395 0.057344
233 0.584293 0.653230 0.117889 0.129024
250 0.671199 0.198114 0.157185 0.172032
164 0.487462 0.015393 0.052395 0.057344
232 0.642507 0.348736 0.117889 0.129024
250 0.389409 0.021049 0.157185 0.172032
232 0.641065 0.501083 0.117889 0.129024
233 0.640103 0.602628 0.117889 0.129024
