88 0.491907 0.427584 0.039296 0.043008
88 0.359104 0.228531 0.039296 0.043008
88 0.149957 0.270819 0.039296 0.043008
237 0.217782 0.173525 0.117889 0.129024
88 0.313587 0.526719 0.039296 0.043008
48 0.421754 0.815382 0.189932 0.207872
78 0.120674 0.548913 0.288173 0.315392
237 0.568659 0.402403 0.117889 0.129024
235 0.512666 0.348537 0.117889 0.129024
88 0.359016 0.228668 0.039296 0.043008
237 0.398462 0.185645 0.117889 0.129024
237 0.567675 0.504995 0.117889 0.129024
88 0.422745 0.720687 0.039296 0.043008
88 0.432561 0.553673 0.039296 0.043008
88 0.374499 0.419157 0.039296 0.043008
88 0.409147 0.284687 0.039296 0.043008
235 0.510711 0.555361 0.117889 0.129024
48 0.117593 0.875710 0.189932 0.207872
88 0.217821 0.315215 0.039296 0.043008
235 0.456265 0.241676 0.117889 0.129024
235 0.155021 0.223609 0.117889 0.129024
88 0.021904 0.345163 0.039296 0.043008
