179 0.656882 0.430411 0.039296 0.043008
159 0.536240 0.853111 0.091691 0.100352
119 0.318077 0.565245 0.013099 0.014336
250 0.174520 0.789328 0.157185 0.172032
142 0.387143 0.560628 0.013099 0.014336
233 0.334082 0.044852 0.117889 0.129024
124 0.280190 0.239362 0.039296 0.043008
233 0.021453 0.128880 0.117889 0.129024
251 0.674528 0.250922 0.117889 0.129024
124 0.043671 0.319129 0.039296 0.043008
122 0.749324 0.880480 0.104790 0.114688
124 0.386241 0.166410 0.039296 0.043008
232 0.392925 0.102523 0.117889 0.129024
232 0.212021 0.088426 0.117889 0.129024
119 0.387330 0.552811 0.013099 0.014336
124 0.310982 0.088376 0.039296 0.043008
130 0.360409 0.417056 0.288173 0.315392
179 0.644178 0.392243 0.039296 0.043008
119 0.278386 0.536889 0.013099 0.014336
124 0.151767 0.239624 0.039296 0.043008
159 0.589544 0.929909 0.091691 0.100352
179 0.666095 0.470955 0.039296 0.043008
179 0.676299 0.505506 0.039296 0.043008
124 0.188244 0.316294 0.039296 0.043008
119 0.363055 0.555165 0.013099 0.014336
