27 0.063141 0.291190 0.039296 0.043008
27 0.071083 0.284695 0.039296 0.043008
232 0.039329 0.434671 0.117889 0.129024
233 0.102917 0.491305 0.117889 0.129024
27 0.101760 0.388527 0.039296 0.043008
27 0.071374 0.002036 0.039296 0.043008
27 0.099638 0.278704 0.039296 0.043008
27 0.200955 0.242426 0.039296 0.043008
27 0.353760 0.451602 0.039296 0.043008
27 0.139030 0.132298 0.039296 0.043008
27 0.320040 0.331388 0.039296 0.043008
27 0.271752 0.305659 0.039296 0.043008
28 0.524486 0.372340 0.117889 0.129024
21 0.381506 0.181890 0.288173 0.315392
233 0.288445 0.549081 0.117889 0.129024
27 0.210923 0.083179 0.039296 0.043008
232 0.348813 0.497096 0.117889 0.129024
27 0.061705 0.236475 0.039296 0.043008
