48 0.870496 0.068939 0.189932 0.207872
85 0.713080 0.004655 0.176834 0.193536
235 0.518817 0.037748 0.117889 0.129024
253 0.840049 0.535489 0.117889 0.129024
235 0.157787 0.331821 0.117889 0.129024
255 0.124783 0.493791 0.157185 0.172032
72 0.439756 0.048109 0.039296 0.043008
72 0.524755 0.108513 0.039296 0.043008
235 0.222412 0.065500 0.117889 0.129024
235 0.158775 0.223282 0.117889 0.129024
237 0.283960 0.016989 0.117889 0.129024
255 0.713080 0.004655 0.157185 0.172032
85 0.124783 0.493791 0.176834 0.193536
237 0.095097 0.274238 0.117889 0.129024
237 0.159764 0.114725 0.117889 0.129024
78 0.544280 0.349324 0.288173 0.315392
88 0.869944 0.124262 0.039296 0.043008
