50 0.781467 0.518054 0.117889 0.129024
96 0.201838 0.723162 0.130988 0.143360
57 0.479444 0.064405 0.189932 0.207872
97 0.203332 0.559639 0.130988 0.143360
51 0.327437 0.454269 0.117889 0.129024
85 0.042299 0.696363 0.176834 0.193536
51 0.503160 0.616474 0.117889 0.129024
96 0.079054 0.224982 0.130988 0.143360
48 0.356257 0.588589 0.189932 0.207872
48 0.173159 0.422290 0.189932 0.207872
48 0.645762 0.489330 0.189932 0.207872
88 0.574009 0.731254 0.039296 0.043008
50 0.080057 0.114044 0.117889 0.129024
57 0.649734 0.078749 0.189932 0.207872
97 0.076051 0.557693 0.130988 0.143360
61 0.887958 0.371702 0.117889 0.129024
255 0.042299 0.696363 0.157185 0.172032
58 0.756475 0.340682 0.189932 0.207872
48 0.644304 0.643265 0.189932 0.207872
