124 0.359226 0.592166 0.039296 0.043008
119 0.540353 0.743181 0.013099 0.014336
124 0.192079 0.542586 0.039296 0.043008
130 0.559929 0.596789 0.288173 0.315392
250 0.781460 0.244645 0.157185 0.172032
124 0.766095 0.338098 0.039296 0.043008
159 0.556282 0.770067 0.091691 0.100352
167 0.381358 0.805635 0.189932 0.207872
232 0.589031 0.284517 0.117889 0.129024
124 0.526733 0.399510 0.039296 0.043008
232 0.168566 0.590460 0.117889 0.129024
124 0.297755 0.693401 0.039296 0.043008
124 0.472435 0.402199 0.039296 0.043008
233 0.233688 0.319568 0.117889 0.129024
119 0.588708 0.759301 0.013099 0.014336
232 0.415852 0.275049 0.117889 0.129024
124 0.253021 0.591123 0.039296 0.043008
124 0.254285 0.505939 0.039296 0.043008
124 0.665967 0.461227 0.039296 0.043008
233 0.170563 0.371381 0.117889 0.129024
233 0.532713 0.229239 0.117889 0.129024
124 0.510791 0.273695 0.039296 0.043008
124 0.309855 0.688924 0.039296 0.043008
124 0.291988 0.369094 0.039296 0.043008
250 0.135355 0.755059 0.157185 0.172032
124 0.265906 0.509291 0.039296 0.043008
127 0.135355 0.755059 0.176834 0.193536
124 0.383064 0.568398 0.039296 0.043008
124 0.436811 0.321966 0.039296 0.043008
124 0.393594 0.455277 0.039296 0.043008
124 0.248002 0.416064 0.039296 0.043008
127 0.781460 0.244645 0.176834 0.193536
233 0.105377 0.534526 0.117889 0.129024
124 0.579686 0.379491 0.039296 0.043008
232 0.169564 0.480929 0.117889 0.129024
124 0.584530 0.329355 0.039296 0.043008
124 0.247656 0.415867 0.039296 0.043008
