27 0.213236 0.255803 0.039296 0.043008
233 0.038696 0.220872 0.117889 0.129024
27 0.190192 0.307872 0.039296 0.043008
27 0.571891 0.648828 0.039296 0.043008
232 0.101649 0.445923 0.117889 0.129024
28 0.163662 0.639625 0.117889 0.129024
27 0.561060 0.613200 0.039296 0.043008
27 0.216864 0.512299 0.039296 0.043008
27 0.446049 0.564545 0.039296 0.043008
27 0.124831 0.391189 0.039296 0.043008
27 0.409953 0.674784 0.039296 0.043008
15 0.558615 0.095585 0.189932 0.207872
232 0.100647 0.556448 0.117889 0.129024
27 0.278377 0.396942 0.039296 0.043008
21 0.499177 0.406234 0.288173 0.315392
3 0.377448 0.773684 0.176834 0.193536
232 0.168476 0.118996 0.117889 0.129024
27 0.281649 0.226909 0.039296 0.043008
250 0.377448 0.773684 0.157185 0.172032
232 0.103152 0.280101 0.117889 0.129024
27 0.410117 0.674228 0.039296 0.043008
27 0.321444 0.349248 0.039296 0.043008
250 0.608698 0.770565 0.157185 0.172032
27 0.317155 0.356276 0.039296 0.043008
27 0.187201 0.437092 0.039296 0.043008
27 0.185439 0.524177 0.039296 0.043008
7 0.383935 0.081531 0.189932 0.207872
27 0.302817 0.171806 0.039296 0.043008
27 0.510487 0.555318 0.039296 0.043008
233 0.036182 0.499594 0.117889 0.129024
3 0.608698 0.770565 0.176834 0.193536
233 0.037187 0.388119 0.117889 0.129024
27 0.124219 0.496304 0.039296 0.043008
27 0.325840 0.423147 0.039296 0.043008
233 0.231736 0.069296 0.117889 0.129024
27 0.227254 0.170169 0.039296 0.043008
28 0.585714 0.227362 0.117889 0.129024
