78 0.668761 0.472986 0.288173 0.315392
88 0.403306 0.389413 0.039296 0.043008
72 0.649972 0.236811 0.039296 0.043008
235 0.296979 0.355820 0.117889 0.129024
237 0.297960 0.249283 0.117889 0.129024
72 0.440027 0.271779 0.039296 0.043008
255 0.264155 0.621817 0.157185 0.172032
235 0.644258 0.167416 0.117889 0.129024
237 0.589549 0.112375 0.117889 0.129024
88 0.492272 0.317770 0.039296 0.043008
237 0.235616 0.406906 0.117889 0.129024
235 0.295998 0.462340 0.117889 0.129024
237 0.417693 0.151185 0.117889 0.129024
88 0.320071 0.416330 0.039296 0.043008
235 0.358349 0.199882 0.117889 0.129024
88 0.487292 0.237340 0.039296 0.043008
255 0.831873 0.131471 0.157185 0.172032
72 0.567525 0.179520 0.039296 0.043008
88 0.395597 0.308317 0.039296 0.043008
88 0.434265 0.480290 0.039296 0.043008
72 0.479873 0.225874 0.039296 0.043008
88 0.567404 0.179260 0.039296 0.043008
88 0.378080 0.465393 0.039296 0.043008
88 0.652788 0.322095 0.039296 0.043008
