255 0.929158 0.217986 0.157185 0.172032
85 0.929158 0.217986 0.176834 0.193536
237 0.951728 0.514298 0.117889 0.129024
235 0.518570 0.660949 0.117889 0.129024
237 0.574892 0.712688 0.117889 0.129024
52 0.412815 0.702183 0.130988 0.143360
85 0.311287 0.714268 0.176834 0.193536
235 0.902054 0.364699 0.117889 0.129024
237 0.952680 0.416099 0.117889 0.129024
255 0.311287 0.714268 0.157185 0.172032
235 0.794581 0.661320 0.117889 0.129024
61 0.222219 0.361212 0.117889 0.129024
237 0.740577 0.711823 0.117889 0.129024
58 0.063432 0.326781 0.189932 0.207872
62 0.186115 0.878633 0.189932 0.207872
95 0.026547 0.799432 0.117889 0.129024
79 0.702957 0.501330 0.261976 0.286720
235 0.900143 0.562579 0.117889 0.129024
