255 0.897679 0.193024 0.157185 0.172032
237 0.707348 0.688567 0.117889 0.129024
78 0.515483 0.270880 0.288173 0.315392
235 0.483174 0.636694 0.117889 0.129024
61 0.183805 0.334390 0.117889 0.129024
62 0.147368 0.854394 0.189932 0.207872
255 0.273813 0.689587 0.157185 0.172032
237 0.540055 0.688881 0.117889 0.129024
58 0.023361 0.299205 0.189932 0.207872
235 0.761864 0.638001 0.117889 0.129024
85 0.897679 0.193024 0.176834 0.193536
85 0.273813 0.689587 0.176834 0.193536
237 0.921434 0.392159 0.117889 0.129024
88 0.127336 0.225714 0.039296 0.043008
52 0.363654 0.586773 0.130988 0.143360
235 0.868416 0.539148 0.117889 0.129024
237 0.920480 0.490817 0.117889 0.129024
235 0.870332 0.340334 0.117889 0.129024
