74 0.303793 0.194645 0.039296 0.043008
74 0.364067 0.119524 0.039296 0.043008
74 0.323234 0.082140 0.039296 0.043008
74 0.914499 0.051673 0.039296 0.043008
73 0.947872 0.025708 0.058945 0.064512
253 0.095030 0.302622 0.117889 0.129024
74 0.994577 0.016221 0.039296 0.043008
74 0.345027 0.151736 0.039296 0.043008
74 0.299731 0.262146 0.039296 0.043008
74 0.280531 0.092665 0.039296 0.043008
74 0.289494 0.159316 0.039296 0.043008
74 0.313965 0.125304 0.039296 0.043008
74 0.258240 0.749814 0.039296 0.043008
74 0.365915 0.184339 0.039296 0.043008
74 0.263301 0.128974 0.039296 0.043008
