255 0.431539 0.476157 0.157185 0.172032
41 0.432983 0.321018 0.189932 0.207872
0 0.230905 0.233955 0.052395 0.057344
28 0.520449 0.095099 0.117889 0.129024
0 0.238505 0.290091 0.052395 0.057344
28 0.574307 0.302495 0.117889 0.129024
34 0.222276 0.062463 0.065494 0.071680
237 0.894146 0.052326 0.117889 0.129024
237 0.839952 0.389544 0.117889 0.129024
31 0.376420 0.161789 0.189932 0.207872
0 0.283635 0.323961 0.052395 0.057344
27 0.507545 0.161332 0.039296 0.043008
34 0.288034 0.009964 0.065494 0.071680
255 0.654717 0.482236 0.157185 0.172032
