27 0.351628 0.829293 0.039296 0.043008
250 0.805495 0.565145 0.157185 0.172032
232 0.559052 0.817871 0.117889 0.129024
27 0.511134 0.743336 0.039296 0.043008
44 0.651233 0.290558 0.052395 0.057344
27 0.097623 0.675710 0.039296 0.043008
44 0.723889 0.235537 0.052395 0.057344
44 0.170413 0.170340 0.052395 0.057344
27 0.698557 0.668250 0.039296 0.043008
34 0.436836 0.154382 0.065494 0.071680
27 0.140757 0.724744 0.039296 0.043008
34 0.454934 0.232896 0.065494 0.071680
21 0.419748 0.507516 0.288173 0.315392
232 0.266980 0.823768 0.117889 0.129024
44 0.278331 0.197580 0.052395 0.057344
44 0.201017 0.215850 0.052395 0.057344
27 0.449348 0.827204 0.039296 0.043008
27 0.351964 0.829054 0.039296 0.043008
27 0.369640 0.666229 0.039296 0.043008
232 0.724073 0.764439 0.117889 0.129024
233 0.326806 0.875538 0.117889 0.129024
26 0.446261 0.689856 0.117889 0.129024
233 0.016485 0.718308 0.117889 0.129024
40 0.591280 0.307661 0.104790 0.114688
44 0.781140 0.256709 0.052395 0.057344
44 0.670013 0.212376 0.052395 0.057344
27 0.481814 0.826055 0.039296 0.043008
232 0.080478 0.772757 0.117889 0.129024
233 0.777729 0.713992 0.117889 0.129024
44 0.228530 0.169353 0.052395 0.057344
32 0.899200 0.426027 0.052395 0.057344
27 0.661919 0.711943 0.039296 0.043008
233 0.502042 0.870778 0.117889 0.129024
40 0.648630 0.361639 0.104790 0.114688
28 0.143101 0.853388 0.117889 0.129024
34 0.373054 0.190366 0.065494 0.071680
27 0.327417 0.657550 0.039296 0.043008
28 0.618416 0.434807 0.117889 0.129024
252 0.148083 0.310273 0.117889 0.129024
27 0.549163 0.774942 0.039296 0.043008
44 0.774769 0.345429 0.052395 0.057344
27 0.671077 0.720937 0.039296 0.043008
