76 0.275794 0.456650 0.117889 0.129024
96 0.216067 0.293316 0.130988 0.143360
252 0.506009 0.980386 0.117889 0.129024
78 0.648881 0.645100 0.288173 0.315392
88 0.870356 0.559846 0.039296 0.043008
88 0.873306 0.407358 0.039296 0.043008
74 0.225060 0.628637 0.039296 0.043008
88 0.671628 0.415673 0.039296 0.043008
72 0.743488 0.527836 0.039296 0.043008
232 0.940131 0.403103 0.117889 0.129024
57 0.054836 0.697585 0.189932 0.207872
88 0.712520 0.477416 0.039296 0.043008
76 0.888679 0.474595 0.117889 0.129024
233 0.889855 0.352056 0.117889 0.129024
53 0.120116 0.533883 0.189932 0.207872
96 0.152854 0.398747 0.130988 0.143360
232 0.678917 0.341985 0.117889 0.129024
88 0.853551 0.393097 0.039296 0.043008
233 0.733430 0.294505 0.117889 0.129024
