28 0.371147 0.724677 0.117889 0.129024
14 0.458047 0.908258 0.189932 0.207872
251 0.746501 0.142727 0.117889 0.129024
41 0.629044 0.902759 0.189932 0.207872
41 0.278603 0.914028 0.189932 0.207872
28 0.817803 0.971550 0.117889 0.129024
39 0.948815 0.794242 0.189932 0.207872
44 0.834644 0.164930 0.052395 0.057344
44 0.781795 0.230692 0.052395 0.057344
26 0.313832 0.402753 0.117889 0.129024
41 0.461979 0.487194 0.189932 0.207872
7 0.686086 0.696917 0.189932 0.207872
44 0.761539 0.051355 0.052395 0.057344
