164 0.531689 0.150179 0.052395 0.057344
179 0.348667 0.315747 0.039296 0.043008
179 0.503593 0.300567 0.039296 0.043008
164 0.323571 0.393104 0.052395 0.057344
164 0.446400 0.357728 0.052395 0.057344
105 0.415601 0.324125 0.039296 0.043008
164 0.534797 0.213142 0.052395 0.057344
164 0.273771 0.367710 0.052395 0.057344
179 0.374508 0.201849 0.039296 0.043008
164 0.339502 0.170301 0.052395 0.057344
179 0.333066 0.220115 0.039296 0.043008
179 0.476038 0.324979 0.039296 0.043008
164 0.478596 0.187129 0.052395 0.057344
164 0.512878 0.257637 0.052395 0.057344
179 0.557967 0.268193 0.039296 0.043008
164 0.369645 0.422546 0.052395 0.057344
161 0.588923 0.189465 0.078593 0.086016
179 0.492977 0.365544 0.039296 0.043008
164 0.321217 0.262532 0.052395 0.057344
164 0.380865 0.352096 0.052395 0.057344
164 0.232599 0.267195 0.052395 0.057344
164 0.218229 0.215737 0.052395 0.057344
179 0.432270 0.187513 0.039296 0.043008
179 0.411152 0.386228 0.039296 0.043008
164 0.300297 0.308309 0.052395 0.057344
164 0.320781 0.446344 0.052395 0.057344
164 0.273133 0.233652 0.052395 0.057344
179 0.370071 0.237727 0.039296 0.043008
179 0.408265 0.227509 0.039296 0.043008
161 0.443636 0.275764 0.078593 0.086016
164 0.246250 0.322095 0.052395 0.057344
164 0.374573 0.280646 0.052395 0.057344
161 0.267897 0.169664 0.078593 0.086016
