88 0.385705 0.249605 0.039296 0.043008
88 0.373843 0.686257 0.039296 0.043008
88 0.277391 0.165397 0.039296 0.043008
96 0.190033 0.569909 0.130988 0.143360
88 0.286388 0.281678 0.039296 0.043008
96 0.188919 0.679003 0.130988 0.143360
88 0.254696 0.630532 0.039296 0.043008
76 0.001577 0.006638 0.117889 0.129024
74 0.808013 0.152148 0.039296 0.043008
58 0.902456 0.406476 0.189932 0.207872
74 0.785608 0.184492 0.039296 0.043008
48 0.578279 0.445567 0.189932 0.207872
88 0.277541 0.165447 0.039296 0.043008
88 0.296770 0.194093 0.039296 0.043008
45 0.801238 0.050684 0.189932 0.207872
88 0.277571 0.165462 0.039296 0.043008
78 0.580714 0.186450 0.288173 0.315392
235 0.193557 0.159998 0.117889 0.129024
255 0.160530 0.322438 0.157185 0.172032
96 0.190813 0.460465 0.130988 0.143360
88 0.278875 0.165499 0.039296 0.043008
96 0.063185 0.456937 0.130988 0.143360
88 0.670588 0.038033 0.039296 0.043008
88 0.286661 0.103994 0.039296 0.043008
74 0.838672 0.172689 0.039296 0.043008
96 0.061177 0.679077 0.130988 0.143360
88 0.405488 0.173093 0.039296 0.043008
85 0.160530 0.322438 0.176834 0.193536
57 0.461941 0.599774 0.189932 0.207872
96 0.062181 0.568016 0.130988 0.143360
88 0.278624 0.165099 0.039296 0.043008
74 0.911728 0.119384 0.039296 0.043008
