122 0.368614 0.755921 0.104790 0.114688
179 0.522764 0.395308 0.039296 0.043008
122 0.252765 0.275094 0.104790 0.114688
164 0.555828 0.310155 0.052395 0.057344
122 0.187702 0.649933 0.104790 0.114688
164 0.574676 0.455925 0.052395 0.057344
122 0.546685 0.239213 0.104790 0.114688
179 0.520052 0.353199 0.039296 0.043008
164 0.552304 0.258029 0.052395 0.057344
159 0.080815 0.688011 0.091691 0.100352
164 0.667890 0.346959 0.052395 0.057344
179 0.616719 0.340058 0.039296 0.043008
164 0.625118 0.434584 0.052395 0.057344
179 0.622328 0.305656 0.039296 0.043008
164 0.629468 0.380250 0.052395 0.057344
212 0.876428 0.315555 0.334019 0.365568
164 0.568388 0.407843 0.052395 0.057344
122 0.761587 0.651726 0.104790 0.114688
