164 0.662293 0.198812 0.052395 0.057344
179 0.741294 0.200769 0.039296 0.043008
164 0.780208 0.185379 0.052395 0.057344
159 0.268279 0.439031 0.091691 0.100352
122 0.615298 0.095632 0.104790 0.114688
164 0.742756 0.094144 0.052395 0.057344
164 0.779721 0.232073 0.052395 0.057344
179 0.771363 0.066154 0.039296 0.043008
164 0.673340 0.081125 0.052395 0.057344
179 0.724844 0.052848 0.039296 0.043008
122 0.263139 0.495377 0.104790 0.114688
122 0.326984 0.125358 0.104790 0.114688
212 0.938831 0.178216 0.334019 0.365568
130 0.009782 0.655180 0.288173 0.315392
179 0.743967 0.160996 0.039296 0.043008
164 0.697870 0.126396 0.052395 0.057344
