232 0.469704 0.795431 0.117889 0.129024
233 0.638820 0.741866 0.117889 0.129024
232 0.292846 0.798377 0.117889 0.129024
233 0.352260 0.850177 0.117889 0.129024
179 0.286216 0.065653 0.039296 0.043008
27 0.301014 0.718751 0.039296 0.043008
44 0.269460 0.189246 0.052395 0.057344
164 0.576081 0.044026 0.052395 0.057344
164 0.247151 0.131424 0.052395 0.057344
27 0.404867 0.653204 0.039296 0.043008
164 0.392371 0.098854 0.052395 0.057344
27 0.675426 0.533538 0.039296 0.043008
164 0.418328 0.013951 0.052395 0.057344
164 0.334549 0.042132 0.052395 0.057344
28 0.699289 0.111452 0.117889 0.129024
164 0.710296 0.216937 0.052395 0.057344
3 0.504543 0.121650 0.176834 0.193536
164 0.326732 0.146815 0.052395 0.057344
27 0.454506 0.221807 0.039296 0.043008
27 0.586697 0.697832 0.039296 0.043008
164 0.388672 0.050920 0.052395 0.057344
164 0.368122 0.234744 0.052395 0.057344
27 0.492947 0.484415 0.039296 0.043008
164 0.617656 0.100129 0.052395 0.057344
44 0.329047 0.196768 0.052395 0.057344
164 0.520320 0.022606 0.052395 0.057344
164 0.403980 0.190995 0.052395 0.057344
164 0.628281 0.048052 0.052395 0.057344
27 0.488125 0.557574 0.039296 0.043008
27 0.417857 0.295571 0.039296 0.043008
233 0.748860 0.540874 0.117889 0.129024
27 0.623874 0.374958 0.039296 0.043008
164 0.294492 0.108504 0.052395 0.057344
21 0.325820 0.479683 0.288173 0.315392
27 0.581117 0.670162 0.039296 0.043008
250 0.504543 0.121650 0.157185 0.172032
164 0.672126 0.183369 0.052395 0.057344
164 0.471229 0.011661 0.052395 0.057344
233 0.693780 0.690979 0.117889 0.129024
3 0.724085 0.339602 0.176834 0.193536
27 0.626734 0.652472 0.039296 0.043008
27 0.620181 0.567863 0.039296 0.043008
232 0.695727 0.489492 0.117889 0.129024
232 0.694769 0.590259 0.117889 0.129024
27 0.769425 0.581777 0.039296 0.043008
164 0.382056 0.144294 0.052395 0.057344
164 0.566879 0.009653 0.052395 0.057344
44 0.208349 0.166390 0.052395 0.057344
22 0.326580 0.266865 0.052395 0.057344
27 0.463788 0.595259 0.039296 0.043008
164 0.346538 0.092771 0.052395 0.057344
27 0.621390 0.487847 0.039296 0.043008
250 0.724085 0.339602 0.157185 0.172032
