57 0.258225 0.713900 0.189932 0.207872
76 0.467861 0.478736 0.117889 0.129024
97 0.351252 0.422709 0.130988 0.143360
96 0.747225 0.235869 0.130988 0.143360
96 0.411248 0.319833 0.130988 0.143360
88 0.922101 0.361764 0.039296 0.043008
233 0.902936 0.319212 0.117889 0.129024
88 0.921929 0.361601 0.039296 0.043008
96 0.852685 0.193167 0.130988 0.143360
53 0.320161 0.554381 0.189932 0.207872
78 0.822338 0.661473 0.288173 0.315392
232 0.851025 0.365715 0.117889 0.129024
82 0.780721 0.679988 0.065494 0.071680
72 0.998190 0.437426 0.039296 0.043008
88 0.846874 0.408582 0.039296 0.043008
91 0.645243 0.667638 0.091691 0.100352
88 0.882979 0.497649 0.039296 0.043008
88 0.839605 0.484094 0.039296 0.043008
73 0.295136 0.435857 0.058945 0.064512
