78 0.389309 0.213516 0.288173 0.315392
88 0.183110 0.168628 0.039296 0.043008
88 0.005409 0.139971 0.039296 0.043008
88 0.064122 0.013298 0.039296 0.043008
88 0.209239 0.137531 0.039296 0.043008
92 0.888859 0.244900 0.189932 0.207872
88 0.006913 0.013929 0.039296 0.043008
92 0.938768 0.395763 0.189932 0.207872
88 0.105201 0.304151 0.039296 0.043008
88 0.045389 0.671249 0.039296 0.043008
88 0.496591 0.041495 0.039296 0.043008
88 0.006151 0.048451 0.039296 0.043008
88 0.006038 0.052014 0.039296 0.043008
57 0.264214 0.638498 0.189932 0.207872
74 0.737805 0.143463 0.039296 0.043008
88 0.132522 0.295379 0.039296 0.043008
88 0.207881 0.008579 0.039296 0.043008
45 0.621540 0.073388 0.189932 0.207872
74 0.660980 0.198401 0.039296 0.043008
88 0.346189 0.043931 0.039296 0.043008
58 0.728166 0.437884 0.189932 0.207872
48 0.386847 0.479548 0.189932 0.207872
74 0.628710 0.177447 0.039296 0.043008
88 0.093102 0.192345 0.039296 0.043008
88 0.071441 0.191410 0.039296 0.043008
88 0.234025 0.117897 0.039296 0.043008
88 0.298953 0.046135 0.039296 0.043008
74 0.605141 0.210712 0.039296 0.043008
