48 0.472208 0.035397 0.189932 0.207872
88 0.146840 0.440960 0.039296 0.043008
88 0.028932 0.269126 0.039296 0.043008
96 0.719630 0.641705 0.130988 0.143360
51 0.981750 0.545104 0.117889 0.129024
88 0.168579 0.294968 0.039296 0.043008
235 0.378830 0.560235 0.117889 0.129024
50 0.614721 0.073782 0.117889 0.129024
96 0.613747 0.176981 0.130988 0.143360
88 0.093427 0.223968 0.039296 0.043008
88 0.296056 0.545942 0.039296 0.043008
235 0.068221 0.499898 0.117889 0.129024
88 0.168197 0.228434 0.039296 0.043008
48 0.695051 0.361248 0.189932 0.207872
88 0.084274 0.402759 0.039296 0.043008
237 0.003312 0.442426 0.117889 0.129024
88 0.397742 0.640186 0.039296 0.043008
255 0.581504 0.615172 0.157185 0.172032
85 0.581504 0.615172 0.176834 0.193536
88 0.384186 0.508959 0.039296 0.043008
96 0.131407 0.639065 0.130988 0.143360
88 0.299583 0.569132 0.039296 0.043008
88 0.196951 0.146971 0.039296 0.043008
88 0.234057 0.256211 0.039296 0.043008
235 0.004319 0.330454 0.117889 0.129024
78 0.411515 0.242462 0.288173 0.315392
88 0.130306 0.453318 0.039296 0.043008
97 0.610831 0.486489 0.130988 0.143360
235 0.005326 0.218464 0.117889 0.129024
237 0.318150 0.612974 0.117889 0.129024
97 0.721081 0.489405 0.130988 0.143360
88 0.199248 0.591442 0.039296 0.043008
88 0.397037 0.603673 0.039296 0.043008
88 0.528010 0.498128 0.039296 0.043008
57 0.961585 0.029397 0.189932 0.207872
48 0.853851 0.517741 0.189932 0.207872
51 0.828926 0.392230 0.117889 0.129024
