21 0.391899 0.066279 0.288173 0.315392
7 0.834844 0.552975 0.189932 0.207872
27 0.178361 0.130156 0.039296 0.043008
27 0.072234 0.039337 0.039296 0.043008
41 0.885529 0.702567 0.189932 0.207872
252 0.330081 0.859857 0.117889 0.129024
3 0.115003 0.838003 0.176834 0.193536
27 0.085045 0.158011 0.039296 0.043008
27 0.584108 0.339671 0.039296 0.043008
14 0.942145 0.161192 0.189932 0.207872
28 0.753951 0.677852 0.117889 0.129024
250 0.115003 0.838003 0.157185 0.172032
27 0.125352 0.006805 0.039296 0.043008
28 0.759292 0.122057 0.117889 0.129024
