73 0.352135 0.375554 0.058945 0.064512
74 0.298244 0.232799 0.039296 0.043008
74 0.300250 0.269538 0.039296 0.043008
74 0.333337 0.293008 0.039296 0.043008
74 0.470754 0.150516 0.039296 0.043008
74 0.331145 0.329392 0.039296 0.043008
235 0.875526 0.130809 0.117889 0.129024
74 0.284999 0.184205 0.039296 0.043008
74 0.319431 0.165818 0.039296 0.043008
73 0.529248 0.194708 0.058945 0.064512
74 0.279268 0.048921 0.039296 0.043008
237 0.875058 0.179414 0.117889 0.129024
74 0.300077 0.132211 0.039296 0.043008
74 0.261282 0.152493 0.039296 0.043008
91 0.794247 0.175296 0.091691 0.100352
74 0.218799 0.215926 0.039296 0.043008
74 0.319106 0.062450 0.039296 0.043008
74 0.313005 0.098242 0.039296 0.043008
74 0.220270 0.170406 0.039296 0.043008
74 0.474273 0.186392 0.039296 0.043008
74 0.206457 0.405126 0.039296 0.043008
74 0.358450 0.221781 0.039296 0.043008
74 0.216675 0.093896 0.039296 0.043008
235 0.875995 0.082200 0.117889 0.129024
74 0.257522 0.115514 0.039296 0.043008
74 0.353838 0.096442 0.039296 0.043008
74 0.342865 0.257960 0.039296 0.043008
74 0.321549 0.203777 0.039296 0.043008
74 0.170893 0.322094 0.039296 0.043008
91 0.080538 0.041361 0.091691 0.100352
74 0.217548 0.131906 0.039296 0.043008
74 0.257205 0.078623 0.039296 0.043008
237 0.825701 0.029208 0.117889 0.129024
90 0.287329 0.422546 0.091691 0.100352
