124 0.361135 0.137420 0.039296 0.043008
124 0.431786 0.241250 0.039296 0.043008
250 0.180379 0.537828 0.157185 0.172032
232 0.457771 0.068159 0.117889 0.129024
152 0.909960 0.696406 0.104790 0.114688
232 0.214222 0.266062 0.117889 0.129024
124 0.547430 0.067051 0.039296 0.043008
124 0.300066 0.156273 0.039296 0.043008
124 0.126834 0.271647 0.039296 0.043008
233 0.150763 0.317570 0.117889 0.129024
142 0.558730 0.534833 0.013099 0.014336
124 0.473200 0.209169 0.039296 0.043008
232 0.213226 0.375009 0.117889 0.129024
124 0.373553 0.272841 0.039296 0.043008
124 0.267641 0.222206 0.039296 0.043008
233 0.573358 0.025858 0.117889 0.129024
124 0.396901 0.108448 0.039296 0.043008
142 0.648215 0.542991 0.013099 0.014336
124 0.553057 0.109103 0.039296 0.043008
124 0.265825 0.329891 0.039296 0.043008
233 0.215219 0.157098 0.117889 0.129024
124 0.444478 0.270307 0.039296 0.043008
232 0.629062 0.082455 0.117889 0.129024
119 0.606713 0.530100 0.013099 0.014336
233 0.277634 0.107326 0.117889 0.129024
130 0.600261 0.392351 0.288173 0.315392
250 0.819450 0.048185 0.157185 0.172032
