179 0.807409 0.353812 0.039296 0.043008
179 0.797587 0.319668 0.039296 0.043008
124 0.518738 0.110603 0.039296 0.043008
124 0.167937 0.070953 0.039296 0.043008
232 0.112296 0.237987 0.117889 0.129024
142 0.491128 0.412952 0.013099 0.014336
124 0.469268 0.042365 0.039296 0.043008
159 0.672421 0.692092 0.091691 0.100352
159 0.723728 0.768668 0.091691 0.100352
119 0.535199 0.431944 0.013099 0.014336
250 0.324510 0.621588 0.157185 0.172032
124 0.235998 0.022686 0.039296 0.043008
233 0.114278 0.019533 0.117889 0.129024
179 0.788722 0.279660 0.039296 0.043008
251 0.805770 0.103769 0.117889 0.129024
142 0.434903 0.387009 0.013099 0.014336
124 0.332778 0.202709 0.039296 0.043008
141 0.503335 0.260355 0.288173 0.315392
232 0.113287 0.128769 0.117889 0.129024
142 0.523879 0.393924 0.013099 0.014336
142 0.467519 0.391727 0.013099 0.014336
179 0.776493 0.241916 0.039296 0.043008
122 0.877680 0.723664 0.104790 0.114688
124 0.306091 0.221753 0.039296 0.043008
124 0.169161 0.085768 0.039296 0.043008
233 0.048830 0.179252 0.117889 0.129024
250 0.078960 0.400640 0.157185 0.172032
124 0.212141 0.289689 0.039296 0.043008
124 0.276060 0.243440 0.039296 0.043008
