74 0.711836 0.521940 0.039296 0.043008
73 0.726335 0.670280 0.058945 0.064512
74 0.698613 0.489380 0.039296 0.043008
74 0.639215 0.537262 0.039296 0.043008
74 0.475980 0.575230 0.039296 0.043008
74 0.640687 0.462541 0.039296 0.043008
74 0.661313 0.495185 0.039296 0.043008
74 0.675238 0.527720 0.039296 0.043008
74 0.568255 0.453831 0.039296 0.043008
91 0.798469 0.289733 0.091691 0.100352
74 0.586742 0.485156 0.039296 0.043008
74 0.678513 0.459492 0.039296 0.043008
74 0.623580 0.494947 0.039296 0.043008
74 0.603465 0.524890 0.039296 0.043008
227 0.294561 0.165116 0.039296 0.043008
74 0.603797 0.581500 0.039296 0.043008
235 0.406258 0.919340 0.117889 0.129024
74 0.605941 0.447691 0.039296 0.043008
73 0.663261 0.669080 0.058945 0.064512
73 0.748038 0.603920 0.058945 0.064512
73 0.631900 0.623766 0.058945 0.064512
91 0.158069 0.230070 0.091691 0.100352
237 0.347553 0.868315 0.117889 0.129024
235 0.407232 0.814533 0.117889 0.129024
255 0.379307 0.657222 0.157185 0.172032
74 0.640332 0.572222 0.039296 0.043008
74 0.584928 0.612636 0.039296 0.043008
74 0.580966 0.553124 0.039296 0.043008
74 0.515292 0.574483 0.039296 0.043008
