73 0.003397 0.095594 0.058945 0.064512
74 0.415738 0.013208 0.039296 0.043008
74 0.438483 0.044717 0.039296 0.043008
74 0.359310 0.122209 0.039296 0.043008
74 0.471576 0.026736 0.039296 0.043008
74 0.449589 0.088334 0.039296 0.043008
255 0.741791 0.850321 0.157185 0.172032
74 0.101954 0.016000 0.039296 0.043008
227 0.336294 0.019456 0.039296 0.043008
74 0.376392 0.030010 0.039296 0.043008
74 0.620179 0.050337 0.039296 0.043008
73 0.072302 0.094526 0.058945 0.064512
74 0.396392 0.109498 0.039296 0.043008
74 0.475085 0.062715 0.039296 0.043008
73 0.494805 0.214809 0.058945 0.064512
73 0.672986 0.059502 0.058945 0.064512
74 0.106196 0.058742 0.039296 0.043008
91 0.542537 0.450716 0.091691 0.100352
74 0.065874 0.034761 0.039296 0.043008
74 0.469887 0.120675 0.039296 0.043008
74 0.515415 0.069784 0.039296 0.043008
74 0.320769 0.173960 0.039296 0.043008
74 0.502226 0.102403 0.039296 0.043008
91 0.927770 0.045337 0.091691 0.100352
102 0.360794 0.873065 0.078593 0.086016
74 0.616810 0.015098 0.039296 0.043008
74 0.400034 0.145811 0.039296 0.043008
73 0.009781 0.037285 0.058945 0.064512
74 0.365109 0.075028 0.039296 0.043008
