130 0.660794 0.390745 0.288173 0.315392
124 0.496286 0.359197 0.039296 0.043008
124 0.413572 0.378456 0.039296 0.043008
124 0.541245 0.116519 0.039296 0.043008
232 0.281456 0.265500 0.117889 0.129024
124 0.684746 0.127594 0.039296 0.043008
124 0.375522 0.488942 0.039296 0.043008
124 0.365222 0.298946 0.039296 0.043008
124 0.400570 0.158811 0.039296 0.043008
233 0.634375 0.027370 0.117889 0.129024
232 0.280463 0.373472 0.117889 0.129024
124 0.814311 0.440176 0.039296 0.043008
232 0.689130 0.083476 0.117889 0.129024
124 0.519391 0.264561 0.039296 0.043008
124 0.363374 0.299321 0.039296 0.043008
119 0.652958 0.528948 0.013099 0.014336
233 0.282449 0.157510 0.117889 0.129024
124 0.461273 0.458794 0.039296 0.043008
250 0.876358 0.049461 0.157185 0.172032
127 0.248181 0.534823 0.176834 0.193536
233 0.219125 0.316538 0.117889 0.129024
124 0.540054 0.113994 0.039296 0.043008
232 0.520760 0.069328 0.117889 0.129024
124 0.629111 0.195433 0.039296 0.043008
124 0.613091 0.070592 0.039296 0.043008
119 0.654988 0.520005 0.013099 0.014336
124 0.488011 0.283816 0.039296 0.043008
167 0.487127 0.591754 0.189932 0.207872
124 0.356871 0.203373 0.039296 0.043008
250 0.248181 0.534823 0.157185 0.172032
233 0.343763 0.108176 0.117889 0.129024
