62 0.483802 0.161556 0.189932 0.207872
85 0.182445 0.030656 0.176834 0.193536
95 0.677270 0.609774 0.117889 0.129024
74 0.311473 0.320825 0.039296 0.043008
88 0.117054 0.122365 0.039296 0.043008
88 0.011913 0.259826 0.039296 0.043008
92 0.537444 0.582442 0.189932 0.207872
74 0.188633 0.359826 0.039296 0.043008
74 0.225022 0.381176 0.039296 0.043008
58 0.300906 0.633241 0.189932 0.207872
74 0.162089 0.395776 0.039296 0.043008
255 0.182445 0.030656 0.157185 0.172032
95 0.623362 0.454830 0.117889 0.129024
92 0.481318 0.424168 0.189932 0.207872
45 0.180448 0.249588 0.189932 0.207872
