251 0.443754 0.904269 0.117889 0.129024
164 0.591177 0.166995 0.052395 0.057344
161 0.527172 0.211247 0.078593 0.086016
164 0.787295 0.245489 0.052395 0.057344
27 0.904329 0.740851 0.039296 0.043008
3 0.910059 0.376818 0.176834 0.193536
164 0.540382 0.078363 0.052395 0.057344
164 0.736897 0.224848 0.052395 0.057344
27 0.862672 0.479016 0.039296 0.043008
164 0.310205 0.172706 0.052395 0.057344
164 0.481414 0.061326 0.052395 0.057344
164 0.421974 0.127508 0.052395 0.057344
164 0.374398 0.214280 0.052395 0.057344
164 0.402599 0.173314 0.052395 0.057344
16 0.610787 0.555450 0.039296 0.043008
164 0.459808 0.165299 0.052395 0.057344
28 0.208278 0.480916 0.117889 0.129024
164 0.570791 0.121313 0.052395 0.057344
164 0.706842 0.261115 0.052395 0.057344
250 0.910059 0.376818 0.157185 0.172032
16 0.634957 0.487219 0.039296 0.043008
21 0.750858 0.719890 0.288173 0.315392
179 0.670574 0.361629 0.039296 0.043008
164 0.397329 0.274275 0.052395 0.057344
34 0.533040 0.579506 0.065494 0.071680
164 0.674630 0.159748 0.052395 0.057344
164 0.672960 0.211007 0.052395 0.057344
164 0.460374 0.230090 0.052395 0.057344
17 0.555540 0.515339 0.078593 0.086016
33 0.329989 0.484142 0.117889 0.129024
164 0.752563 0.282813 0.052395 0.057344
34 0.729270 0.457924 0.065494 0.071680
44 0.793569 0.314350 0.052395 0.057344
16 0.677463 0.518960 0.039296 0.043008
161 0.607344 0.227859 0.078593 0.086016
17 0.598249 0.638648 0.078593 0.086016
164 0.354799 0.145290 0.052395 0.057344
164 0.500832 0.135847 0.052395 0.057344
