130 0.893009 0.913409 0.288173 0.315392
168 0.596698 0.949564 0.117889 0.129024
179 0.898415 0.626651 0.039296 0.043008
27 0.038839 0.372931 0.039296 0.043008
179 0.924031 0.603221 0.039296 0.043008
179 0.870617 0.672535 0.039296 0.043008
33 0.123625 0.251597 0.117889 0.129024
26 0.371117 0.265371 0.117889 0.129024
252 0.796911 0.016468 0.117889 0.129024
26 0.186049 0.364476 0.117889 0.129024
26 0.249419 0.258598 0.117889 0.129024
28 0.309776 0.369567 0.117889 0.129024
179 0.842080 0.630359 0.039296 0.043008
169 0.364730 0.958513 0.117889 0.129024
250 0.975888 0.057716 0.157185 0.172032
179 0.845432 0.700333 0.039296 0.043008
26 0.372554 0.159123 0.117889 0.129024
28 0.125397 0.030772 0.117889 0.129024
168 0.871630 0.442394 0.117889 0.129024
33 0.250414 0.150136 0.117889 0.129024
