122 0.768690 0.848201 0.104790 0.114688
124 0.254309 0.253175 0.039296 0.043008
124 0.194150 0.448528 0.039296 0.043008
250 0.197167 0.754657 0.157185 0.172032
171 0.108325 0.182227 0.091691 0.100352
251 0.694331 0.219982 0.117889 0.129024
124 0.409585 0.115657 0.039296 0.043008
233 0.045046 0.095442 0.117889 0.129024
232 0.414326 0.070765 0.117889 0.129024
124 0.333128 0.057156 0.039296 0.043008
124 0.349186 0.179047 0.039296 0.043008
142 0.383131 0.563482 0.013099 0.014336
141 0.381984 0.384278 0.288173 0.315392
142 0.442163 0.542493 0.013099 0.014336
124 0.398297 0.227216 0.039296 0.043008
233 0.355826 0.013002 0.117889 0.129024
124 0.065357 0.282822 0.039296 0.043008
127 0.197167 0.754657 0.176834 0.193536
142 0.321267 0.517921 0.013099 0.014336
124 0.297964 0.552393 0.039296 0.043008
124 0.146089 0.336777 0.039296 0.043008
124 0.066324 0.492112 0.039296 0.043008
142 0.387742 0.519328 0.013099 0.014336
124 0.247390 0.654262 0.039296 0.043008
159 0.465088 0.555562 0.091691 0.100352
124 0.036634 0.196519 0.039296 0.043008
232 0.234477 0.055928 0.117889 0.129024
