179 0.224620 0.107479 0.039296 0.043008
179 0.323442 0.134259 0.039296 0.043008
179 0.040334 0.009997 0.039296 0.043008
232 0.186385 0.792133 0.117889 0.129024
179 0.175428 0.078559 0.039296 0.043008
179 0.261305 0.090769 0.039296 0.043008
179 0.350834 0.117878 0.039296 0.043008
155 0.812138 0.760388 0.104790 0.114688
233 0.246849 0.844145 0.117889 0.129024
250 0.218444 0.632098 0.157185 0.172032
179 0.135214 0.038255 0.039296 0.043008
179 0.078411 0.037589 0.039296 0.043008
179 0.267751 0.122629 0.039296 0.043008
179 0.132404 0.074573 0.039296 0.043008
155 0.924783 0.798348 0.104790 0.114688
