232 0.469704 0.795431 0.117889 0.129024
233 0.638820 0.741866 0.117889 0.129024
232 0.292846 0.798377 0.117889 0.129024
233 0.693780 0.690979 0.117889 0.129024
233 0.352260 0.850177 0.117889 0.129024
164 0.600968 0.026234 0.052395 0.057344
250 0.724085 0.339602 0.157185 0.172032
27 0.356529 0.669715 0.039296 0.043008
21 0.325820 0.479683 0.288173 0.315392
27 0.620181 0.567863 0.039296 0.043008
27 0.495185 0.419973 0.039296 0.043008
164 0.315208 0.043291 0.052395 0.057344
164 0.492652 0.017502 0.052395 0.057344
164 0.684032 0.189093 0.052395 0.057344
44 0.211889 0.185511 0.052395 0.057344
27 0.769425 0.581777 0.039296 0.043008
164 0.366173 0.067807 0.052395 0.057344
27 0.474950 0.565303 0.039296 0.043008
164 0.263481 0.138914 0.052395 0.057344
3 0.504543 0.121650 0.176834 0.193536
164 0.364948 0.016985 0.052395 0.057344
164 0.367691 0.136872 0.052395 0.057344
164 0.392362 0.099908 0.052395 0.057344
164 0.273771 0.083047 0.052395 0.057344
233 0.748860 0.540874 0.117889 0.129024
164 0.413640 0.046235 0.052395 0.057344
27 0.621390 0.487847 0.039296 0.043008
164 0.620897 0.135899 0.052395 0.057344
27 0.566224 0.519322 0.039296 0.043008
164 0.667127 0.036647 0.052395 0.057344
44 0.269460 0.189246 0.052395 0.057344
28 0.699289 0.111452 0.117889 0.129024
44 0.390022 0.183102 0.052395 0.057344
164 0.439085 0.008722 0.052395 0.057344
164 0.209843 0.118649 0.052395 0.057344
27 0.458005 0.214804 0.039296 0.043008
27 0.309903 0.630460 0.039296 0.043008
44 0.325279 0.184301 0.052395 0.057344
250 0.504543 0.121650 0.157185 0.172032
164 0.548206 0.019486 0.052395 0.057344
27 0.641864 0.633982 0.039296 0.043008
232 0.695727 0.489492 0.117889 0.129024
22 0.326580 0.266865 0.052395 0.057344
3 0.724085 0.339602 0.176834 0.193536
27 0.621957 0.487850 0.039296 0.043008
232 0.694769 0.590259 0.117889 0.129024
27 0.408129 0.315099 0.039296 0.043008
164 0.312925 0.122985 0.052395 0.057344
