124 0.146317 0.390541 0.039296 0.043008
250 0.033685 0.726417 0.157185 0.172032
164 0.718896 0.747224 0.052395 0.057344
119 0.467221 0.724199 0.013099 0.014336
119 0.444531 0.701084 0.013099 0.014336
233 0.132372 0.295109 0.117889 0.129024
124 0.334500 0.465007 0.039296 0.043008
164 0.762954 0.618716 0.052395 0.057344
232 0.315526 0.251684 0.117889 0.129024
233 0.432978 0.206631 0.117889 0.129024
164 0.717186 0.647737 0.052395 0.057344
152 0.908499 0.809626 0.104790 0.114688
164 0.667976 0.705648 0.052395 0.057344
164 0.763433 0.664992 0.052395 0.057344
164 0.717941 0.700564 0.052395 0.057344
232 0.489607 0.261622 0.117889 0.129024
164 0.765413 0.713254 0.052395 0.057344
232 0.067010 0.563396 0.117889 0.129024
152 0.206489 0.753434 0.104790 0.114688
250 0.683112 0.222685 0.157185 0.172032
152 0.155047 0.824431 0.104790 0.114688
233 0.003535 0.507736 0.117889 0.129024
130 0.458280 0.569079 0.288173 0.315392
119 0.521485 0.695397 0.013099 0.014336
233 0.068973 0.346260 0.117889 0.129024
232 0.067991 0.454837 0.117889 0.129024
