250 0.674887 0.072336 0.157185 0.172032
252 0.479357 0.029607 0.117889 0.129024
27 0.860005 0.956206 0.039296 0.043008
232 0.930093 0.953031 0.117889 0.129024
21 0.581366 0.967322 0.288173 0.315392
3 0.956940 0.804945 0.176834 0.193536
27 0.742658 0.997349 0.039296 0.043008
27 0.860374 0.956155 0.039296 0.043008
27 0.770093 0.885786 0.039296 0.043008
27 0.910920 0.997310 0.039296 0.043008
28 0.828603 0.732463 0.117889 0.129024
250 0.956940 0.804945 0.157185 0.172032
27 0.741150 0.983119 0.039296 0.043008
27 0.853163 0.849911 0.039296 0.043008
