124 0.275168 0.269444 0.039296 0.043008
167 0.057396 0.732021 0.189932 0.207872
232 0.094647 0.178311 0.117889 0.129024
124 0.045242 0.509062 0.039296 0.043008
142 0.273128 0.652799 0.013099 0.014336
124 0.198083 0.178049 0.039296 0.043008
130 0.251668 0.515970 0.288173 0.315392
124 0.111046 0.369275 0.039296 0.043008
124 0.278343 0.237291 0.039296 0.043008
142 0.300123 0.654533 0.013099 0.014336
142 0.168768 0.669710 0.013099 0.014336
171 0.028020 0.369584 0.091691 0.100352
142 0.284969 0.667508 0.013099 0.014336
124 0.125792 0.245526 0.039296 0.043008
233 0.221902 0.132117 0.117889 0.129024
159 0.388251 0.653694 0.091691 0.100352
124 0.020674 0.594688 0.039296 0.043008
124 0.388520 0.306530 0.039296 0.043008
124 0.117698 0.227990 0.039296 0.043008
124 0.222270 0.347080 0.039296 0.043008
250 0.492251 0.151667 0.157185 0.172032
127 0.492251 0.151667 0.176834 0.193536
124 0.070473 0.432260 0.039296 0.043008
124 0.394990 0.297089 0.039296 0.043008
232 0.283215 0.190577 0.117889 0.129024
