3 0.377448 0.773684 0.176834 0.193536
26 0.291024 0.316796 0.117889 0.129024
232 0.103152 0.280101 0.117889 0.129024
28 0.698248 0.081351 0.117889 0.129024
7 0.383935 0.081531 0.189932 0.207872
39 0.833038 0.017634 0.189932 0.207872
27 0.138933 0.399533 0.039296 0.043008
232 0.100647 0.556448 0.117889 0.129024
233 0.231736 0.069296 0.117889 0.129024
250 0.377448 0.773684 0.157185 0.172032
233 0.038696 0.220872 0.117889 0.129024
27 0.321840 0.423522 0.039296 0.043008
250 0.608698 0.770565 0.157185 0.172032
232 0.168476 0.118996 0.117889 0.129024
27 0.293635 0.482336 0.039296 0.043008
31 0.831597 0.167701 0.189932 0.207872
27 0.111373 0.344100 0.039296 0.043008
27 0.409879 0.675017 0.039296 0.043008
27 0.184990 0.522913 0.039296 0.043008
27 0.147297 0.391959 0.039296 0.043008
41 0.558615 0.095585 0.189932 0.207872
27 0.273376 0.467895 0.039296 0.043008
233 0.036182 0.499594 0.117889 0.129024
3 0.608698 0.770565 0.176834 0.193536
28 0.585714 0.227362 0.117889 0.129024
27 0.390382 0.275465 0.039296 0.043008
41 0.721850 0.464530 0.189932 0.207872
27 0.316774 0.238369 0.039296 0.043008
27 0.125265 0.496261 0.039296 0.043008
28 0.163662 0.639625 0.117889 0.129024
27 0.167781 0.329912 0.039296 0.043008
27 0.210972 0.346589 0.039296 0.043008
233 0.037187 0.388119 0.117889 0.129024
21 0.499177 0.406234 0.288173 0.315392
27 0.262802 0.117130 0.039296 0.043008
27 0.551827 0.582570 0.039296 0.043008
27 0.163009 0.392559 0.039296 0.043008
27 0.124330 0.496158 0.039296 0.043008
232 0.101649 0.445923 0.117889 0.129024
27 0.577418 0.667308 0.039296 0.043008
27 0.447699 0.559393 0.039296 0.043008
28 0.039450 0.137233 0.117889 0.129024
27 0.012874 0.265847 0.039296 0.043008
