233 0.751766 0.105683 0.117889 0.129024
232 0.857115 0.064951 0.117889 0.129024
7 0.348761 0.470777 0.189932 0.207872
179 0.215270 0.448186 0.039296 0.043008
179 0.291673 0.291127 0.039296 0.043008
179 0.241020 0.399085 0.039296 0.043008
179 0.135582 0.458011 0.039296 0.043008
179 0.167294 0.433801 0.039296 0.043008
41 0.101997 0.242887 0.189932 0.207872
28 0.493540 0.763004 0.117889 0.129024
179 0.284815 0.339760 0.039296 0.043008
39 0.636958 0.581511 0.189932 0.207872
28 0.002015 0.489320 0.117889 0.129024
179 0.183111 0.472545 0.039296 0.043008
179 0.321774 0.321137 0.039296 0.043008
179 0.139607 0.494341 0.039296 0.043008
14 0.097986 0.685098 0.189932 0.207872
179 0.232839 0.360549 0.039296 0.043008
41 0.286214 0.684839 0.189932 0.207872
179 0.201355 0.412146 0.039296 0.043008
179 0.272694 0.375232 0.039296 0.043008
232 0.698597 0.050878 0.117889 0.129024
