124 0.466443 0.123190 0.039296 0.043008
124 0.194544 0.272743 0.039296 0.043008
250 0.137826 0.483339 0.157185 0.172032
232 0.591442 0.028714 0.117889 0.129024
127 0.137826 0.483339 0.176834 0.193536
124 0.586333 0.079545 0.039296 0.043008
124 0.513213 0.015081 0.039296 0.043008
233 0.236148 0.051054 0.117889 0.129024
124 0.760491 0.097423 0.039296 0.043008
159 0.558696 0.513434 0.091691 0.100352
130 0.562344 0.340092 0.288173 0.315392
124 0.387530 0.397619 0.039296 0.043008
232 0.171033 0.319810 0.117889 0.129024
124 0.256456 0.238215 0.039296 0.043008
119 0.542769 0.485958 0.013099 0.014336
124 0.768479 0.088673 0.039296 0.043008
124 0.250114 0.147923 0.039296 0.043008
124 0.303253 0.253509 0.039296 0.043008
124 0.253017 0.443650 0.039296 0.043008
124 0.532770 0.160435 0.039296 0.043008
124 0.587123 0.071725 0.039296 0.043008
119 0.591117 0.503822 0.013099 0.014336
124 0.366036 0.218956 0.039296 0.043008
233 0.107853 0.261571 0.117889 0.129024
232 0.418288 0.013034 0.117889 0.129024
124 0.255477 0.323499 0.039296 0.043008
232 0.172032 0.210235 0.117889 0.129024
124 0.336386 0.327158 0.039296 0.043008
124 0.439412 0.061121 0.039296 0.043008
124 0.420155 0.213997 0.039296 0.043008
124 0.294011 0.102329 0.039296 0.043008
167 0.383797 0.542763 0.189932 0.207872
124 0.296366 0.289154 0.039296 0.043008
233 0.173031 0.100642 0.117889 0.129024
