76 0.075287 0.084847 0.117889 0.129024
88 0.407498 0.107959 0.039296 0.043008
96 0.260887 0.532428 0.130988 0.143360
88 0.313199 0.088501 0.039296 0.043008
88 0.294366 0.191014 0.039296 0.043008
96 0.259000 0.748892 0.130988 0.143360
88 0.542106 0.124675 0.039296 0.043008
78 0.643739 0.257216 0.288173 0.315392
88 0.336294 0.080502 0.039296 0.043008
88 0.323562 0.700276 0.039296 0.043008
96 0.133660 0.750139 0.130988 0.143360
57 0.527031 0.667884 0.189932 0.207872
96 0.134660 0.640150 0.130988 0.143360
88 0.352424 0.073159 0.039296 0.043008
74 0.969039 0.187486 0.039296 0.043008
48 0.641314 0.513999 0.189932 0.207872
88 0.343565 0.358128 0.039296 0.043008
74 0.867084 0.220987 0.039296 0.043008
88 0.285440 0.106565 0.039296 0.043008
255 0.231189 0.396015 0.157185 0.172032
88 0.336615 0.124055 0.039296 0.043008
72 0.317237 0.193316 0.039296 0.043008
88 0.331691 0.122941 0.039296 0.043008
96 0.135660 0.530142 0.130988 0.143360
96 0.260109 0.640834 0.130988 0.143360
237 0.203009 0.067433 0.117889 0.129024
88 0.563737 0.089841 0.039296 0.043008
74 0.897216 0.241046 0.039296 0.043008
235 0.265609 0.018285 0.117889 0.129024
235 0.263621 0.234814 0.117889 0.129024
88 0.754173 0.072724 0.039296 0.043008
58 0.959888 0.472171 0.189932 0.207872
74 0.845059 0.253266 0.039296 0.043008
88 0.340446 0.065595 0.039296 0.043008
88 0.438832 0.216364 0.039296 0.043008
88 0.390520 0.240449 0.039296 0.043008
72 0.375457 0.253882 0.039296 0.043008
88 0.472171 0.315070 0.039296 0.043008
88 0.345331 0.230713 0.039296 0.043008
88 0.287901 0.188735 0.039296 0.043008
88 0.667526 0.017153 0.039296 0.043008
88 0.759345 0.064944 0.039296 0.043008
88 0.286767 0.188476 0.039296 0.043008
237 0.202011 0.176600 0.117889 0.129024
85 0.231189 0.396015 0.176834 0.193536
45 0.860438 0.120486 0.189932 0.207872
88 0.609345 0.032405 0.039296 0.043008
