28 0.853369 0.580011 0.117889 0.129024
164 0.075610 0.123520 0.052395 0.057344
233 0.695574 0.502254 0.117889 0.129024
164 0.068713 0.321808 0.052395 0.057344
27 0.451949 0.557367 0.039296 0.043008
232 0.696563 0.401506 0.117889 0.129024
164 0.144978 0.315459 0.052395 0.057344
250 0.725877 0.151503 0.157185 0.172032
164 0.205591 0.389460 0.052395 0.057344
232 0.697522 0.300711 0.117889 0.129024
3 0.725877 0.151503 0.176834 0.193536
27 0.311787 0.430895 0.039296 0.043008
164 0.147345 0.247725 0.052395 0.057344
27 0.377173 0.606959 0.039296 0.043008
164 0.018011 0.199845 0.052395 0.057344
164 0.101851 0.278442 0.052395 0.057344
233 0.640620 0.551693 0.117889 0.129024
164 0.135188 0.125139 0.052395 0.057344
233 0.354091 0.652369 0.117889 0.129024
164 0.093640 0.369481 0.052395 0.057344
164 0.122735 0.200049 0.052395 0.057344
164 0.167883 0.169772 0.052395 0.057344
164 0.239016 0.460008 0.052395 0.057344
233 0.750648 0.353548 0.117889 0.129024
21 0.327655 0.280965 0.288173 0.315392
27 0.299570 0.553052 0.039296 0.043008
164 0.295852 0.456422 0.052395 0.057344
232 0.471522 0.600747 0.117889 0.129024
27 0.376657 0.606608 0.039296 0.043008
164 0.069367 0.174957 0.052395 0.057344
164 0.152646 0.366271 0.052395 0.057344
164 0.073799 0.226905 0.052395 0.057344
164 0.018693 0.143557 0.052395 0.057344
232 0.294683 0.598946 0.117889 0.129024
