124 0.268840 0.123943 0.039296 0.043008
233 0.113616 0.092501 0.117889 0.129024
124 0.455389 0.018022 0.039296 0.043008
250 0.323856 0.692426 0.157185 0.172032
232 0.112625 0.201725 0.117889 0.129024
232 0.360099 0.005552 0.117889 0.129024
124 0.333420 0.273981 0.039296 0.043008
124 0.283206 0.288181 0.039296 0.043008
122 0.719233 0.841991 0.104790 0.114688
232 0.534055 0.021338 0.117889 0.129024
124 0.527147 0.088664 0.039296 0.043008
142 0.423513 0.443207 0.013099 0.014336
142 0.468018 0.499498 0.013099 0.014336
251 0.805134 0.170098 0.117889 0.129024
124 0.380354 0.051455 0.039296 0.043008
159 0.637239 0.456000 0.091691 0.100352
232 0.111634 0.310932 0.117889 0.129024
124 0.196847 0.329101 0.039296 0.043008
233 0.048166 0.252816 0.117889 0.129024
119 0.534214 0.463220 0.013099 0.014336
233 0.177011 0.043145 0.117889 0.129024
124 0.135413 0.264072 0.039296 0.043008
124 0.461870 0.068319 0.039296 0.043008
164 0.475348 0.513658 0.052395 0.057344
119 0.500553 0.462230 0.013099 0.014336
250 0.078297 0.473872 0.157185 0.172032
124 0.190822 0.139556 0.039296 0.043008
152 0.632410 0.614003 0.104790 0.114688
130 0.502687 0.329550 0.288173 0.315392
124 0.209476 0.150916 0.039296 0.043008
124 0.243191 0.101365 0.039296 0.043008
124 0.198349 0.229994 0.039296 0.043008
124 0.529503 0.065048 0.039296 0.043008
