73 0.270529 0.209480 0.058945 0.064512
90 0.193274 0.235284 0.091691 0.100352
74 0.481921 0.307259 0.039296 0.043008
74 0.462178 0.376744 0.039296 0.043008
73 0.493594 0.454818 0.058945 0.064512
74 0.515399 0.327534 0.039296 0.043008
74 0.466170 0.273702 0.039296 0.043008
90 0.358990 0.302926 0.091691 0.100352
73 0.349001 0.229571 0.058945 0.064512
74 0.421624 0.507534 0.039296 0.043008
74 0.532190 0.262075 0.039296 0.043008
74 0.465761 0.497826 0.039296 0.043008
102 0.643060 0.567936 0.078593 0.086016
74 0.445938 0.409039 0.039296 0.043008
90 0.188631 0.460542 0.091691 0.100352
74 0.153353 0.016091 0.039296 0.043008
74 0.484591 0.348485 0.039296 0.043008
74 0.486542 0.408025 0.039296 0.043008
91 0.083465 0.736670 0.091691 0.100352
75 0.663117 0.598470 0.078593 0.086016
74 0.516607 0.291996 0.039296 0.043008
74 0.413492 0.245582 0.039296 0.043008
74 0.450021 0.232569 0.039296 0.043008
99 0.365458 0.400570 0.104790 0.114688
74 0.385686 0.470072 0.039296 0.043008
74 0.421625 0.354986 0.039296 0.043008
88 0.778753 0.195058 0.039296 0.043008
73 0.433056 0.461903 0.058945 0.064512
74 0.488651 0.245390 0.039296 0.043008
74 0.450867 0.328441 0.039296 0.043008
74 0.507636 0.378204 0.039296 0.043008
