119 0.483451 0.389622 0.013099 0.014336
124 0.135717 0.178103 0.039296 0.043008
124 0.238706 0.011960 0.039296 0.043008
127 0.324629 0.608745 0.176834 0.193536
124 0.203370 0.061541 0.039296 0.043008
232 0.112416 0.224762 0.117889 0.129024
232 0.113407 0.115542 0.117889 0.129024
124 0.334336 0.214373 0.039296 0.043008
119 0.459142 0.378778 0.013099 0.014336
130 0.503452 0.247810 0.288173 0.315392
124 0.193698 0.055552 0.039296 0.043008
119 0.563325 0.408165 0.013099 0.014336
251 0.805885 0.091744 0.117889 0.129024
119 0.460479 0.386733 0.013099 0.014336
124 0.197131 0.230049 0.039296 0.043008
124 0.282323 0.050810 0.039296 0.043008
250 0.079080 0.387363 0.157185 0.172032
119 0.501392 0.424732 0.013099 0.014336
122 0.719988 0.762815 0.104790 0.114688
127 0.079080 0.387363 0.176834 0.193536
152 0.633185 0.532079 0.104790 0.114688
233 0.114398 0.006304 0.117889 0.129024
233 0.048951 0.165915 0.117889 0.129024
119 0.506729 0.415728 0.013099 0.014336
159 0.637998 0.375810 0.091691 0.100352
124 0.317512 0.184715 0.039296 0.043008
250 0.324629 0.608745 0.157185 0.172032
119 0.491855 0.399452 0.013099 0.014336
124 0.199324 0.144854 0.039296 0.043008
