48 0.221854 0.539546 0.189932 0.207872
62 0.748196 0.042736 0.189932 0.207872
88 0.134709 0.090762 0.039296 0.043008
92 0.745752 0.295855 0.189932 0.207872
45 0.466879 0.122685 0.189932 0.207872
74 0.508085 0.250095 0.039296 0.043008
78 0.224337 0.267577 0.288173 0.315392
74 0.588224 0.193420 0.039296 0.043008
74 0.474398 0.228931 0.039296 0.043008
92 0.797805 0.449437 0.189932 0.207872
88 0.315070 0.124091 0.039296 0.043008
88 0.013702 0.255851 0.039296 0.043008
74 0.449805 0.263089 0.039296 0.043008
57 0.093668 0.703114 0.189932 0.207872
88 0.021089 0.017015 0.039296 0.043008
95 0.927798 0.478308 0.117889 0.129024
88 0.186958 0.038460 0.039296 0.043008
58 0.578263 0.494150 0.189932 0.207872
88 0.954137 0.297833 0.039296 0.043008
95 0.877733 0.327861 0.117889 0.129024
