74 0.760909 0.192660 0.039296 0.043008
50 0.333757 0.511393 0.117889 0.129024
74 0.484537 0.523988 0.039296 0.043008
48 0.179763 0.480639 0.189932 0.207872
88 0.190662 0.855442 0.039296 0.043008
74 0.730798 0.170256 0.039296 0.043008
74 0.513796 0.548732 0.039296 0.043008
51 0.564921 0.827771 0.117889 0.129024
96 0.448758 0.935605 0.130988 0.143360
74 0.530131 0.742253 0.039296 0.043008
48 0.420611 0.804412 0.189932 0.207872
78 0.114246 0.699598 0.288173 0.315392
58 0.967369 0.696803 0.189932 0.207872
53 0.480592 0.645906 0.189932 0.207872
88 0.084087 0.984862 0.039296 0.043008
96 0.332767 0.618536 0.130988 0.143360
88 0.909540 0.752533 0.039296 0.043008
74 0.697822 0.151522 0.039296 0.043008
88 0.089244 0.935015 0.039296 0.043008
74 0.683404 0.118041 0.039296 0.043008
97 0.329805 0.939872 0.130988 0.143360
