255 0.743190 0.302298 0.157185 0.172032
235 0.314489 0.757666 0.117889 0.129024
102 0.912879 0.444319 0.078593 0.086016
52 0.311703 0.599492 0.130988 0.143360
237 0.713186 0.652745 0.117889 0.129024
55 0.404576 0.443745 0.261976 0.286720
52 0.376532 0.724548 0.130988 0.143360
235 0.658525 0.703199 0.117889 0.129024
102 0.920741 0.484078 0.078593 0.086016
237 0.253478 0.811867 0.117889 0.129024
235 0.490342 0.755695 0.117889 0.129024
237 0.066280 0.760453 0.117889 0.129024
235 0.002103 0.705856 0.117889 0.129024
255 0.741399 0.502675 0.157185 0.172032
237 0.432252 0.808651 0.117889 0.129024
