53 0.848090 0.262371 0.189932 0.207872
73 0.005971 0.568446 0.058945 0.064512
73 0.334040 0.378011 0.058945 0.064512
96 0.926997 0.047438 0.130988 0.143360
34 0.073142 0.080125 0.065494 0.071680
0 0.048479 0.010671 0.052395 0.057344
34 0.141490 0.057512 0.065494 0.071680
76 0.975814 0.197355 0.117889 0.129024
73 0.278185 0.426822 0.058945 0.064512
73 0.133022 0.496445 0.058945 0.064512
74 0.202822 0.423484 0.039296 0.043008
57 0.794511 0.408345 0.189932 0.207872
34 0.222785 0.023619 0.065494 0.071680
73 0.380377 0.339119 0.058945 0.064512
97 0.875059 0.141044 0.130988 0.143360
