233 0.038696 0.220872 0.117889 0.129024
15 0.558615 0.095585 0.189932 0.207872
27 0.190254 0.307835 0.039296 0.043008
27 0.158915 0.237612 0.039296 0.043008
3 0.608698 0.770565 0.176834 0.193536
27 0.185562 0.524139 0.039296 0.043008
233 0.231736 0.069296 0.117889 0.129024
28 0.585714 0.227362 0.117889 0.129024
27 0.559999 0.661118 0.039296 0.043008
232 0.101649 0.445923 0.117889 0.129024
232 0.103152 0.280101 0.117889 0.129024
233 0.036182 0.499594 0.117889 0.129024
27 0.357198 0.225396 0.039296 0.043008
27 0.274580 0.119564 0.039296 0.043008
27 0.149096 0.392094 0.039296 0.043008
27 0.366369 0.290846 0.039296 0.043008
27 0.200072 0.301781 0.039296 0.043008
250 0.377448 0.773684 0.157185 0.172032
27 0.147281 0.392053 0.039296 0.043008
233 0.037187 0.388119 0.117889 0.129024
27 0.188568 0.436949 0.039296 0.043008
250 0.608698 0.770565 0.157185 0.172032
21 0.499177 0.406234 0.288173 0.315392
232 0.168476 0.118996 0.117889 0.129024
27 0.428862 0.612712 0.039296 0.043008
232 0.100647 0.556448 0.117889 0.129024
27 0.416358 0.647272 0.039296 0.043008
3 0.377448 0.773684 0.176834 0.193536
27 0.525963 0.601231 0.039296 0.043008
27 0.328038 0.470145 0.039296 0.043008
