127 0.048828 0.526313 0.176834 0.193536
250 0.048828 0.526313 0.157185 0.172032
232 0.082786 0.360711 0.117889 0.129024
124 0.606967 0.185485 0.039296 0.043008
164 0.939550 0.846916 0.052395 0.057344
135 0.809546 0.791539 0.189932 0.207872
164 0.954610 0.614871 0.052395 0.057344
232 0.083789 0.249869 0.117889 0.129024
124 0.505650 0.132081 0.039296 0.043008
164 0.935079 0.721894 0.052395 0.057344
164 0.877527 0.955761 0.052395 0.057344
166 0.358041 0.905885 0.189932 0.207872
124 0.138240 0.300933 0.039296 0.043008
232 0.335682 0.049164 0.117889 0.129024
142 0.497511 0.522369 0.013099 0.014336
141 0.482997 0.379084 0.288173 0.315392
124 0.508074 0.109566 0.039296 0.043008
124 0.313131 0.435154 0.039296 0.043008
164 0.892694 0.910979 0.052395 0.057344
124 0.622045 0.162751 0.039296 0.043008
108 0.864892 0.492344 0.189932 0.207872
164 0.894535 0.864672 0.052395 0.057344
124 0.136079 0.316098 0.039296 0.043008
142 0.531222 0.526479 0.013099 0.014336
124 0.200886 0.326236 0.039296 0.043008
159 0.514704 0.553345 0.091691 0.100352
151 0.969365 0.299100 0.189932 0.207872
232 0.512712 0.064150 0.117889 0.129024
164 0.924422 0.781204 0.052395 0.057344
124 0.356182 0.095242 0.039296 0.043008
124 0.305127 0.336058 0.039296 0.043008
124 0.167396 0.485275 0.039296 0.043008
127 0.709299 0.029830 0.176834 0.193536
124 0.178437 0.347706 0.039296 0.043008
250 0.709299 0.029830 0.157185 0.172032
124 0.409390 0.215509 0.039296 0.043008
