41 0.748800 0.153728 0.189932 0.207872
34 0.539268 0.159897 0.065494 0.071680
28 0.878319 0.139084 0.117889 0.129024
31 0.697124 0.000098 0.189932 0.207872
44 0.534631 0.026795 0.052395 0.057344
0 0.434569 0.252869 0.052395 0.057344
0 0.402132 0.114871 0.052395 0.057344
34 0.439616 0.198303 0.065494 0.071680
34 0.461205 0.133550 0.065494 0.071680
0 0.380592 0.243527 0.052395 0.057344
34 0.515801 0.101464 0.065494 0.071680
0 0.500008 0.205978 0.052395 0.057344
34 0.480899 0.046680 0.065494 0.071680
34 0.568815 0.215800 0.065494 0.071680
255 0.747383 0.302224 0.157185 0.172032
0 0.390792 0.161882 0.052395 0.057344
