27 0.659648 0.298300 0.039296 0.043008
21 0.683611 0.463258 0.288173 0.315392
233 0.922373 0.177553 0.117889 0.129024
233 0.767394 0.116265 0.117889 0.129024
27 0.799044 0.371155 0.039296 0.043008
27 0.709048 0.206035 0.039296 0.043008
232 0.713386 0.162169 0.117889 0.129024
250 0.733983 0.815325 0.157185 0.172032
27 0.834255 0.489471 0.039296 0.043008
252 0.542072 0.793471 0.117889 0.129024
27 0.886400 0.217351 0.039296 0.043008
232 0.972189 0.229674 0.117889 0.129024
27 0.953088 0.270800 0.039296 0.043008
34 0.054022 0.064968 0.065494 0.071680
