27 0.676461 0.750475 0.039296 0.043008
28 0.631661 0.458980 0.117889 0.129024
27 0.564521 0.523013 0.039296 0.043008
232 0.738174 0.791370 0.117889 0.129024
27 0.382826 0.843559 0.039296 0.043008
27 0.575440 0.690791 0.039296 0.043008
250 0.767468 0.538812 0.157185 0.172032
27 0.612264 0.888220 0.039296 0.043008
27 0.566974 0.744704 0.039296 0.043008
233 0.792184 0.740223 0.117889 0.129024
27 0.586171 0.720402 0.039296 0.043008
232 0.739140 0.690149 0.117889 0.129024
27 0.294453 0.844411 0.039296 0.043008
233 0.737177 0.892545 0.117889 0.129024
27 0.531839 0.941763 0.039296 0.043008
27 0.670286 0.855841 0.039296 0.043008
27 0.718629 0.747357 0.039296 0.043008
27 0.463326 0.940497 0.039296 0.043008
233 0.682294 0.945233 0.117889 0.129024
27 0.576820 0.611687 0.039296 0.043008
27 0.392746 0.965119 0.039296 0.043008
27 0.232121 0.972053 0.039296 0.043008
27 0.665530 0.690625 0.039296 0.043008
21 0.369780 0.690970 0.288173 0.315392
3 0.767468 0.538812 0.176834 0.193536
27 0.718519 0.736578 0.039296 0.043008
27 0.629883 0.902563 0.039296 0.043008
27 0.542211 0.957826 0.039296 0.043008
