232 0.731475 0.448759 0.117889 0.129024
250 0.185758 0.160666 0.157185 0.172032
28 0.335525 0.462519 0.117889 0.129024
27 0.333403 0.336782 0.039296 0.043008
233 0.940096 0.358167 0.117889 0.129024
21 0.598885 0.138499 0.288173 0.315392
27 0.819455 0.405763 0.039296 0.043008
27 0.840060 0.359952 0.039296 0.043008
232 0.453342 0.439829 0.117889 0.129024
27 0.713093 0.406069 0.039296 0.043008
27 0.720771 0.284873 0.039296 0.043008
28 0.788203 0.077263 0.117889 0.129024
233 0.215261 0.324357 0.117889 0.129024
232 0.276038 0.380680 0.117889 0.129024
27 0.675255 0.293381 0.039296 0.043008
27 0.585366 0.362330 0.039296 0.043008
233 0.510252 0.493399 0.117889 0.129024
232 0.888872 0.404815 0.117889 0.129024
27 0.841160 0.294418 0.039296 0.043008
250 0.966653 0.213953 0.157185 0.172032
27 0.474276 0.396198 0.039296 0.043008
27 0.292935 0.287429 0.039296 0.043008
233 0.677127 0.497591 0.117889 0.129024
