235 0.780767 0.042382 0.117889 0.129024
235 0.725783 0.285877 0.117889 0.129024
34 0.078741 0.194397 0.065494 0.071680
41 0.244109 0.259185 0.189932 0.207872
255 0.477376 0.426411 0.157185 0.172032
28 0.336057 0.028190 0.117889 0.129024
17 0.325359 0.170141 0.078593 0.086016
34 0.043079 0.100849 0.065494 0.071680
235 0.726729 0.186573 0.117889 0.129024
237 0.779824 0.140960 0.117889 0.129024
31 0.184497 0.095267 0.189932 0.207872
28 0.392780 0.241416 0.117889 0.129024
34 0.031023 0.031644 0.065494 0.071680
237 0.671878 0.332934 0.117889 0.129024
255 0.242649 0.418366 0.157185 0.172032
