232 0.035803 0.261314 0.117889 0.129024
27 0.219281 0.317930 0.039296 0.043008
27 0.231283 0.317372 0.039296 0.043008
27 0.140103 0.285707 0.039296 0.043008
27 0.071639 0.665248 0.039296 0.043008
27 0.140439 0.294835 0.039296 0.043008
14 0.824866 0.654023 0.189932 0.207872
27 0.781048 0.403960 0.039296 0.043008
21 0.255270 0.598190 0.288173 0.315392
233 0.164993 0.213389 0.117889 0.129024
27 0.530787 0.403326 0.039296 0.043008
26 0.748071 0.324918 0.117889 0.129024
232 0.227236 0.271605 0.117889 0.129024
27 0.680798 0.358069 0.039296 0.043008
250 0.439358 0.230129 0.157185 0.172032
28 0.635747 0.627772 0.117889 0.129024
3 0.439358 0.230129 0.176834 0.193536
27 0.387746 0.333072 0.039296 0.043008
27 0.072907 0.318252 0.039296 0.043008
26 0.582615 0.316624 0.117889 0.129024
27 0.342244 0.424335 0.039296 0.043008
27 0.068704 0.311926 0.039296 0.043008
