232 0.820325 0.264470 0.117889 0.129024
233 0.871609 0.316669 0.117889 0.129024
250 0.847740 0.117979 0.157185 0.172032
3 0.847740 0.117979 0.176834 0.193536
233 0.765332 0.510787 0.117889 0.129024
233 0.818393 0.462515 0.117889 0.129024
232 0.819374 0.363515 0.117889 0.129024
161 0.197183 0.186229 0.078593 0.086016
21 0.463566 0.243213 0.288173 0.315392
161 0.107157 0.333467 0.078593 0.086016
232 0.602176 0.558006 0.117889 0.129024
251 0.129817 0.414007 0.117889 0.129024
164 0.255004 0.274926 0.052395 0.057344
44 0.218540 0.126174 0.052395 0.057344
232 0.431710 0.555215 0.117889 0.129024
233 0.488946 0.608014 0.117889 0.129024
