124 0.093338 0.054607 0.039296 0.043008
232 0.006362 0.024319 0.117889 0.129024
124 0.115847 0.060254 0.039296 0.043008
124 0.381729 0.002817 0.039296 0.043008
124 0.338879 0.010244 0.039296 0.043008
179 0.709284 0.227231 0.039296 0.043008
142 0.464639 0.335121 0.013099 0.014336
179 0.687630 0.148170 0.039296 0.043008
142 0.430801 0.310106 0.013099 0.014336
124 0.422962 0.012135 0.039296 0.043008
152 0.446438 0.295900 0.104790 0.114688
179 0.700182 0.186578 0.039296 0.043008
124 0.092249 0.143117 0.039296 0.043008
122 0.791510 0.637549 0.104790 0.114688
159 0.954283 0.978244 0.091691 0.100352
251 0.717638 0.008609 0.117889 0.129024
179 0.719366 0.261955 0.039296 0.043008
124 0.214403 0.044115 0.039296 0.043008
119 0.403340 0.312709 0.013099 0.014336
141 0.407250 0.163128 0.288173 0.315392
232 0.005366 0.135101 0.117889 0.129024
124 0.093150 0.132973 0.039296 0.043008
124 0.047014 0.090624 0.039296 0.043008
142 0.371489 0.295871 0.013099 0.014336
250 0.223615 0.526988 0.157185 0.172032
