233 0.574826 0.589321 0.117889 0.129024
88 0.994773 0.371095 0.039296 0.043008
233 0.572896 0.794243 0.117889 0.129024
61 0.770197 0.038913 0.117889 0.129024
88 0.992037 0.337518 0.039296 0.043008
232 0.516048 0.846811 0.117889 0.129024
84 0.702424 0.412805 0.039296 0.043008
250 0.193815 0.368729 0.157185 0.172032
233 0.404452 0.429789 0.117889 0.129024
233 0.345836 0.374904 0.117889 0.129024
232 0.518953 0.537004 0.117889 0.129024
84 0.101563 0.842721 0.039296 0.043008
84 0.655152 0.369737 0.039296 0.043008
84 0.692362 0.378567 0.039296 0.043008
58 0.633881 0.000672 0.189932 0.207872
84 0.128233 0.659801 0.039296 0.043008
232 0.517016 0.743558 0.117889 0.129024
232 0.517985 0.640289 0.117889 0.129024
