74 0.233390 0.384205 0.039296 0.043008
73 0.368650 0.347023 0.058945 0.064512
97 0.875059 0.141044 0.130988 0.143360
44 0.276207 0.174300 0.052395 0.057344
53 0.848090 0.262371 0.189932 0.207872
73 0.063625 0.487249 0.058945 0.064512
73 0.173104 0.467426 0.058945 0.064512
44 0.285770 0.125482 0.052395 0.057344
82 0.972442 0.286328 0.065494 0.071680
34 0.133748 0.118291 0.065494 0.071680
34 0.007740 0.173267 0.065494 0.071680
44 0.301672 0.220503 0.052395 0.057344
34 0.060111 0.095184 0.065494 0.071680
96 0.926997 0.047438 0.130988 0.143360
34 0.319900 0.054630 0.065494 0.071680
34 0.352843 0.001404 0.065494 0.071680
76 0.975814 0.197355 0.117889 0.129024
73 0.313516 0.395488 0.058945 0.064512
34 0.164356 0.061469 0.065494 0.071680
57 0.794511 0.408345 0.189932 0.207872
34 0.082391 0.162606 0.065494 0.071680
