27 0.662533 0.923654 0.039296 0.043008
250 0.880916 0.513115 0.157185 0.172032
233 0.904787 0.711366 0.117889 0.129024
27 0.786739 0.824553 0.039296 0.043008
27 0.600707 0.978491 0.039296 0.043008
27 0.726611 0.852843 0.039296 0.043008
27 0.762586 0.736090 0.039296 0.043008
27 0.658617 0.683941 0.039296 0.043008
27 0.784249 0.550466 0.039296 0.043008
232 0.852510 0.761462 0.117889 0.129024
232 0.853469 0.661889 0.117889 0.129024
35 0.882320 0.364229 0.189932 0.207872
27 0.747546 0.870209 0.039296 0.043008
27 0.782114 0.662027 0.039296 0.043008
27 0.585826 0.905202 0.039296 0.043008
27 0.518453 0.930162 0.039296 0.043008
27 0.663166 0.923607 0.039296 0.043008
27 0.653276 0.599647 0.039296 0.043008
27 0.418713 0.821860 0.039296 0.043008
27 0.781097 0.741035 0.039296 0.043008
27 0.781736 0.662063 0.039296 0.043008
27 0.511440 0.842164 0.039296 0.043008
232 0.690211 0.967203 0.117889 0.129024
21 0.496388 0.661227 0.288173 0.315392
3 0.880916 0.513115 0.176834 0.193536
233 0.851520 0.860989 0.117889 0.129024
28 0.749554 0.434107 0.117889 0.129024
27 0.834150 0.705916 0.039296 0.043008
232 0.522199 0.974192 0.117889 0.129024
27 0.591838 0.811851 0.039296 0.043008
233 0.798411 0.912571 0.117889 0.129024
27 0.363778 0.936142 0.039296 0.043008
