124 0.380751 0.008627 0.039296 0.043008
122 0.719622 0.801228 0.104790 0.114688
127 0.324254 0.649344 0.176834 0.193536
250 0.324254 0.649344 0.157185 0.172032
119 0.478020 0.430522 0.013099 0.014336
44 0.589208 0.478291 0.052395 0.057344
251 0.805521 0.129758 0.117889 0.129024
124 0.235726 0.050780 0.039296 0.043008
124 0.372923 0.551092 0.039296 0.043008
124 0.197980 0.185866 0.039296 0.043008
250 0.078700 0.429334 0.157185 0.172032
130 0.503081 0.287467 0.288173 0.315392
124 0.344349 0.146904 0.039296 0.043008
124 0.345913 0.190784 0.039296 0.043008
124 0.276844 0.363020 0.039296 0.043008
44 0.665820 0.436341 0.052395 0.057344
232 0.112036 0.266569 0.117889 0.129024
44 0.672451 0.481853 0.052395 0.057344
124 0.372747 0.551462 0.039296 0.043008
44 0.536228 0.470805 0.052395 0.057344
127 0.078700 0.429334 0.176834 0.193536
124 0.223977 0.380723 0.039296 0.043008
232 0.113027 0.157355 0.117889 0.129024
44 0.657627 0.389249 0.052395 0.057344
44 0.659645 0.341707 0.052395 0.057344
124 0.191751 0.095965 0.039296 0.043008
119 0.535981 0.438352 0.013099 0.014336
152 0.393350 0.628092 0.104790 0.114688
233 0.048570 0.208076 0.117889 0.129024
124 0.426106 0.443098 0.039296 0.043008
119 0.474807 0.449872 0.013099 0.014336
233 0.114018 0.048123 0.117889 0.129024
