75 0.376570 0.349048 0.078593 0.086016
235 0.852028 0.004595 0.117889 0.129024
74 0.480855 0.033172 0.039296 0.043008
237 0.901874 0.106400 0.117889 0.129024
91 0.769898 0.046333 0.091691 0.100352
255 0.575351 0.870504 0.157185 0.172032
74 0.388198 0.077656 0.039296 0.043008
74 0.422281 0.099473 0.039296 0.043008
91 0.366198 0.461709 0.091691 0.100352
74 0.368569 0.114545 0.039296 0.043008
74 0.291293 0.029781 0.039296 0.043008
74 0.405025 0.132965 0.039296 0.043008
74 0.507038 0.162730 0.039296 0.043008
73 0.591220 0.076609 0.058945 0.064512
74 0.440870 0.030435 0.039296 0.043008
74 0.179886 0.013498 0.039296 0.043008
74 0.400791 0.168646 0.039296 0.043008
74 0.406707 0.046705 0.039296 0.043008
73 0.416121 0.213461 0.058945 0.064512
74 0.210243 0.044316 0.039296 0.043008
74 0.548019 0.051235 0.039296 0.043008
237 0.851559 0.053384 0.117889 0.129024
74 0.446264 0.136350 0.039296 0.043008
74 0.491040 0.068552 0.039296 0.043008
74 0.462188 0.104413 0.039296 0.043008
74 0.360144 0.165350 0.039296 0.043008
74 0.544344 0.086390 0.039296 0.043008
227 0.181369 0.087938 0.039296 0.043008
73 0.331009 0.079736 0.058945 0.064512
74 0.443844 0.070700 0.039296 0.043008
