34 0.141490 0.057512 0.065494 0.071680
73 0.313516 0.395488 0.058945 0.064512
74 0.233390 0.384205 0.039296 0.043008
34 0.008884 0.113292 0.065494 0.071680
76 0.975814 0.197355 0.117889 0.129024
73 0.063625 0.487249 0.058945 0.064512
53 0.848090 0.262371 0.189932 0.207872
97 0.875059 0.141044 0.130988 0.143360
73 0.415185 0.308980 0.058945 0.064512
34 0.073142 0.080125 0.065494 0.071680
34 0.222785 0.023619 0.065494 0.071680
73 0.173104 0.467426 0.058945 0.064512
44 0.363165 0.105887 0.052395 0.057344
44 0.338758 0.058518 0.052395 0.057344
73 0.368650 0.347023 0.058945 0.064512
57 0.794511 0.408345 0.189932 0.207872
96 0.926997 0.047438 0.130988 0.143360
44 0.349732 0.010602 0.052395 0.057344
