28 0.040939 0.496565 0.117889 0.129024
31 0.776719 0.740080 0.189932 0.207872
164 0.412584 0.066167 0.052395 0.057344
232 0.730495 0.059401 0.117889 0.129024
27 0.401413 0.200165 0.039296 0.043008
7 0.384273 0.477788 0.189932 0.207872
39 0.669745 0.587734 0.189932 0.207872
27 0.514788 0.051755 0.039296 0.043008
44 0.370273 0.090223 0.052395 0.057344
27 0.464660 0.103633 0.039296 0.043008
27 0.253324 0.301712 0.039296 0.043008
27 0.428610 0.174680 0.039296 0.043008
27 0.448564 0.140208 0.039296 0.043008
164 0.414312 0.008496 0.052395 0.057344
28 0.527653 0.768492 0.117889 0.129024
27 0.345220 0.181752 0.039296 0.043008
232 0.887590 0.073221 0.117889 0.129024
41 0.322315 0.690864 0.189932 0.207872
233 0.783179 0.113893 0.117889 0.129024
14 0.135935 0.691274 0.189932 0.207872
41 0.139938 0.251272 0.189932 0.207872
