7 0.383935 0.081531 0.189932 0.207872
27 0.291821 0.462156 0.039296 0.043008
28 0.585714 0.227362 0.117889 0.129024
233 0.231736 0.069296 0.117889 0.129024
233 0.037187 0.388119 0.117889 0.129024
250 0.377448 0.773684 0.157185 0.172032
232 0.103152 0.280101 0.117889 0.129024
232 0.101649 0.445923 0.117889 0.129024
27 0.156397 0.619439 0.039296 0.043008
27 0.185531 0.524152 0.039296 0.043008
21 0.499177 0.406234 0.288173 0.315392
27 0.306809 0.478172 0.039296 0.043008
232 0.100647 0.556448 0.117889 0.129024
3 0.377448 0.773684 0.176834 0.193536
233 0.036182 0.499594 0.117889 0.129024
27 0.253428 0.117764 0.039296 0.043008
15 0.558615 0.095585 0.189932 0.207872
232 0.168476 0.118996 0.117889 0.129024
27 0.449093 0.554097 0.039296 0.043008
27 0.155292 0.392325 0.039296 0.043008
27 0.548316 0.587808 0.039296 0.043008
250 0.608698 0.770565 0.157185 0.172032
27 0.573967 0.667444 0.039296 0.043008
3 0.608698 0.770565 0.176834 0.193536
27 0.254042 0.118166 0.039296 0.043008
27 0.188568 0.436949 0.039296 0.043008
27 0.142314 0.391868 0.039296 0.043008
27 0.234826 0.256953 0.039296 0.043008
27 0.409675 0.675185 0.039296 0.043008
233 0.038696 0.220872 0.117889 0.129024
27 0.190192 0.307832 0.039296 0.043008
