124 0.251799 0.456300 0.039296 0.043008
135 0.809546 0.791539 0.189932 0.207872
124 0.508247 0.107583 0.039296 0.043008
151 0.969365 0.299100 0.189932 0.207872
124 0.450777 0.101623 0.039296 0.043008
124 0.187466 0.478359 0.039296 0.043008
141 0.482997 0.379084 0.288173 0.315392
142 0.527209 0.521937 0.013099 0.014336
124 0.169406 0.283395 0.039296 0.043008
232 0.335682 0.049164 0.117889 0.129024
127 0.048828 0.526313 0.176834 0.193536
124 0.245346 0.313443 0.039296 0.043008
124 0.170002 0.355075 0.039296 0.043008
159 0.514704 0.553345 0.091691 0.100352
124 0.651470 0.117910 0.039296 0.043008
124 0.357032 0.097099 0.039296 0.043008
124 0.507088 0.119982 0.039296 0.043008
232 0.082786 0.360711 0.117889 0.129024
124 0.412067 0.221638 0.039296 0.043008
124 0.570909 0.240365 0.039296 0.043008
232 0.512712 0.064150 0.117889 0.129024
232 0.083789 0.249869 0.117889 0.129024
250 0.048828 0.526313 0.157185 0.172032
250 0.709299 0.029830 0.157185 0.172032
124 0.217627 0.330442 0.039296 0.043008
127 0.709299 0.029830 0.176834 0.193536
142 0.498236 0.542952 0.013099 0.014336
166 0.358041 0.905885 0.189932 0.207872
108 0.864892 0.492344 0.189932 0.207872
