233 0.260658 0.279591 0.117889 0.129024
142 0.682563 0.512681 0.013099 0.014336
124 0.414992 0.452488 0.039296 0.043008
142 0.646827 0.486737 0.013099 0.014336
127 0.289379 0.496847 0.176834 0.193536
250 0.289379 0.496847 0.157185 0.172032
124 0.397496 0.167946 0.039296 0.043008
124 0.531601 0.205893 0.039296 0.043008
142 0.746623 0.498552 0.013099 0.014336
124 0.442613 0.125807 0.039296 0.043008
124 0.403413 0.339855 0.039296 0.043008
124 0.519975 0.320516 0.039296 0.043008
119 0.684765 0.495222 0.013099 0.014336
124 0.343906 0.290339 0.039296 0.043008
124 0.669477 0.183528 0.039296 0.043008
124 0.650428 0.036427 0.039296 0.043008
130 0.697633 0.355574 0.288173 0.315392
233 0.323304 0.121722 0.117889 0.129024
124 0.506730 0.290620 0.039296 0.043008
232 0.559072 0.035136 0.117889 0.129024
232 0.322313 0.229130 0.117889 0.129024
124 0.619584 0.176201 0.039296 0.043008
124 0.579218 0.081853 0.039296 0.043008
142 0.702112 0.484438 0.013099 0.014336
124 0.403695 0.256432 0.039296 0.043008
232 0.725689 0.050007 0.117889 0.129024
124 0.537070 0.254856 0.039296 0.043008
124 0.711651 0.194009 0.039296 0.043008
119 0.682433 0.491073 0.013099 0.014336
124 0.532232 0.345886 0.039296 0.043008
167 0.525754 0.554690 0.189932 0.207872
232 0.321322 0.336521 0.117889 0.129024
124 0.494940 0.424463 0.039296 0.043008
233 0.383958 0.072943 0.117889 0.129024
124 0.721347 0.093880 0.039296 0.043008
250 0.911019 0.017044 0.157185 0.172032
