44 0.589597 0.521420 0.052395 0.057344
44 0.109819 0.545702 0.052395 0.057344
40 0.507215 0.628422 0.104790 0.114688
40 0.565989 0.679969 0.104790 0.114688
34 0.285888 0.512318 0.065494 0.071680
252 0.055644 0.643493 0.117889 0.129024
44 0.703185 0.561277 0.052395 0.057344
44 0.137974 0.497486 0.052395 0.057344
28 0.536885 0.748395 0.117889 0.129024
32 0.823837 0.727020 0.052395 0.057344
34 0.351136 0.473136 0.065494 0.071680
21 0.333706 0.830764 0.288173 0.315392
250 0.728124 0.871680 0.157185 0.172032
36 0.786945 0.273288 0.045846 0.050176
44 0.644672 0.542429 0.052395 0.057344
44 0.078398 0.501346 0.052395 0.057344
44 0.188957 0.523801 0.052395 0.057344
34 0.369663 0.551669 0.065494 0.071680
