92 0.744941 0.447125 0.189932 0.207872
74 0.587427 0.348156 0.039296 0.043008
88 0.171805 0.095544 0.039296 0.043008
74 0.473612 0.386114 0.039296 0.043008
45 0.466094 0.280086 0.189932 0.207872
237 0.002709 0.030669 0.117889 0.129024
88 0.198089 0.271252 0.039296 0.043008
95 0.926972 0.625542 0.117889 0.129024
92 0.796989 0.599500 0.189932 0.207872
85 0.468060 0.069456 0.176834 0.193536
255 0.468060 0.069456 0.157185 0.172032
88 0.188990 0.218116 0.039296 0.043008
88 0.037650 0.423488 0.039296 0.043008
78 0.223579 0.430154 0.288173 0.315392
88 0.190655 0.148409 0.039296 0.043008
88 0.342122 0.240057 0.039296 0.043008
88 0.026259 0.105854 0.039296 0.043008
88 0.357785 0.216201 0.039296 0.043008
237 0.195818 0.046751 0.117889 0.129024
88 0.041151 0.085229 0.039296 0.043008
88 0.094668 0.073315 0.039296 0.043008
62 0.747383 0.194085 0.189932 0.207872
88 0.112434 0.298448 0.039296 0.043008
58 0.577467 0.648944 0.189932 0.207872
88 0.011546 0.395388 0.039296 0.043008
88 0.118962 0.234480 0.039296 0.043008
88 0.171266 0.092074 0.039296 0.043008
88 0.010498 0.502862 0.039296 0.043008
57 0.092926 0.868286 0.189932 0.207872
95 0.876910 0.476257 0.117889 0.129024
74 0.449021 0.420786 0.039296 0.043008
48 0.221096 0.702031 0.189932 0.207872
88 0.040064 0.081877 0.039296 0.043008
88 0.250918 0.151664 0.039296 0.043008
74 0.507295 0.406536 0.039296 0.043008
235 0.257570 0.106131 0.117889 0.129024
