75 0.406537 0.583560 0.078593 0.086016
73 0.112730 0.372155 0.058945 0.064512
74 0.165841 0.363243 0.039296 0.043008
74 0.228846 0.373083 0.039296 0.043008
90 0.076769 0.438986 0.091691 0.100352
74 0.066442 0.522168 0.039296 0.043008
91 0.049811 0.319924 0.091691 0.100352
73 0.158188 0.464971 0.058945 0.064512
90 0.153453 0.269951 0.091691 0.100352
73 0.187794 0.516350 0.058945 0.064512
74 0.226125 0.480406 0.039296 0.043008
90 0.269263 0.556490 0.091691 0.100352
74 0.286586 0.455496 0.039296 0.043008
74 0.330037 0.443588 0.039296 0.043008
74 0.340961 0.409114 0.039296 0.043008
74 0.215900 0.239838 0.039296 0.043008
74 0.201293 0.344362 0.039296 0.043008
74 0.280938 0.396720 0.039296 0.043008
73 0.118322 0.546329 0.058945 0.064512
74 0.121624 0.499246 0.039296 0.043008
74 0.230381 0.409719 0.039296 0.043008
74 0.392568 0.282326 0.039296 0.043008
74 0.197534 0.562453 0.039296 0.043008
74 0.225457 0.283908 0.039296 0.043008
90 0.608014 0.247278 0.091691 0.100352
102 0.313661 0.574167 0.078593 0.086016
74 0.247071 0.443663 0.039296 0.043008
74 0.205205 0.443086 0.039296 0.043008
74 0.362664 0.256822 0.039296 0.043008
99 0.152699 0.157938 0.104790 0.114688
