28 0.250498 0.280949 0.117889 0.129024
21 0.155697 0.468963 0.288173 0.315392
3 0.022352 0.855167 0.176834 0.193536
41 0.220699 0.143205 0.189932 0.207872
7 0.028960 0.129691 0.189932 0.207872
250 0.276075 0.849219 0.157185 0.172032
27 0.221613 0.678239 0.039296 0.043008
41 0.399727 0.527895 0.189932 0.207872
3 0.276075 0.849219 0.176834 0.193536
250 0.022352 0.855167 0.157185 0.172032
28 0.373632 0.127348 0.117889 0.129024
27 0.779756 0.474924 0.039296 0.043008
27 0.237227 0.727246 0.039296 0.043008
