27 0.238043 0.334795 0.039296 0.043008
7 0.831626 0.887845 0.189932 0.207872
27 0.132802 0.378656 0.039296 0.043008
27 0.365594 0.147509 0.039296 0.043008
3 0.566395 0.065493 0.176834 0.193536
26 0.864737 0.165617 0.117889 0.129024
27 0.250719 0.204261 0.039296 0.043008
27 0.004278 0.360587 0.039296 0.043008
27 0.062760 0.231928 0.039296 0.043008
27 0.149811 0.349159 0.039296 0.043008
27 0.496678 0.205700 0.039296 0.043008
27 0.368688 0.184971 0.039296 0.043008
27 0.117955 0.413452 0.039296 0.043008
27 0.062713 0.231899 0.039296 0.043008
27 0.501213 0.196379 0.039296 0.043008
232 0.177008 0.087178 0.117889 0.129024
27 0.277626 0.087483 0.039296 0.043008
27 0.208307 0.136828 0.039296 0.043008
250 0.566395 0.065493 0.157185 0.172032
233 0.301592 0.042959 0.117889 0.129024
27 0.317095 0.233227 0.039296 0.043008
26 0.592948 0.249005 0.117889 0.129024
26 0.704776 0.153747 0.117889 0.129024
28 0.756055 0.461015 0.117889 0.129024
27 0.202734 0.487762 0.039296 0.043008
14 0.938948 0.491227 0.189932 0.207872
232 0.361622 0.101548 0.117889 0.129024
21 0.388588 0.423147 0.288173 0.315392
27 0.067407 0.534594 0.039296 0.043008
