124 0.258288 0.038624 0.039296 0.043008
119 0.544571 0.294147 0.013099 0.014336
166 0.046736 0.909629 0.189932 0.207872
159 0.560496 0.322063 0.091691 0.100352
167 0.385615 0.346737 0.189932 0.207872
250 0.139668 0.280713 0.157185 0.172032
232 0.173873 0.008374 0.117889 0.129024
130 0.564145 0.148672 0.288173 0.315392
124 0.218153 0.074819 0.039296 0.043008
119 0.592913 0.313311 0.013099 0.014336
124 0.196596 0.071534 0.039296 0.043008
124 0.271751 0.124993 0.039296 0.043008
127 0.139668 0.280713 0.176834 0.193536
232 0.172873 0.117981 0.117889 0.129024
124 0.393651 0.200268 0.039296 0.043008
124 0.257360 0.243283 0.039296 0.043008
233 0.109699 0.058024 0.117889 0.129024
124 0.317574 0.059582 0.039296 0.043008
124 0.258305 0.123855 0.039296 0.043008
