250 0.720714 0.721989 0.157185 0.172032
250 0.381805 0.881971 0.157185 0.172032
232 0.695164 0.570985 0.117889 0.129024
252 0.169781 0.860915 0.117889 0.129024
88 0.678044 0.437000 0.039296 0.043008
88 0.440156 0.193746 0.039296 0.043008
88 0.427019 0.395216 0.039296 0.043008
78 0.325933 0.512621 0.288173 0.315392
88 0.570858 0.268638 0.039296 0.043008
232 0.643696 0.265606 0.117889 0.129024
76 0.587666 0.339200 0.117889 0.129024
233 0.750358 0.421889 0.117889 0.129024
88 0.443517 0.380585 0.039296 0.043008
88 0.509420 0.516348 0.039296 0.043008
88 0.628692 0.405344 0.039296 0.043008
88 0.499921 0.473672 0.039296 0.043008
88 0.676081 0.520470 0.039296 0.043008
88 0.548929 0.253461 0.039296 0.043008
96 0.360281 0.011153 0.130988 0.143360
88 0.570858 0.268638 0.039296 0.043008
82 0.266469 0.528090 0.065494 0.071680
96 0.239053 0.054001 0.130988 0.143360
232 0.697201 0.369552 0.117889 0.129024
91 0.122016 0.515142 0.091691 0.100352
232 0.358569 0.196143 0.117889 0.129024
72 0.527346 0.276900 0.039296 0.043008
88 0.487075 0.598140 0.039296 0.043008
88 0.549569 0.252744 0.039296 0.043008
233 0.749403 0.521897 0.117889 0.129024
72 0.649203 0.519585 0.039296 0.043008
88 0.675742 0.519845 0.039296 0.043008
233 0.588865 0.211218 0.117889 0.129024
233 0.418106 0.147670 0.117889 0.129024
88 0.524614 0.442433 0.039296 0.043008
88 0.347172 0.309017 0.039296 0.043008
88 0.414721 0.294253 0.039296 0.043008
88 0.439792 0.194693 0.039296 0.043008
57 0.618074 0.060016 0.189932 0.207872
88 0.353840 0.242000 0.039296 0.043008
88 0.677402 0.437596 0.039296 0.043008
