161 0.317147 0.405556 0.078593 0.086016
164 0.474319 0.323178 0.052395 0.057344
251 0.338540 0.483653 0.117889 0.129024
28 0.095788 0.039408 0.117889 0.129024
33 0.221242 0.049940 0.117889 0.129024
21 0.654610 0.314418 0.288173 0.315392
233 0.940894 0.572289 0.117889 0.129024
164 0.511523 0.147570 0.052395 0.057344
22 0.662532 0.107573 0.052395 0.057344
161 0.402353 0.261541 0.078593 0.086016
232 0.624298 0.618403 0.117889 0.129024
161 0.386245 0.476411 0.078593 0.086016
232 0.785959 0.619683 0.117889 0.129024
41 0.014304 0.867801 0.189932 0.207872
233 0.678536 0.669323 0.117889 0.129024
