255 0.931235 0.003411 0.157185 0.172032
85 0.931235 0.003411 0.176834 0.193536
235 0.796675 0.442776 0.117889 0.129024
237 0.953800 0.300621 0.117889 0.129024
52 0.415005 0.466638 0.130988 0.143360
237 0.742678 0.491607 0.117889 0.129024
255 0.313443 0.480508 0.157185 0.172032
235 0.904134 0.149361 0.117889 0.129024
58 0.065618 0.084955 0.189932 0.207872
235 0.902222 0.347304 0.117889 0.129024
95 0.028735 0.556746 0.117889 0.129024
237 0.577016 0.487247 0.117889 0.129024
237 0.954753 0.202391 0.117889 0.129024
85 0.313443 0.480508 0.176834 0.193536
61 0.224387 0.124417 0.117889 0.129024
84 0.287014 0.333968 0.039296 0.043008
62 0.188284 0.641033 0.189932 0.207872
235 0.520701 0.433694 0.117889 0.129024
79 0.705110 0.275008 0.261976 0.286720
