164 0.883077 0.624710 0.052395 0.057344
164 0.831518 0.686826 0.052395 0.057344
127 0.053067 0.056703 0.176834 0.193536
108 0.868935 0.072625 0.189932 0.207872
164 0.879868 0.534575 0.052395 0.057344
142 0.481672 0.112815 0.013099 0.014336
124 0.184079 0.019358 0.039296 0.043008
232 0.119044 0.856180 0.117889 0.129024
250 0.053067 0.056703 0.157185 0.172032
164 0.860617 0.583246 0.052395 0.057344
164 0.912500 0.459079 0.052395 0.057344
164 0.808575 0.723245 0.052395 0.057344
166 0.362210 0.455662 0.189932 0.207872
233 0.243927 0.799610 0.117889 0.129024
232 0.304128 0.851739 0.117889 0.129024
159 0.518838 0.112274 0.091691 0.100352
142 0.525430 0.084361 0.013099 0.014336
164 0.837453 0.641600 0.052395 0.057344
135 0.813602 0.368797 0.189932 0.207872
