124 0.336453 0.086643 0.039296 0.043008
124 0.148657 0.475726 0.039296 0.043008
124 0.148066 0.354939 0.039296 0.043008
124 0.201385 0.357055 0.039296 0.043008
124 0.275781 0.308883 0.039296 0.043008
124 0.280401 0.430683 0.039296 0.043008
142 0.466923 0.538540 0.013099 0.014336
124 0.085306 0.303712 0.039296 0.043008
232 0.062092 0.240408 0.117889 0.129024
124 0.149162 0.268496 0.039296 0.043008
232 0.493384 0.054717 0.117889 0.129024
124 0.143267 0.177388 0.039296 0.043008
233 0.063097 0.129230 0.117889 0.129024
127 0.691014 0.020564 0.176834 0.193536
232 0.061088 0.351567 0.117889 0.129024
250 0.026943 0.517606 0.157185 0.172032
127 0.026943 0.517606 0.176834 0.193536
233 0.128041 0.078690 0.117889 0.129024
124 0.208382 0.148513 0.039296 0.043008
124 0.553133 0.226043 0.039296 0.043008
124 0.632073 0.103490 0.039296 0.043008
124 0.187768 0.130637 0.039296 0.043008
159 0.459587 0.546259 0.091691 0.100352
250 0.691014 0.020564 0.157185 0.172032
124 0.162035 0.188632 0.039296 0.043008
232 0.315390 0.039458 0.117889 0.129024
141 0.463516 0.370468 0.288173 0.315392
124 0.085227 0.303721 0.039296 0.043008
124 0.254617 0.188769 0.039296 0.043008
142 0.508782 0.523935 0.013099 0.014336
124 0.338594 0.091463 0.039296 0.043008
