124 0.651111 0.225158 0.039296 0.043008
124 0.402612 0.422915 0.039296 0.043008
233 0.259155 0.443258 0.117889 0.129024
127 0.287879 0.659788 0.176834 0.193536
124 0.627036 0.352922 0.039296 0.043008
233 0.670035 0.148715 0.117889 0.129024
124 0.395715 0.328494 0.039296 0.043008
232 0.320815 0.391469 0.117889 0.129024
124 0.530861 0.460683 0.039296 0.043008
130 0.696167 0.509677 0.288173 0.315392
124 0.342645 0.452184 0.039296 0.043008
167 0.524274 0.712428 0.189932 0.207872
124 0.401443 0.500434 0.039296 0.043008
232 0.319824 0.498834 0.117889 0.129024
124 0.583649 0.614340 0.039296 0.043008
233 0.321806 0.284086 0.117889 0.129024
124 0.438065 0.282861 0.039296 0.043008
124 0.719884 0.247535 0.039296 0.043008
124 0.750483 0.258163 0.039296 0.043008
232 0.724226 0.203582 0.117889 0.129024
250 0.909574 0.166573 0.157185 0.172032
124 0.648977 0.218978 0.039296 0.043008
233 0.382465 0.234000 0.117889 0.129024
232 0.557593 0.192369 0.117889 0.129024
124 0.576909 0.404731 0.039296 0.043008
124 0.452440 0.597984 0.039296 0.043008
124 0.556970 0.425353 0.039296 0.043008
119 0.690401 0.638290 0.013099 0.014336
250 0.287879 0.659788 0.157185 0.172032
124 0.446000 0.600170 0.039296 0.043008
124 0.577862 0.238951 0.039296 0.043008
