48 0.420151 0.121565 0.189932 0.207872
74 0.591501 0.570464 0.039296 0.043008
88 0.136404 0.269010 0.039296 0.043008
235 0.019472 0.091104 0.117889 0.129024
78 0.048907 0.423879 0.288173 0.315392
88 0.178422 0.174663 0.039296 0.043008
88 0.032916 0.251293 0.039296 0.043008
85 0.241079 0.054261 0.176834 0.193536
88 0.023961 0.139781 0.039296 0.043008
91 0.915838 0.211785 0.091691 0.100352
253 0.386062 0.618982 0.117889 0.129024
88 0.159640 0.210634 0.039296 0.043008
74 0.646872 0.949055 0.039296 0.043008
255 0.241079 0.054261 0.157185 0.172032
74 0.632146 0.555111 0.039296 0.043008
74 0.680491 0.980857 0.039296 0.043008
