39 0.223871 0.899962 0.189932 0.207872
233 0.697966 0.250671 0.117889 0.129024
233 0.643020 0.298178 0.117889 0.129024
164 0.463874 0.278961 0.052395 0.057344
27 0.302018 0.287333 0.039296 0.043008
233 0.356531 0.388673 0.117889 0.129024
164 0.387406 0.175875 0.052395 0.057344
164 0.211950 0.191669 0.052395 0.057344
164 0.384625 0.220746 0.052395 0.057344
164 0.444634 0.208350 0.052395 0.057344
27 0.355521 0.175043 0.039296 0.043008
164 0.439778 0.161138 0.052395 0.057344
164 0.288020 0.212454 0.052395 0.057344
28 0.855736 0.334130 0.117889 0.129024
232 0.473947 0.341215 0.117889 0.129024
27 0.440649 0.266070 0.039296 0.043008
27 0.307360 0.234400 0.039296 0.043008
17 0.383169 0.795754 0.078593 0.086016
164 0.258816 0.165629 0.052395 0.057344
233 0.753032 0.103830 0.117889 0.129024
232 0.297131 0.333085 0.117889 0.129024
21 0.330101 0.016055 0.288173 0.315392
164 0.417604 0.250944 0.052395 0.057344
164 0.335687 0.240548 0.052395 0.057344
164 0.191352 0.140321 0.052395 0.057344
164 0.375267 0.275614 0.052395 0.057344
232 0.698955 0.149885 0.117889 0.129024
164 0.503170 0.191309 0.052395 0.057344
164 0.246167 0.241530 0.052395 0.057344
164 0.293984 0.272066 0.052395 0.057344
232 0.699914 0.049052 0.117889 0.129024
164 0.388639 0.324173 0.052395 0.057344
27 0.379138 0.343713 0.039296 0.043008
164 0.316327 0.171022 0.052395 0.057344
164 0.503097 0.247501 0.052395 0.057344
