15 0.558615 0.095585 0.189932 0.207872
27 0.293387 0.483316 0.039296 0.043008
233 0.036182 0.499594 0.117889 0.129024
27 0.477330 0.680859 0.039296 0.043008
232 0.101649 0.445923 0.117889 0.129024
233 0.037187 0.388119 0.117889 0.129024
27 0.315002 0.171384 0.039296 0.043008
233 0.231736 0.069296 0.117889 0.129024
27 0.124877 0.391217 0.039296 0.043008
27 0.406986 0.637903 0.039296 0.043008
3 0.608698 0.770565 0.176834 0.193536
27 0.351454 0.277893 0.039296 0.043008
232 0.103152 0.280101 0.117889 0.129024
250 0.608698 0.770565 0.157185 0.172032
21 0.499177 0.406234 0.288173 0.315392
27 0.456381 0.644001 0.039296 0.043008
27 0.416037 0.622883 0.039296 0.043008
27 0.183504 0.242840 0.039296 0.043008
27 0.226441 0.394978 0.039296 0.043008
3 0.377448 0.773684 0.176834 0.193536
27 0.290361 0.138465 0.039296 0.043008
250 0.377448 0.773684 0.157185 0.172032
28 0.585714 0.227362 0.117889 0.129024
233 0.038696 0.220872 0.117889 0.129024
27 0.190315 0.307838 0.039296 0.043008
27 0.185593 0.524126 0.039296 0.043008
232 0.100647 0.556448 0.117889 0.129024
27 0.409990 0.549592 0.039296 0.043008
27 0.297435 0.425956 0.039296 0.043008
232 0.168476 0.118996 0.117889 0.129024
