27 0.860674 0.912421 0.039296 0.043008
27 0.796367 0.807584 0.039296 0.043008
27 0.618575 0.836961 0.039296 0.043008
232 0.886334 0.954018 0.117889 0.129024
27 0.584082 0.910773 0.039296 0.043008
27 0.860512 0.912099 0.039296 0.043008
27 0.866526 0.591859 0.039296 0.043008
27 0.859540 0.746974 0.039296 0.043008
27 0.974954 0.549087 0.039296 0.043008
232 0.727664 0.960502 0.117889 0.129024
31 0.813196 0.406143 0.189932 0.207872
27 0.971858 0.657401 0.039296 0.043008
27 0.722673 0.898925 0.039296 0.043008
27 0.973730 0.549578 0.039296 0.043008
27 0.801460 0.958918 0.039296 0.043008
28 0.942637 0.435769 0.117889 0.129024
27 0.995669 0.698267 0.039296 0.043008
27 0.818235 0.754945 0.039296 0.043008
27 0.947276 0.657374 0.039296 0.043008
27 0.866146 0.703818 0.039296 0.043008
27 0.797791 0.921908 0.039296 0.043008
21 0.703437 0.656443 0.288173 0.315392
27 0.940652 0.859891 0.039296 0.043008
27 0.724194 0.918338 0.039296 0.043008
