3 0.317676 0.774056 0.176834 0.193536
27 0.664906 0.673522 0.039296 0.043008
27 0.617525 0.508170 0.039296 0.043008
233 0.907123 0.469672 0.117889 0.129024
232 0.855813 0.418339 0.117889 0.129024
27 0.689489 0.412407 0.039296 0.043008
232 0.692579 0.718082 0.117889 0.129024
27 0.784369 0.575920 0.039296 0.043008
27 0.782723 0.494981 0.039296 0.043008
250 0.317676 0.774056 0.157185 0.172032
233 0.853864 0.617511 0.117889 0.129024
21 0.498786 0.405018 0.288173 0.315392
233 0.800763 0.667247 0.117889 0.129024
27 0.511872 0.562585 0.039296 0.043008
27 0.836433 0.461686 0.039296 0.043008
27 0.589483 0.551465 0.039296 0.043008
27 0.720742 0.475409 0.039296 0.043008
233 0.580985 0.770520 0.117889 0.129024
27 0.749997 0.623140 0.039296 0.043008
27 0.592695 0.659165 0.039296 0.043008
250 0.883256 0.270434 0.157185 0.172032
27 0.759531 0.561070 0.039296 0.043008
232 0.854854 0.517948 0.117889 0.129024
27 0.603089 0.726206 0.039296 0.043008
232 0.524592 0.719121 0.117889 0.129024
27 0.784520 0.416035 0.039296 0.043008
27 0.694354 0.439231 0.039296 0.043008
27 0.520897 0.675564 0.039296 0.043008
