124 0.168752 0.316209 0.039296 0.043008
232 0.493384 0.054717 0.117889 0.129024
250 0.026943 0.517606 0.157185 0.172032
124 0.569178 0.149161 0.039296 0.043008
233 0.128041 0.078690 0.117889 0.129024
141 0.463516 0.370468 0.288173 0.315392
124 0.187768 0.130637 0.039296 0.043008
232 0.061088 0.351567 0.117889 0.129024
124 0.336453 0.086643 0.039296 0.043008
124 0.264136 0.359836 0.039296 0.043008
124 0.085306 0.303712 0.039296 0.043008
124 0.149028 0.354845 0.039296 0.043008
124 0.275575 0.432371 0.039296 0.043008
124 0.146183 0.476587 0.039296 0.043008
124 0.143267 0.177388 0.039296 0.043008
232 0.062092 0.240408 0.117889 0.129024
124 0.303929 0.273835 0.039296 0.043008
232 0.315390 0.039458 0.117889 0.129024
124 0.233667 0.124747 0.039296 0.043008
127 0.026943 0.517606 0.176834 0.193536
124 0.334837 0.258352 0.039296 0.043008
124 0.390534 0.208645 0.039296 0.043008
142 0.454971 0.514897 0.013099 0.014336
233 0.063097 0.129230 0.117889 0.129024
159 0.459587 0.546259 0.091691 0.100352
124 0.378698 0.223463 0.039296 0.043008
124 0.149162 0.268496 0.039296 0.043008
142 0.517792 0.523358 0.013099 0.014336
124 0.626558 0.116742 0.039296 0.043008
127 0.691014 0.020564 0.176834 0.193536
250 0.691014 0.020564 0.157185 0.172032
