28 0.821230 0.614616 0.117889 0.129024
21 0.997959 0.932928 0.288173 0.315392
41 0.686273 0.690065 0.189932 0.207872
41 0.282145 0.529135 0.189932 0.207872
39 0.952212 0.443904 0.189932 0.207872
44 0.589616 0.221198 0.052395 0.057344
26 0.317371 0.019147 0.117889 0.129024
161 0.637272 0.021506 0.078593 0.086016
7 0.689545 0.332886 0.189932 0.207872
28 0.374672 0.344374 0.117889 0.129024
44 0.640405 0.147343 0.052395 0.057344
164 0.708554 0.046774 0.052395 0.057344
14 0.461553 0.532642 0.189932 0.207872
41 0.632514 0.535984 0.189932 0.207872
41 0.465487 0.111343 0.189932 0.207872
