235 0.609334 0.653585 0.117889 0.129024
91 0.374130 0.080114 0.091691 0.100352
94 0.095497 0.765845 0.117889 0.129024
255 0.582987 0.499939 0.157185 0.172032
91 0.980111 0.150602 0.091691 0.100352
75 0.877798 0.193719 0.078593 0.086016
235 0.608371 0.755542 0.117889 0.129024
96 0.223081 0.655627 0.130988 0.143360
237 0.607361 0.857438 0.117889 0.129024
96 0.461592 0.919236 0.130988 0.143360
237 0.661530 0.906296 0.117889 0.129024
90 0.316865 0.731403 0.091691 0.100352
237 0.552874 0.704630 0.117889 0.129024
227 0.509366 0.032268 0.039296 0.043008
