27 0.140953 0.311910 0.039296 0.043008
179 0.843899 0.859772 0.039296 0.043008
179 0.869086 0.831403 0.039296 0.043008
26 0.184452 0.539356 0.117889 0.129024
26 0.370972 0.329785 0.117889 0.129024
179 0.840546 0.789908 0.039296 0.043008
252 0.795387 0.175548 0.117889 0.129024
26 0.247828 0.432059 0.117889 0.129024
250 0.974383 0.212674 0.157185 0.172032
28 0.123794 0.207210 0.117889 0.129024
33 0.248823 0.323625 0.117889 0.129024
26 0.369537 0.436007 0.117889 0.129024
179 0.922506 0.760882 0.039296 0.043008
33 0.122023 0.427977 0.117889 0.129024
168 0.870098 0.601344 0.117889 0.129024
179 0.896887 0.784895 0.039296 0.043008
