164 0.367769 0.337862 0.052395 0.057344
164 0.230256 0.216499 0.052395 0.057344
164 0.139428 0.220662 0.052395 0.057344
179 0.244923 0.174886 0.039296 0.043008
164 0.426605 0.212748 0.052395 0.057344
163 0.175592 0.122129 0.078593 0.086016
179 0.472781 0.223715 0.039296 0.043008
164 0.283082 0.309297 0.052395 0.057344
179 0.319504 0.340179 0.039296 0.043008
179 0.409822 0.261582 0.039296 0.043008
179 0.361038 0.292202 0.039296 0.043008
164 0.188545 0.326318 0.052395 0.057344
164 0.449065 0.167864 0.052395 0.057344
164 0.212890 0.263820 0.052395 0.057344
164 0.229843 0.402597 0.052395 0.057344
164 0.124688 0.168464 0.052395 0.057344
179 0.414633 0.348432 0.039296 0.043008
179 0.318487 0.181865 0.039296 0.043008
179 0.233452 0.306743 0.039296 0.043008
164 0.391489 0.141169 0.052395 0.057344
164 0.156989 0.275917 0.052395 0.057344
164 0.445957 0.104165 0.052395 0.057344
179 0.344027 0.141256 0.039296 0.043008
179 0.283229 0.159694 0.039296 0.043008
164 0.282371 0.240093 0.052395 0.057344
164 0.180971 0.186954 0.052395 0.057344
164 0.292174 0.375158 0.052395 0.057344
163 0.504599 0.144308 0.078593 0.086016
179 0.313842 0.274911 0.039296 0.043008
163 0.355686 0.230662 0.078593 0.086016
164 0.249019 0.126090 0.052395 0.057344
179 0.280715 0.196259 0.039296 0.043008
164 0.239952 0.352999 0.052395 0.057344
