233 0.354057 0.496726 0.117889 0.129024
233 0.171817 0.438166 0.117889 0.129024
232 0.413381 0.445608 0.117889 0.129024
28 0.232987 0.520661 0.117889 0.129024
27 0.491200 0.282750 0.039296 0.043008
27 0.584369 0.244007 0.039296 0.043008
27 0.666174 0.082566 0.039296 0.043008
28 0.586063 0.323108 0.117889 0.129024
27 0.306266 0.259396 0.039296 0.043008
27 0.512231 0.305383 0.039296 0.043008
71 0.521296 0.825365 0.078593 0.086016
27 0.368346 0.277541 0.039296 0.043008
27 0.285463 0.038563 0.039296 0.043008
232 0.109379 0.381598 0.117889 0.129024
27 0.415147 0.336562 0.039296 0.043008
21 0.445550 0.133311 0.288173 0.315392
27 0.278599 0.229011 0.039296 0.043008
27 0.448726 0.280449 0.039296 0.043008
232 0.048357 0.048649 0.117889 0.129024
27 0.473567 0.308892 0.039296 0.043008
27 0.386902 0.310670 0.039296 0.043008
27 0.535770 0.266963 0.039296 0.043008
27 0.455159 0.339621 0.039296 0.043008
27 0.296710 0.199257 0.039296 0.043008
232 0.046369 0.268986 0.117889 0.129024
27 0.680084 0.220336 0.039296 0.043008
27 0.500086 0.336503 0.039296 0.043008
27 0.408898 0.279894 0.039296 0.043008
