179 0.667754 0.407985 0.039296 0.043008
152 0.794761 0.908632 0.104790 0.114688
179 0.701259 0.427423 0.039296 0.043008
27 0.238625 0.214357 0.039296 0.043008
127 0.880464 0.976121 0.176834 0.193536
124 0.924555 0.878023 0.039296 0.043008
179 0.595023 0.472692 0.039296 0.043008
250 0.880464 0.976121 0.157185 0.172032
28 0.477373 0.074369 0.117889 0.129024
42 0.341414 0.479466 0.091691 0.100352
179 0.644861 0.435606 0.039296 0.043008
17 0.484418 0.620277 0.078593 0.086016
168 0.962728 0.409078 0.117889 0.129024
179 0.629156 0.400492 0.039296 0.043008
26 0.359147 0.064576 0.117889 0.129024
26 0.591864 0.083852 0.117889 0.129024
33 0.358158 0.171487 0.117889 0.129024
