88 0.839695 0.192742 0.039296 0.043008
233 0.732904 0.589445 0.117889 0.129024
250 0.124348 0.363991 0.157185 0.172032
88 0.779939 0.167851 0.039296 0.043008
61 0.921671 0.051023 0.117889 0.129024
84 0.990655 0.349827 0.039296 0.043008
233 0.514151 0.379923 0.117889 0.129024
84 0.977995 0.290514 0.039296 0.043008
232 0.678541 0.639278 0.117889 0.129024
232 0.677582 0.740247 0.117889 0.129024
88 0.798055 0.300130 0.039296 0.043008
88 0.704551 0.204100 0.039296 0.043008
232 0.679500 0.538295 0.117889 0.129024
250 0.369054 0.373992 0.157185 0.172032
88 0.731082 0.244164 0.039296 0.043008
58 0.791292 0.013863 0.189932 0.207872
232 0.676624 0.841200 0.117889 0.129024
233 0.570116 0.433526 0.117889 0.129024
233 0.730993 0.789838 0.117889 0.129024
