233 0.352985 0.758064 0.117889 0.129024
232 0.412507 0.705104 0.117889 0.129024
164 0.416745 0.115143 0.052395 0.057344
164 0.044539 0.157668 0.052395 0.057344
250 0.389409 0.021049 0.157185 0.172032
233 0.696017 0.452029 0.117889 0.129024
164 0.098089 0.137786 0.052395 0.057344
164 0.307318 0.141044 0.052395 0.057344
232 0.641065 0.501083 0.117889 0.129024
164 0.202638 0.172516 0.052395 0.057344
164 0.253140 0.152918 0.052395 0.057344
164 0.466808 0.094558 0.052395 0.057344
164 0.065484 0.207266 0.052395 0.057344
164 0.363100 0.129013 0.052395 0.057344
164 0.125278 0.210835 0.052395 0.057344
164 0.177567 0.238254 0.052395 0.057344
232 0.642026 0.399522 0.117889 0.129024
233 0.640103 0.602628 0.117889 0.129024
164 0.150105 0.165306 0.052395 0.057344
232 0.642507 0.348736 0.117889 0.129024
250 0.671199 0.198114 0.157185 0.172032
233 0.584293 0.653230 0.117889 0.129024
164 0.478952 0.047681 0.052395 0.057344
127 0.671199 0.198114 0.176834 0.193536
