27 0.240767 0.126387 0.039296 0.043008
27 0.303731 0.335187 0.039296 0.043008
27 0.309446 0.186606 0.039296 0.043008
27 0.476545 0.082410 0.039296 0.043008
233 0.104327 0.113298 0.117889 0.129024
7 0.928810 0.814683 0.189932 0.207872
3 0.068563 0.499582 0.176834 0.193536
27 0.324451 0.295599 0.039296 0.043008
250 0.671282 0.001356 0.157185 0.172032
3 0.671282 0.001356 0.176834 0.193536
250 0.068563 0.499582 0.157185 0.172032
27 0.320629 0.343830 0.039296 0.043008
233 0.038009 0.275848 0.117889 0.129024
27 0.396535 0.073872 0.039296 0.043008
27 0.181955 0.294715 0.039296 0.043008
27 0.320698 0.413438 0.039296 0.043008
232 0.293451 0.019281 0.117889 0.129024
27 0.476413 0.081256 0.039296 0.043008
15 0.978070 0.960187 0.189932 0.207872
232 0.102357 0.334496 0.117889 0.129024
21 0.498603 0.352178 0.288173 0.315392
233 0.168587 0.063156 0.117889 0.129024
27 0.325101 0.070653 0.039296 0.043008
27 0.228150 0.115349 0.039296 0.043008
28 0.850141 0.940726 0.117889 0.129024
27 0.217271 0.181750 0.039296 0.043008
27 0.185447 0.459423 0.039296 0.043008
27 0.360063 0.127384 0.039296 0.043008
27 0.183212 0.161125 0.039296 0.043008
232 0.103360 0.223924 0.117889 0.129024
27 0.190393 0.252342 0.039296 0.043008
27 0.391329 0.020603 0.039296 0.043008
27 0.126259 0.286942 0.039296 0.043008
232 0.472507 0.035072 0.117889 0.129024
