124 0.246508 0.655973 0.039296 0.043008
159 0.465088 0.555562 0.091691 0.100352
142 0.393249 0.565303 0.013099 0.014336
250 0.197167 0.754657 0.157185 0.172032
232 0.234477 0.055928 0.117889 0.129024
124 0.333125 0.057506 0.039296 0.043008
233 0.355826 0.013002 0.117889 0.129024
142 0.399928 0.519586 0.013099 0.014336
124 0.000690 0.307675 0.039296 0.043008
233 0.045046 0.095442 0.117889 0.129024
251 0.694331 0.219982 0.117889 0.129024
124 0.406986 0.142487 0.039296 0.043008
142 0.435159 0.537862 0.013099 0.014336
124 0.130310 0.470330 0.039296 0.043008
124 0.061360 0.217928 0.039296 0.043008
232 0.414326 0.070765 0.117889 0.129024
141 0.381984 0.384278 0.288173 0.315392
142 0.322248 0.517942 0.013099 0.014336
124 0.104386 0.479085 0.039296 0.043008
127 0.197167 0.754657 0.176834 0.193536
124 0.333128 0.057156 0.039296 0.043008
171 0.108325 0.182227 0.091691 0.100352
124 0.302703 0.543041 0.039296 0.043008
124 0.246508 0.655973 0.039296 0.043008
122 0.768690 0.848201 0.104790 0.114688
124 0.222171 0.221111 0.039296 0.043008
124 0.409585 0.115657 0.039296 0.043008
124 0.193444 0.320090 0.039296 0.043008
