44 0.161700 0.250333 0.052395 0.057344
164 0.147362 0.172315 0.052395 0.057344
164 0.097614 0.092173 0.052395 0.057344
119 0.338678 0.335977 0.013099 0.014336
164 0.147821 0.121859 0.052395 0.057344
119 0.298922 0.306111 0.013099 0.014336
44 0.242989 0.307962 0.052395 0.057344
164 0.115268 0.217255 0.052395 0.057344
164 0.004516 0.197112 0.052395 0.057344
164 0.091143 0.151957 0.052395 0.057344
130 0.325764 0.172870 0.288173 0.315392
119 0.309213 0.310964 0.013099 0.014336
164 0.054845 0.234809 0.052395 0.057344
