57 0.385716 0.673568 0.189932 0.207872
85 0.077814 0.396379 0.176834 0.193536
96 0.107997 0.646182 0.130988 0.143360
88 0.385095 0.098676 0.039296 0.043008
88 0.592533 0.114614 0.039296 0.043008
88 0.300484 0.242552 0.039296 0.043008
88 0.178147 0.762428 0.039296 0.043008
88 0.483058 0.103013 0.039296 0.043008
88 0.339103 0.183847 0.039296 0.043008
96 0.108778 0.535569 0.130988 0.143360
74 0.715949 0.250922 0.039296 0.043008
62 0.993454 0.038780 0.189932 0.207872
88 0.136183 0.098248 0.039296 0.043008
88 0.403652 0.049245 0.039296 0.043008
235 0.111533 0.231892 0.117889 0.129024
88 0.359082 0.163215 0.039296 0.043008
88 0.666356 0.004111 0.039296 0.043008
88 0.532077 0.006333 0.039296 0.043008
45 0.731872 0.115661 0.189932 0.207872
255 0.077814 0.396379 0.157185 0.172032
88 0.294569 0.206197 0.039296 0.043008
237 0.048365 0.061047 0.117889 0.129024
88 0.197426 0.236594 0.039296 0.043008
96 0.106878 0.756441 0.130988 0.143360
78 0.506893 0.254879 0.288173 0.315392
88 0.136494 0.098379 0.039296 0.043008
74 0.738797 0.218047 0.039296 0.043008
88 0.135509 0.184494 0.039296 0.043008
88 0.192751 0.060091 0.039296 0.043008
237 0.047359 0.172457 0.117889 0.129024
235 0.113538 0.010950 0.117889 0.129024
74 0.844561 0.183973 0.039296 0.043008
74 0.770069 0.238493 0.039296 0.043008
88 0.162958 0.105174 0.039296 0.043008
92 0.991052 0.283017 0.189932 0.207872
88 0.192859 0.059940 0.039296 0.043008
88 0.243854 0.341582 0.039296 0.043008
88 0.252492 0.338830 0.039296 0.043008
58 0.835149 0.473902 0.189932 0.207872
48 0.504448 0.516621 0.189932 0.207872
