53 0.456183 0.236858 0.189932 0.207872
88 0.065004 0.476264 0.039296 0.043008
96 0.424121 0.526214 0.130988 0.143360
48 0.395752 0.392765 0.189932 0.207872
85 0.272428 0.658167 0.176834 0.193536
88 0.568605 0.504501 0.039296 0.043008
78 0.086982 0.270053 0.288173 0.315392
58 0.946515 0.315591 0.189932 0.207872
88 0.213350 0.534779 0.039296 0.043008
73 0.559046 0.120943 0.058945 0.064512
255 0.272428 0.658167 0.157185 0.172032
88 0.188910 0.483262 0.039296 0.043008
50 0.308214 0.093328 0.117889 0.129024
235 0.051547 0.602066 0.117889 0.129024
48 0.153010 0.053667 0.189932 0.207872
51 0.541156 0.424410 0.117889 0.129024
88 0.314428 0.557678 0.039296 0.043008
97 0.304254 0.523778 0.130988 0.143360
96 0.422644 0.684953 0.130988 0.143360
88 0.056848 0.553565 0.039296 0.043008
96 0.307222 0.200965 0.130988 0.143360
