41 0.056418 0.728125 0.189932 0.207872
164 0.511308 0.195751 0.052395 0.057344
44 0.334536 0.439989 0.052395 0.057344
232 0.659794 0.492275 0.117889 0.129024
163 0.413303 0.428074 0.078593 0.086016
161 0.355704 0.274996 0.078593 0.086016
161 0.430277 0.313841 0.078593 0.086016
233 0.713504 0.543927 0.117889 0.129024
21 0.689835 0.190182 0.288173 0.315392
251 0.376875 0.353105 0.117889 0.129024
232 0.819902 0.496407 0.117889 0.129024
22 0.582885 0.303534 0.052395 0.057344
164 0.538401 0.024525 0.052395 0.057344
7 0.305887 0.941129 0.189932 0.207872
44 0.334979 0.380978 0.052395 0.057344
