119 0.535888 0.374878 0.013099 0.014336
119 0.563569 0.398878 0.013099 0.014336
164 0.350408 0.291355 0.052395 0.057344
130 0.551502 0.240891 0.288173 0.315392
164 0.383957 0.241942 0.052395 0.057344
164 0.331220 0.222728 0.052395 0.057344
232 0.171176 0.110638 0.117889 0.129024
44 0.351398 0.345960 0.052395 0.057344
119 0.526220 0.370261 0.013099 0.014336
164 0.337317 0.164779 0.052395 0.057344
232 0.170199 0.217834 0.117889 0.129024
164 0.384411 0.193068 0.052395 0.057344
164 0.297140 0.303269 0.052395 0.057344
250 0.137715 0.377381 0.157185 0.172032
233 0.172154 0.003425 0.117889 0.129024
152 0.217214 0.290132 0.104790 0.114688
164 0.249972 0.267214 0.052395 0.057344
233 0.108400 0.160029 0.117889 0.129024
