142 0.632868 0.406618 0.013099 0.014336
124 0.440859 0.050702 0.039296 0.043008
142 0.703566 0.429593 0.013099 0.014336
124 0.500815 0.350336 0.039296 0.043008
152 0.273790 0.864642 0.104790 0.114688
124 0.344338 0.216488 0.039296 0.043008
142 0.677236 0.439594 0.013099 0.014336
124 0.442097 0.051829 0.039296 0.043008
233 0.323988 0.047660 0.117889 0.129024
232 0.322996 0.155079 0.117889 0.129024
124 0.512963 0.220310 0.039296 0.043008
124 0.722014 0.023791 0.039296 0.043008
124 0.398133 0.094605 0.039296 0.043008
124 0.829329 0.076973 0.039296 0.043008
124 0.583093 0.017846 0.039296 0.043008
127 0.290063 0.422521 0.176834 0.193536
119 0.751860 0.431970 0.013099 0.014336
233 0.261344 0.204934 0.117889 0.129024
124 0.582769 0.017107 0.039296 0.043008
124 0.346147 0.216718 0.039296 0.043008
130 0.698301 0.285281 0.288173 0.315392
250 0.290063 0.422521 0.157185 0.172032
159 0.694705 0.455362 0.091691 0.100352
124 0.814949 0.099106 0.039296 0.043008
124 0.415092 0.379644 0.039296 0.043008
124 0.420277 0.267539 0.039296 0.043008
124 0.403136 0.266727 0.039296 0.043008
232 0.322005 0.262482 0.117889 0.129024
124 0.651913 0.004738 0.039296 0.043008
124 0.713879 0.108055 0.039296 0.043008
124 0.397801 0.094397 0.039296 0.043008
167 0.526429 0.482738 0.189932 0.207872
124 0.404101 0.183117 0.039296 0.043008
