168 0.776438 0.801935 0.117889 0.129024
26 0.617833 0.237996 0.117889 0.129024
26 0.563867 0.027065 0.117889 0.129024
26 0.447021 0.121821 0.117889 0.129024
33 0.448006 0.016184 0.117889 0.129024
152 0.558904 0.973245 0.104790 0.114688
168 0.556135 0.805973 0.117889 0.129024
27 0.202123 0.241884 0.039296 0.043008
28 0.504218 0.231016 0.117889 0.129024
17 0.255501 0.363308 0.078593 0.086016
168 0.985947 0.553925 0.117889 0.129024
33 0.327807 0.112765 0.117889 0.129024
26 0.562454 0.130590 0.117889 0.129024
33 0.385923 0.330270 0.117889 0.129024
31 0.172932 0.128420 0.189932 0.207872
168 0.440659 0.808089 0.117889 0.129024
26 0.386911 0.223808 0.117889 0.129024
