88 0.375032 0.280892 0.039296 0.043008
62 0.906223 0.245630 0.189932 0.207872
235 0.000292 0.468834 0.117889 0.129024
88 0.220539 0.140314 0.039296 0.043008
58 0.743904 0.691033 0.189932 0.207872
88 0.135992 0.472113 0.039296 0.043008
88 0.024172 0.332047 0.039296 0.043008
74 0.677066 0.454773 0.039296 0.043008
88 0.183814 0.192558 0.039296 0.043008
45 0.637831 0.331606 0.189932 0.207872
88 0.231384 0.141562 0.039296 0.043008
88 0.088563 0.470888 0.039296 0.043008
74 0.644961 0.435056 0.039296 0.043008
88 0.236017 0.413606 0.039296 0.043008
88 0.357095 0.152760 0.039296 0.043008
74 0.753505 0.397238 0.039296 0.043008
88 0.302141 0.350514 0.039296 0.043008
255 0.639777 0.125986 0.157185 0.172032
74 0.621511 0.469061 0.039296 0.043008
88 0.427731 0.275325 0.039296 0.043008
48 0.404345 0.744862 0.189932 0.207872
88 0.088096 0.285787 0.039296 0.043008
88 0.489998 0.342674 0.039296 0.043008
235 0.133120 0.141886 0.117889 0.129024
237 0.196905 0.091713 0.117889 0.129024
88 0.847829 0.241956 0.039296 0.043008
237 0.380522 0.105909 0.117889 0.129024
88 0.074361 0.424999 0.039296 0.043008
72 0.120833 0.472664 0.039296 0.043008
88 0.103509 0.587560 0.039296 0.043008
88 0.434478 0.208803 0.039296 0.043008
88 0.576019 0.213426 0.039296 0.043008
88 0.091216 0.428374 0.039296 0.043008
235 0.439268 0.163359 0.117889 0.129024
88 0.194699 0.555169 0.039296 0.043008
92 0.903807 0.492879 0.189932 0.207872
78 0.406803 0.479658 0.288173 0.315392
88 0.086275 0.293556 0.039296 0.043008
235 0.002306 0.244806 0.117889 0.129024
88 0.319139 0.310290 0.039296 0.043008
88 0.357701 0.150701 0.039296 0.043008
85 0.639777 0.125986 0.176834 0.193536
