232 0.661279 0.948454 0.117889 0.129024
232 0.822818 0.942069 0.117889 0.129024
233 0.715516 0.997073 0.117889 0.129024
27 0.830314 0.722231 0.039296 0.043008
27 0.736200 0.952069 0.039296 0.043008
27 0.910751 0.555617 0.039296 0.043008
179 0.487806 0.171255 0.039296 0.043008
27 0.666061 0.900945 0.039296 0.043008
27 0.929652 0.845945 0.039296 0.043008
179 0.486085 0.379227 0.039296 0.043008
27 0.549900 0.868619 0.039296 0.043008
179 0.604576 0.295487 0.039296 0.043008
21 0.691651 0.641681 0.288173 0.315392
27 0.852467 0.665327 0.039296 0.043008
179 0.752114 0.421904 0.039296 0.043008
179 0.578451 0.267516 0.039296 0.043008
27 0.665790 0.903998 0.039296 0.043008
27 0.572355 0.832486 0.039296 0.043008
179 0.518937 0.229280 0.039296 0.043008
28 0.497873 0.300019 0.117889 0.129024
27 0.714195 0.787822 0.039296 0.043008
179 0.404899 0.141341 0.039296 0.043008
27 0.962506 0.643296 0.039296 0.043008
39 0.641255 0.127481 0.189932 0.207872
27 0.787246 0.860768 0.039296 0.043008
27 0.915585 0.707080 0.039296 0.043008
179 0.558039 0.235101 0.039296 0.043008
179 0.683591 0.373407 0.039296 0.043008
31 0.749199 0.287737 0.189932 0.207872
179 0.460348 0.196010 0.039296 0.043008
41 0.290599 0.208462 0.189932 0.207872
179 0.442772 0.156879 0.039296 0.043008
27 0.927769 0.548877 0.039296 0.043008
14 0.102413 0.196661 0.189932 0.207872
27 0.809673 0.743035 0.039296 0.043008
27 0.929689 0.845980 0.039296 0.043008
