26 0.190794 0.794318 0.117889 0.129024
31 0.744983 0.608527 0.189932 0.207872
41 0.581573 0.399937 0.189932 0.207872
27 0.097581 0.920646 0.039296 0.043008
27 0.153662 0.594912 0.039296 0.043008
27 0.018988 0.986837 0.039296 0.043008
27 0.064255 0.815534 0.039296 0.043008
232 0.064972 0.602158 0.117889 0.129024
39 0.746432 0.456767 0.189932 0.207872
28 0.608346 0.529857 0.117889 0.129024
28 0.493030 0.684747 0.117889 0.129024
27 0.015307 0.817062 0.039296 0.043008
41 0.465222 0.553259 0.189932 0.207872
27 0.131499 0.650720 0.039296 0.043008
27 0.021164 0.880318 0.039296 0.043008
27 0.026047 0.880174 0.039296 0.043008
14 0.099359 0.381393 0.189932 0.207872
7 0.286074 0.550331 0.189932 0.207872
27 0.090438 0.921753 0.039296 0.043008
21 0.404327 0.871286 0.288173 0.315392
233 0.129896 0.547790 0.117889 0.129024
41 0.408064 0.393264 0.189932 0.207872
27 0.204288 0.937191 0.039296 0.043008
41 0.632603 0.915668 0.189932 0.207872
27 0.020654 0.986702 0.039296 0.043008
27 0.636117 0.819650 0.039296 0.043008
27 0.163698 0.596125 0.039296 0.043008
