179 0.258396 0.270547 0.039296 0.043008
179 0.388886 0.280681 0.039296 0.043008
179 0.320893 0.340566 0.039296 0.043008
164 0.445957 0.104165 0.052395 0.057344
107 0.326977 0.279443 0.039296 0.043008
164 0.358534 0.313647 0.052395 0.057344
164 0.274665 0.312382 0.052395 0.057344
179 0.280313 0.191693 0.039296 0.043008
164 0.248976 0.123235 0.052395 0.057344
164 0.391489 0.141169 0.052395 0.057344
164 0.124688 0.168464 0.052395 0.057344
164 0.180971 0.186954 0.052395 0.057344
179 0.344027 0.141256 0.039296 0.043008
179 0.319443 0.181591 0.039296 0.043008
164 0.279910 0.378797 0.052395 0.057344
163 0.504599 0.144308 0.078593 0.086016
164 0.230256 0.216499 0.052395 0.057344
179 0.406243 0.321843 0.039296 0.043008
179 0.417105 0.256142 0.039296 0.043008
179 0.284853 0.155399 0.039296 0.043008
164 0.449065 0.167864 0.052395 0.057344
163 0.175592 0.122129 0.078593 0.086016
164 0.208824 0.262715 0.052395 0.057344
164 0.139428 0.220662 0.052395 0.057344
164 0.181649 0.322696 0.052395 0.057344
179 0.472781 0.223715 0.039296 0.043008
164 0.284933 0.235172 0.052395 0.057344
164 0.153431 0.276339 0.052395 0.057344
179 0.242390 0.173628 0.039296 0.043008
164 0.232693 0.348711 0.052395 0.057344
164 0.426605 0.212748 0.052395 0.057344
164 0.229843 0.402597 0.052395 0.057344
163 0.355686 0.230662 0.078593 0.086016
