78 0.647602 0.780162 0.288173 0.315392
233 0.888595 0.482629 0.117889 0.129024
232 0.938876 0.532697 0.117889 0.129024
76 0.887419 0.605145 0.117889 0.129024
232 0.677639 0.476587 0.117889 0.129024
88 0.239193 0.630714 0.039296 0.043008
53 0.118798 0.679080 0.189932 0.207872
74 0.223749 0.771794 0.039296 0.043008
96 0.214754 0.436775 0.130988 0.143360
57 0.053514 0.843964 0.189932 0.207872
22 0.347466 0.238379 0.052395 0.057344
76 0.274486 0.598906 0.117889 0.129024
233 0.732157 0.428087 0.117889 0.129024
96 0.151537 0.543372 0.130988 0.143360
