88 0.266161 0.000885 0.039296 0.043008
74 0.521645 0.242928 0.039296 0.043008
88 0.329244 0.117239 0.039296 0.043008
88 0.105033 0.146048 0.039296 0.043008
95 0.939830 0.471160 0.117889 0.129024
57 0.108808 0.694652 0.189932 0.207872
88 0.118800 0.114510 0.039296 0.043008
74 0.463584 0.255840 0.039296 0.043008
92 0.810299 0.442204 0.189932 0.207872
62 0.760879 0.036177 0.189932 0.207872
74 0.488085 0.221770 0.039296 0.043008
74 0.601489 0.186436 0.039296 0.043008
48 0.236497 0.531539 0.189932 0.207872
78 0.238979 0.260095 0.288173 0.315392
95 0.889945 0.320924 0.117889 0.129024
58 0.591556 0.486606 0.189932 0.207872
88 0.041108 0.323247 0.039296 0.043008
92 0.758438 0.288842 0.189932 0.207872
45 0.480598 0.115714 0.189932 0.207872
