41 0.885529 0.702567 0.189932 0.207872
14 0.942145 0.161192 0.189932 0.207872
27 0.200369 0.123673 0.039296 0.043008
27 0.069058 0.162724 0.039296 0.043008
28 0.753951 0.677852 0.117889 0.129024
39 0.563808 0.340444 0.189932 0.207872
7 0.834844 0.552975 0.189932 0.207872
21 0.391899 0.066279 0.288173 0.315392
250 0.115003 0.838003 0.157185 0.172032
27 0.199282 0.049885 0.039296 0.043008
28 0.759292 0.122057 0.117889 0.129024
27 0.170800 0.017324 0.039296 0.043008
252 0.330081 0.859857 0.117889 0.129024
3 0.115003 0.838003 0.176834 0.193536
27 0.215522 0.002876 0.039296 0.043008
27 0.525445 0.236000 0.039296 0.043008
