15 0.558615 0.095585 0.189932 0.207872
232 0.100647 0.556448 0.117889 0.129024
27 0.165804 0.392717 0.039296 0.043008
21 0.499177 0.406234 0.288173 0.315392
232 0.101649 0.445923 0.117889 0.129024
27 0.322136 0.423545 0.039296 0.043008
27 0.426042 0.623626 0.039296 0.043008
7 0.383935 0.081531 0.189932 0.207872
233 0.037187 0.388119 0.117889 0.129024
27 0.575017 0.671795 0.039296 0.043008
250 0.608698 0.770565 0.157185 0.172032
28 0.585714 0.227362 0.117889 0.129024
27 0.251759 0.207697 0.039296 0.043008
27 0.316955 0.474336 0.039296 0.043008
27 0.158371 0.236186 0.039296 0.043008
232 0.168476 0.118996 0.117889 0.129024
27 0.258020 0.278382 0.039296 0.043008
27 0.334189 0.218492 0.039296 0.043008
233 0.231736 0.069296 0.117889 0.129024
27 0.124877 0.391217 0.039296 0.043008
232 0.103152 0.280101 0.117889 0.129024
233 0.038696 0.220872 0.117889 0.129024
233 0.036182 0.499594 0.117889 0.129024
27 0.185500 0.524151 0.039296 0.043008
3 0.377448 0.773684 0.176834 0.193536
27 0.121222 0.497997 0.039296 0.043008
27 0.539431 0.568437 0.039296 0.043008
27 0.279372 0.335966 0.039296 0.043008
27 0.420181 0.640799 0.039296 0.043008
3 0.608698 0.770565 0.176834 0.193536
250 0.377448 0.773684 0.157185 0.172032
