233 0.036182 0.499594 0.117889 0.129024
250 0.377448 0.773684 0.157185 0.172032
15 0.558615 0.095585 0.189932 0.207872
21 0.499177 0.406234 0.288173 0.315392
233 0.037187 0.388119 0.117889 0.129024
232 0.103152 0.280101 0.117889 0.129024
27 0.231671 0.173919 0.039296 0.043008
233 0.231736 0.069296 0.117889 0.129024
27 0.273662 0.118481 0.039296 0.043008
232 0.101649 0.445923 0.117889 0.129024
27 0.421338 0.558226 0.039296 0.043008
3 0.608698 0.770565 0.176834 0.193536
27 0.298000 0.341956 0.039296 0.043008
27 0.186394 0.523822 0.039296 0.043008
27 0.297126 0.558271 0.039296 0.043008
28 0.585714 0.227362 0.117889 0.129024
27 0.315892 0.398314 0.039296 0.043008
27 0.250950 0.430751 0.039296 0.043008
27 0.124877 0.391217 0.039296 0.043008
27 0.280264 0.488223 0.039296 0.043008
250 0.608698 0.770565 0.157185 0.172032
27 0.398857 0.674577 0.039296 0.043008
27 0.392827 0.270545 0.039296 0.043008
232 0.168476 0.118996 0.117889 0.129024
27 0.326590 0.365985 0.039296 0.043008
233 0.038696 0.220872 0.117889 0.129024
232 0.100647 0.556448 0.117889 0.129024
27 0.340870 0.322649 0.039296 0.043008
27 0.286783 0.503133 0.039296 0.043008
3 0.377448 0.773684 0.176834 0.193536
