235 0.903868 0.511719 0.117889 0.129024
88 0.765971 0.076337 0.039296 0.043008
52 0.874324 0.744228 0.130988 0.143360
235 0.856026 0.165718 0.117889 0.129024
255 0.718564 0.758312 0.157185 0.172032
52 0.781536 0.644235 0.130988 0.143360
235 0.851167 0.658252 0.117889 0.129024
88 0.752519 0.014077 0.039296 0.043008
255 0.497094 0.760958 0.157185 0.172032
83 0.697675 0.128700 0.117889 0.129024
235 0.905757 0.316129 0.117889 0.129024
253 0.291015 0.843527 0.117889 0.129024
52 0.730822 0.518729 0.130988 0.143360
237 0.906819 0.218430 0.117889 0.129024
