27 0.140846 0.183771 0.039296 0.043008
27 0.335069 0.257628 0.039296 0.043008
27 0.281129 0.189258 0.039296 0.043008
232 0.048357 0.048649 0.117889 0.129024
232 0.413381 0.445608 0.117889 0.129024
21 0.445550 0.133311 0.288173 0.315392
28 0.232987 0.520661 0.117889 0.129024
27 0.331757 0.430048 0.039296 0.043008
232 0.046369 0.268986 0.117889 0.129024
27 0.173242 0.334418 0.039296 0.043008
27 0.214251 0.393709 0.039296 0.043008
27 0.418248 0.400587 0.039296 0.043008
27 0.070632 0.105729 0.039296 0.043008
27 0.132410 0.239679 0.039296 0.043008
27 0.069069 0.195452 0.039296 0.043008
233 0.354057 0.496726 0.117889 0.129024
27 0.180805 0.076946 0.039296 0.043008
27 0.331990 0.431712 0.039296 0.043008
27 0.288377 0.040325 0.039296 0.043008
27 0.421480 0.367427 0.039296 0.043008
232 0.109379 0.381598 0.117889 0.129024
27 0.228780 0.117479 0.039296 0.043008
27 0.237561 0.286908 0.039296 0.043008
233 0.171817 0.438166 0.117889 0.129024
28 0.586063 0.323108 0.117889 0.129024
27 0.133916 0.066982 0.039296 0.043008
