164 0.055186 0.547793 0.052395 0.057344
130 0.091287 0.326793 0.288173 0.315392
164 0.099760 0.512539 0.052395 0.057344
152 0.984718 0.584077 0.104790 0.114688
164 0.005585 0.577218 0.052395 0.057344
142 0.107692 0.479616 0.013099 0.014336
232 0.126046 0.001112 0.117889 0.129024
122 0.333219 0.867545 0.104790 0.114688
164 0.159179 0.539728 0.052395 0.057344
164 0.151896 0.489099 0.052395 0.057344
142 0.095074 0.489416 0.013099 0.014336
164 0.121454 0.618311 0.052395 0.057344
164 0.209470 0.481314 0.052395 0.057344
251 0.428219 0.158780 0.117889 0.129024
164 0.152035 0.660546 0.052395 0.057344
164 0.110562 0.567963 0.052395 0.057344
119 0.083151 0.472941 0.013099 0.014336
119 0.081216 0.510941 0.013099 0.014336
152 0.923045 0.623270 0.104790 0.114688
