127 0.691014 0.020564 0.176834 0.193536
232 0.062092 0.240408 0.117889 0.129024
124 0.289963 0.337618 0.039296 0.043008
124 0.143406 0.177465 0.039296 0.043008
124 0.291081 0.427071 0.039296 0.043008
250 0.691014 0.020564 0.157185 0.172032
124 0.146977 0.476299 0.039296 0.043008
124 0.552704 0.102913 0.039296 0.043008
124 0.149998 0.268769 0.039296 0.043008
232 0.061088 0.351567 0.117889 0.129024
124 0.148066 0.354939 0.039296 0.043008
124 0.189587 0.281356 0.039296 0.043008
159 0.459587 0.546259 0.091691 0.100352
124 0.085227 0.303721 0.039296 0.043008
141 0.463516 0.370468 0.288173 0.315392
232 0.493384 0.054717 0.117889 0.129024
124 0.542542 0.229505 0.039296 0.043008
124 0.187586 0.130477 0.039296 0.043008
124 0.336424 0.086575 0.039296 0.043008
233 0.063097 0.129230 0.117889 0.129024
124 0.190588 0.133071 0.039296 0.043008
232 0.315390 0.039458 0.117889 0.129024
127 0.026943 0.517606 0.176834 0.193536
124 0.308935 0.235947 0.039296 0.043008
124 0.314146 0.279980 0.039296 0.043008
124 0.376130 0.176055 0.039296 0.043008
124 0.630141 0.104844 0.039296 0.043008
233 0.128041 0.078690 0.117889 0.129024
124 0.166355 0.355576 0.039296 0.043008
250 0.026943 0.517606 0.157185 0.172032
142 0.466412 0.514005 0.013099 0.014336
