27 0.334565 0.439004 0.039296 0.043008
27 0.278352 0.176913 0.039296 0.043008
27 0.247008 0.150478 0.039296 0.043008
27 0.391692 0.277824 0.039296 0.043008
71 0.521296 0.825365 0.078593 0.086016
232 0.046369 0.268986 0.117889 0.129024
21 0.445550 0.133311 0.288173 0.315392
28 0.586063 0.323108 0.117889 0.129024
232 0.048357 0.048649 0.117889 0.129024
27 0.279757 0.320281 0.039296 0.043008
232 0.109379 0.381598 0.117889 0.129024
27 0.164607 0.245970 0.039296 0.043008
27 0.379370 0.378874 0.039296 0.043008
28 0.232987 0.520661 0.117889 0.129024
27 0.497490 0.285686 0.039296 0.043008
27 0.437901 0.381926 0.039296 0.043008
27 0.099507 0.122099 0.039296 0.043008
232 0.413381 0.445608 0.117889 0.129024
27 0.149556 0.080863 0.039296 0.043008
27 0.315955 0.029451 0.039296 0.043008
27 0.195615 0.334279 0.039296 0.043008
27 0.314945 0.221759 0.039296 0.043008
27 0.102178 0.204740 0.039296 0.043008
27 0.244183 0.384754 0.039296 0.043008
233 0.171817 0.438166 0.117889 0.129024
233 0.354057 0.496726 0.117889 0.129024
27 0.336130 0.254956 0.039296 0.043008
