164 0.497893 0.460267 0.052395 0.057344
2 0.000146 0.471805 0.104790 0.114688
27 0.485090 0.613151 0.039296 0.043008
22 0.326580 0.266865 0.052395 0.057344
232 0.469704 0.795431 0.117889 0.129024
27 0.586370 0.697908 0.039296 0.043008
27 0.605705 0.565473 0.039296 0.043008
164 0.595574 0.456705 0.052395 0.057344
164 0.561701 0.519714 0.052395 0.057344
164 0.642195 0.436896 0.052395 0.057344
164 0.692295 0.240302 0.052395 0.057344
233 0.748860 0.540874 0.117889 0.129024
3 0.504543 0.121650 0.176834 0.193536
164 0.547657 0.475049 0.052395 0.057344
27 0.495432 0.511396 0.039296 0.043008
28 0.851594 0.764460 0.117889 0.129024
250 0.504543 0.121650 0.157185 0.172032
232 0.292846 0.798377 0.117889 0.129024
164 0.595872 0.558206 0.052395 0.057344
27 0.304656 0.683335 0.039296 0.043008
164 0.540348 0.552791 0.052395 0.057344
164 0.507288 0.510527 0.052395 0.057344
164 0.581897 0.636612 0.052395 0.057344
250 0.724085 0.339602 0.157185 0.172032
164 0.826095 0.381707 0.052395 0.057344
28 0.699289 0.111452 0.117889 0.129024
27 0.431164 0.711000 0.039296 0.043008
27 0.620343 0.567853 0.039296 0.043008
3 0.724085 0.339602 0.176834 0.193536
27 0.675745 0.533569 0.039296 0.043008
21 0.325820 0.479683 0.288173 0.315392
164 0.521078 0.650108 0.052395 0.057344
164 0.683940 0.198749 0.052395 0.057344
232 0.695727 0.489492 0.117889 0.129024
27 0.297734 0.752377 0.039296 0.043008
233 0.352260 0.850177 0.117889 0.129024
27 0.449561 0.751347 0.039296 0.043008
164 0.493733 0.600713 0.052395 0.057344
164 0.547012 0.600539 0.052395 0.057344
233 0.638820 0.741866 0.117889 0.129024
27 0.365508 0.726855 0.039296 0.043008
232 0.694769 0.590259 0.117889 0.129024
164 0.608083 0.504102 0.052395 0.057344
27 0.375361 0.803954 0.039296 0.043008
164 0.487454 0.554447 0.052395 0.057344
164 0.799563 0.420334 0.052395 0.057344
27 0.375291 0.789731 0.039296 0.043008
233 0.693780 0.690979 0.117889 0.129024
