130 0.892678 0.947611 0.288173 0.315392
168 0.596362 0.985246 0.117889 0.129024
179 0.870286 0.706872 0.039296 0.043008
179 0.845101 0.734794 0.039296 0.043008
252 0.796582 0.050851 0.117889 0.129024
179 0.901460 0.617460 0.039296 0.043008
250 0.975562 0.091208 0.157185 0.172032
26 0.185704 0.402275 0.117889 0.129024
33 0.123279 0.289720 0.117889 0.129024
27 0.038285 0.258928 0.039296 0.043008
179 0.899289 0.658597 0.039296 0.043008
179 0.915091 0.586099 0.039296 0.043008
26 0.249075 0.296090 0.117889 0.129024
28 0.125050 0.068907 0.117889 0.129024
26 0.372212 0.196009 0.117889 0.129024
26 0.370776 0.302252 0.117889 0.129024
