124 0.257631 0.197290 0.039296 0.043008
119 0.502983 0.347683 0.013099 0.014336
124 0.251363 0.021706 0.039296 0.043008
250 0.138990 0.355281 0.157185 0.172032
127 0.138990 0.355281 0.176834 0.193536
119 0.556386 0.357503 0.013099 0.014336
142 0.546070 0.349634 0.013099 0.014336
119 0.548714 0.349754 0.013099 0.014336
124 0.257614 0.112076 0.039296 0.043008
130 0.563482 0.219116 0.288173 0.315392
124 0.537710 0.064556 0.039296 0.043008
232 0.173195 0.082661 0.117889 0.129024
124 0.283669 0.199099 0.039296 0.043008
124 0.434587 0.102532 0.039296 0.043008
119 0.612944 0.352662 0.013099 0.014336
233 0.109020 0.132931 0.117889 0.129024
124 0.398866 0.270435 0.039296 0.043008
232 0.172196 0.192256 0.117889 0.129024
124 0.391710 0.110127 0.039296 0.043008
124 0.301824 0.127250 0.039296 0.043008
124 0.387175 0.181695 0.039296 0.043008
124 0.195858 0.145594 0.039296 0.043008
124 0.253887 0.317601 0.039296 0.043008
167 0.384946 0.418877 0.189932 0.207872
