27 0.464881 0.055767 0.039296 0.043008
235 0.725711 0.293440 0.117889 0.129024
41 0.244035 0.267269 0.189932 0.207872
28 0.335983 0.036180 0.117889 0.129024
34 0.030948 0.039963 0.065494 0.071680
237 0.671806 0.340555 0.117889 0.129024
235 0.726657 0.194138 0.117889 0.129024
28 0.392707 0.249340 0.117889 0.129024
255 0.477303 0.434240 0.157185 0.172032
34 0.043004 0.109154 0.065494 0.071680
237 0.779752 0.148468 0.117889 0.129024
34 0.078667 0.202661 0.065494 0.071680
255 0.242575 0.426449 0.157185 0.172032
235 0.780695 0.049891 0.117889 0.129024
31 0.184423 0.103420 0.189932 0.207872
17 0.325285 0.178140 0.078593 0.086016
