27 0.428000 0.373438 0.039296 0.043008
232 0.609206 0.374038 0.117889 0.129024
27 0.036787 0.277827 0.039296 0.043008
233 0.379542 0.469749 0.117889 0.129024
250 0.693324 0.175799 0.157185 0.172032
27 0.503629 0.225277 0.039296 0.043008
28 0.499852 0.032359 0.117889 0.129024
27 0.223787 0.418889 0.039296 0.043008
233 0.198086 0.464687 0.117889 0.129024
27 0.335956 0.422248 0.039296 0.043008
32 0.790113 0.039580 0.052395 0.057344
232 0.438530 0.419090 0.117889 0.129024
232 0.136086 0.408538 0.117889 0.129024
27 0.004866 0.300779 0.039296 0.043008
27 0.678257 0.282173 0.039296 0.043008
27 0.158399 0.364377 0.039296 0.043008
21 0.294237 0.094941 0.288173 0.315392
28 0.007685 0.431707 0.117889 0.129024
27 0.326962 0.412303 0.039296 0.043008
27 0.556273 0.327092 0.039296 0.043008
27 0.391200 0.243558 0.039296 0.043008
233 0.664663 0.325731 0.117889 0.129024
26 0.321751 0.282277 0.117889 0.129024
27 0.242547 0.249319 0.039296 0.043008
