21 0.189537 0.389849 0.288173 0.315392
250 0.376866 0.023509 0.157185 0.172032
28 0.576719 0.430407 0.117889 0.129024
27 0.126538 0.226991 0.039296 0.043008
27 0.017020 0.122471 0.039296 0.043008
27 0.166605 0.124639 0.039296 0.043008
27 0.324263 0.126128 0.039296 0.043008
3 0.376866 0.023509 0.176834 0.193536
27 0.165190 0.106939 0.039296 0.043008
7 0.656376 0.868480 0.189932 0.207872
27 0.281121 0.210750 0.039296 0.043008
27 0.787744 0.844607 0.039296 0.043008
232 0.160952 0.059319 0.117889 0.129024
27 0.072595 0.044478 0.039296 0.043008
27 0.002550 0.452398 0.039296 0.043008
