233 0.570446 0.723775 0.117889 0.129024
250 0.125003 0.672393 0.157185 0.172032
233 0.733124 0.872908 0.117889 0.129024
250 0.369526 0.672464 0.157185 0.172032
233 0.514520 0.672507 0.117889 0.129024
232 0.679755 0.823984 0.117889 0.129024
32 0.947552 0.068637 0.052395 0.057344
41 0.684860 0.139749 0.189932 0.207872
44 0.907601 0.131808 0.052395 0.057344
28 0.764529 0.322637 0.117889 0.129024
41 0.515320 0.231550 0.189932 0.207872
44 0.881748 0.169373 0.052395 0.057344
32 0.992954 0.085413 0.052395 0.057344
34 0.639090 0.379412 0.065494 0.071680
24 0.627784 0.006024 0.078593 0.086016
31 0.998916 0.212452 0.189932 0.207872
17 0.802290 0.111740 0.078593 0.086016
44 0.846868 0.199938 0.052395 0.057344
