61 0.966028 0.055089 0.117889 0.129024
58 0.837362 0.018254 0.189932 0.207872
250 0.420270 0.376086 0.157185 0.172032
250 0.179015 0.366225 0.157185 0.172032
233 0.779175 0.590009 0.117889 0.129024
233 0.777270 0.789075 0.117889 0.129024
84 0.714354 0.487714 0.039296 0.043008
84 0.670261 0.497350 0.039296 0.043008
232 0.726482 0.539204 0.117889 0.129024
233 0.618574 0.435159 0.117889 0.129024
84 0.625636 0.497474 0.039296 0.043008
232 0.725527 0.639514 0.117889 0.129024
233 0.563372 0.381935 0.117889 0.129024
88 0.669623 0.270730 0.039296 0.043008
84 0.650268 0.523346 0.039296 0.043008
88 0.608890 0.221208 0.039296 0.043008
84 0.682585 0.519748 0.039296 0.043008
232 0.723615 0.840090 0.117889 0.129024
232 0.724571 0.739809 0.117889 0.129024
