58 0.583302 0.497918 0.189932 0.207872
88 0.062024 0.171708 0.039296 0.043008
88 0.372147 0.048027 0.039296 0.043008
74 0.479587 0.232948 0.039296 0.043008
74 0.513226 0.254077 0.039296 0.043008
88 0.819446 0.534891 0.039296 0.043008
88 0.146373 0.111906 0.039296 0.043008
88 0.345309 0.089719 0.039296 0.043008
74 0.455030 0.267094 0.039296 0.043008
95 0.882358 0.331586 0.117889 0.129024
45 0.472081 0.126783 0.189932 0.207872
62 0.753001 0.046732 0.189932 0.207872
88 0.186581 0.005649 0.039296 0.043008
74 0.593252 0.197399 0.039296 0.043008
88 0.042515 0.331789 0.039296 0.043008
88 0.023808 0.260288 0.039296 0.043008
92 0.750558 0.299674 0.189932 0.207872
78 0.229892 0.271703 0.288173 0.315392
48 0.227409 0.543467 0.189932 0.207872
88 0.251778 0.062880 0.039296 0.043008
