159 0.562442 0.338754 0.091691 0.100352
250 0.325424 0.522568 0.157185 0.172032
142 0.543184 0.308992 0.013099 0.014336
233 0.049758 0.076421 0.117889 0.129024
122 0.878564 0.632074 0.104790 0.114688
232 0.113221 0.136022 0.117889 0.129024
127 0.325424 0.522568 0.176834 0.193536
127 0.079886 0.298273 0.176834 0.193536
124 0.225636 0.251991 0.039296 0.043008
232 0.114212 0.026787 0.117889 0.129024
124 0.277825 0.235413 0.039296 0.043008
119 0.490042 0.295691 0.013099 0.014336
124 0.373947 0.425085 0.039296 0.043008
119 0.580334 0.313963 0.013099 0.014336
251 0.806659 0.011052 0.117889 0.129024
141 0.504241 0.163631 0.288173 0.315392
250 0.079886 0.298273 0.157185 0.172032
124 0.433895 0.304526 0.039296 0.043008
