85 0.240877 0.076290 0.176834 0.193536
48 0.419951 0.143063 0.189932 0.207872
88 0.033089 0.270613 0.039296 0.043008
78 0.048703 0.446450 0.288173 0.315392
88 0.022527 0.161687 0.039296 0.043008
74 0.453694 0.872339 0.039296 0.043008
88 0.151217 0.249039 0.039296 0.043008
235 0.019268 0.113782 0.117889 0.129024
88 0.182127 0.189201 0.039296 0.043008
74 0.477015 0.917701 0.039296 0.043008
255 0.240877 0.076290 0.157185 0.172032
253 0.385862 0.640551 0.117889 0.129024
88 0.111012 0.695769 0.039296 0.043008
91 0.915645 0.231821 0.091691 0.100352
