88 0.086521 0.794339 0.039296 0.043008
96 0.448906 0.919759 0.130988 0.143360
74 0.877573 0.054307 0.039296 0.043008
74 0.922386 0.105524 0.039296 0.043008
88 0.085991 0.800709 0.039296 0.043008
74 0.891198 0.087004 0.039296 0.043008
88 0.201513 0.694388 0.039296 0.043008
53 0.482212 0.472618 0.189932 0.207872
235 0.080730 0.849149 0.117889 0.129024
74 0.531746 0.570197 0.039296 0.043008
58 0.968938 0.535185 0.189932 0.207872
97 0.331438 0.763119 0.130988 0.143360
85 0.299853 0.897908 0.176834 0.193536
237 0.015074 0.906466 0.117889 0.129024
48 0.422236 0.629765 0.189932 0.207872
88 0.912118 0.485870 0.039296 0.043008
74 0.565667 0.341740 0.039296 0.043008
96 0.450380 0.761695 0.130988 0.143360
78 0.703680 0.834839 0.288173 0.315392
48 0.181410 0.300073 0.189932 0.207872
74 0.950870 0.127594 0.039296 0.043008
88 0.022528 0.744418 0.039296 0.043008
255 0.299853 0.897908 0.157185 0.172032
51 0.566532 0.656587 0.117889 0.129024
96 0.334401 0.441698 0.130988 0.143360
50 0.335391 0.334527 0.117889 0.129024
78 0.115898 0.517571 0.288173 0.315392
