168 0.777586 0.682002 0.117889 0.129024
27 0.203312 0.111821 0.039296 0.043008
168 0.987078 0.437525 0.117889 0.129024
168 0.724760 0.580597 0.117889 0.129024
28 0.505387 0.106184 0.117889 0.129024
26 0.563619 0.006729 0.117889 0.129024
26 0.388088 0.096947 0.117889 0.129024
179 0.394024 0.806170 0.039296 0.043008
26 0.618994 0.115130 0.117889 0.129024
152 0.703514 0.947991 0.104790 0.114688
179 0.473132 0.805506 0.039296 0.043008
17 0.271598 0.308449 0.078593 0.086016
168 0.441831 0.682359 0.117889 0.129024
33 0.387100 0.203429 0.117889 0.129024
168 0.557298 0.682236 0.117889 0.129024
179 0.635576 0.665962 0.039296 0.043008
179 0.432952 0.804375 0.039296 0.043008
