96 0.618802 0.003272 0.130988 0.143360
50 0.323771 0.405214 0.117889 0.129024
48 0.167826 0.536532 0.189932 0.207872
235 0.860809 0.079531 0.117889 0.129024
74 0.540142 0.393217 0.039296 0.043008
73 0.532557 0.311542 0.058945 0.064512
102 0.775577 0.514803 0.078593 0.086016
73 0.569204 0.357059 0.058945 0.064512
61 0.444516 0.251142 0.117889 0.129024
48 0.169324 0.372190 0.189932 0.207872
50 0.322285 0.566185 0.117889 0.129024
102 0.849365 0.457661 0.078593 0.086016
58 0.295172 0.215581 0.189932 0.207872
74 0.581797 0.401548 0.039296 0.043008
51 0.006766 0.505612 0.117889 0.129024
237 0.809007 0.025091 0.117889 0.129024
