237 0.416780 0.495008 0.117889 0.129024
235 0.475285 0.444516 0.117889 0.129024
88 0.272339 0.445277 0.039296 0.043008
96 0.807664 0.132365 0.130988 0.143360
78 0.449331 0.130438 0.288173 0.315392
88 0.074692 0.149542 0.039296 0.043008
237 0.175840 0.434956 0.117889 0.129024
235 0.237189 0.490594 0.117889 0.129024
237 0.050037 0.320862 0.117889 0.129024
96 0.752969 0.328254 0.130988 0.143360
235 0.052025 0.100671 0.117889 0.129024
88 0.472357 0.399939 0.039296 0.043008
255 0.670573 0.501246 0.157185 0.172032
85 0.670573 0.501246 0.176834 0.193536
88 0.399944 0.405790 0.039296 0.043008
