27 0.423427 0.348160 0.039296 0.043008
27 0.159482 0.180691 0.039296 0.043008
27 0.070507 0.105719 0.039296 0.043008
27 0.170034 0.336775 0.039296 0.043008
27 0.133624 0.066918 0.039296 0.043008
21 0.445550 0.133311 0.288173 0.315392
233 0.354057 0.496726 0.117889 0.129024
28 0.232987 0.520661 0.117889 0.129024
27 0.338688 0.400743 0.039296 0.043008
28 0.586063 0.323108 0.117889 0.129024
27 0.418265 0.400370 0.039296 0.043008
232 0.048357 0.048649 0.117889 0.129024
27 0.132008 0.239816 0.039296 0.043008
27 0.331691 0.449812 0.039296 0.043008
27 0.207209 0.115876 0.039296 0.043008
27 0.279077 0.189959 0.039296 0.043008
233 0.171817 0.438166 0.117889 0.129024
27 0.328410 0.265107 0.039296 0.043008
232 0.109379 0.381598 0.117889 0.129024
232 0.413381 0.445608 0.117889 0.129024
27 0.082544 0.193255 0.039296 0.043008
27 0.179498 0.329810 0.039296 0.043008
27 0.261365 0.093981 0.039296 0.043008
70 0.521296 0.825365 0.078593 0.086016
232 0.046369 0.268986 0.117889 0.129024
27 0.214327 0.393620 0.039296 0.043008
27 0.226289 0.003546 0.039296 0.043008
