27 0.708693 0.796522 0.039296 0.043008
28 0.710952 0.915113 0.117889 0.129024
44 0.827470 0.306820 0.052395 0.057344
34 0.908813 0.298847 0.065494 0.071680
44 0.761195 0.324775 0.052395 0.057344
250 0.576496 0.638113 0.157185 0.172032
232 0.657485 0.841060 0.117889 0.129024
44 0.735491 0.283184 0.052395 0.057344
44 0.784815 0.281377 0.052395 0.057344
233 0.602885 0.791296 0.117889 0.129024
232 0.817107 0.886751 0.117889 0.129024
34 0.963702 0.264605 0.065494 0.071680
21 0.948712 0.592294 0.288173 0.315392
252 0.715771 0.412797 0.117889 0.129024
