233 0.415420 0.436578 0.117889 0.129024
27 0.278563 0.332590 0.039296 0.043008
27 0.315206 0.034285 0.039296 0.043008
27 0.296663 0.146719 0.039296 0.043008
27 0.135542 0.138851 0.039296 0.043008
27 0.370757 0.176103 0.039296 0.043008
232 0.112927 0.208269 0.117889 0.129024
27 0.135248 0.135531 0.039296 0.043008
28 0.296355 0.459337 0.117889 0.129024
233 0.050460 0.039131 0.117889 0.129024
27 0.478220 0.341688 0.039296 0.043008
233 0.049466 0.149282 0.117889 0.129024
27 0.199938 0.016437 0.039296 0.043008
27 0.234452 0.276449 0.039296 0.043008
21 0.505460 0.076807 0.288173 0.315392
27 0.393246 0.390896 0.039296 0.043008
27 0.311261 0.296040 0.039296 0.043008
232 0.473777 0.386351 0.117889 0.129024
233 0.236222 0.377029 0.117889 0.129024
28 0.643686 0.266197 0.117889 0.129024
232 0.174848 0.320433 0.117889 0.129024
27 0.184398 0.050674 0.039296 0.043008
27 0.197415 0.179914 0.039296 0.043008
