44 0.092905 0.440358 0.052395 0.057344
44 0.156387 0.266613 0.052395 0.057344
122 0.322268 0.636284 0.104790 0.114688
124 0.185213 0.357206 0.039296 0.043008
124 0.342658 0.177789 0.039296 0.043008
119 0.051509 0.237458 0.013099 0.014336
152 0.975691 0.367986 0.104790 0.114688
124 0.312730 0.142313 0.039296 0.043008
124 0.325252 0.170703 0.039296 0.043008
124 0.281183 0.085803 0.039296 0.043008
124 0.254051 0.035229 0.039296 0.043008
124 0.345263 0.207554 0.039296 0.043008
124 0.436575 0.481835 0.039296 0.043008
152 0.098649 0.423809 0.104790 0.114688
152 0.996145 0.453105 0.104790 0.114688
152 0.913809 0.404971 0.104790 0.114688
119 0.047923 0.257873 0.013099 0.014336
124 0.186682 0.504030 0.039296 0.043008
130 0.079479 0.086608 0.288173 0.315392
44 0.111253 0.300604 0.052395 0.057344
119 0.116490 0.247386 0.013099 0.014336
44 0.049906 0.315618 0.052395 0.057344
