41 0.377576 0.685753 0.189932 0.207872
31 0.773828 0.584293 0.189932 0.207872
28 0.524466 0.607145 0.117889 0.129024
28 0.037132 0.323978 0.117889 0.129024
27 0.904709 0.986127 0.039296 0.043008
41 0.318873 0.524819 0.189932 0.207872
44 0.294393 0.093498 0.052395 0.057344
164 0.300960 0.033233 0.052395 0.057344
21 0.716706 0.938975 0.288173 0.315392
7 0.380907 0.312898 0.189932 0.207872
27 0.912019 0.959797 0.039296 0.043008
164 0.347318 0.060893 0.052395 0.057344
14 0.132254 0.521044 0.189932 0.207872
41 0.136260 0.080628 0.189932 0.207872
39 0.666727 0.429379 0.189932 0.207872
44 0.346502 0.125824 0.052395 0.057344
