28 0.211334 0.940703 0.117889 0.129024
233 0.821666 0.121456 0.117889 0.129024
232 0.822648 0.022407 0.117889 0.129024
31 0.482263 0.904895 0.189932 0.207872
39 0.365889 0.748741 0.189932 0.207872
233 0.768617 0.167156 0.117889 0.129024
232 0.605495 0.206366 0.117889 0.129024
164 0.201029 0.032700 0.052395 0.057344
251 0.133226 0.038905 0.117889 0.129024
232 0.435063 0.195155 0.117889 0.129024
233 0.492288 0.250832 0.117889 0.129024
7 0.054786 0.640740 0.189932 0.207872
161 0.107270 0.086746 0.078593 0.086016
