88 0.015418 0.154507 0.039296 0.043008
88 0.014228 0.340195 0.039296 0.043008
78 0.338772 0.356268 0.288173 0.315392
58 0.682129 0.575352 0.189932 0.207872
88 0.149757 0.282485 0.039296 0.043008
88 0.013891 0.333051 0.039296 0.043008
88 0.012648 0.465750 0.039296 0.043008
88 0.513887 0.093403 0.039296 0.043008
88 0.053122 0.057091 0.039296 0.043008
88 0.186814 0.266294 0.039296 0.043008
88 0.050600 0.343418 0.039296 0.043008
95 0.973122 0.408080 0.117889 0.129024
88 0.155264 0.418069 0.039296 0.043008
255 0.576035 0.003202 0.157185 0.172032
92 0.895406 0.528825 0.189932 0.207872
88 0.012899 0.153872 0.039296 0.043008
88 0.013891 0.340208 0.039296 0.043008
45 0.574081 0.210741 0.189932 0.207872
72 0.081984 0.345733 0.039296 0.043008
74 0.691865 0.278976 0.039296 0.043008
88 0.016673 0.088200 0.039296 0.043008
92 0.844855 0.378062 0.189932 0.207872
57 0.212015 0.786425 0.189932 0.207872
88 0.099960 0.064187 0.039296 0.043008
235 0.371806 0.037436 0.117889 0.129024
88 0.354530 0.204504 0.039296 0.043008
88 0.103936 0.062641 0.039296 0.043008
235 0.059761 0.010405 0.117889 0.129024
88 0.367125 0.081403 0.039296 0.043008
74 0.581355 0.315294 0.039296 0.043008
88 0.206741 0.216847 0.039296 0.043008
62 0.847282 0.128594 0.189932 0.207872
88 0.155754 0.303029 0.039296 0.043008
74 0.557480 0.349223 0.039296 0.043008
85 0.576035 0.003202 0.176834 0.193536
88 0.517283 0.089677 0.039296 0.043008
88 0.101194 0.061637 0.039296 0.043008
88 0.366948 0.083072 0.039296 0.043008
48 0.336304 0.624026 0.189932 0.207872
88 0.366955 0.082381 0.039296 0.043008
88 0.426783 0.213265 0.039296 0.043008
88 0.009565 0.161373 0.039296 0.043008
88 0.096802 0.061946 0.039296 0.043008
74 0.614048 0.335745 0.039296 0.043008
