233 0.664663 0.325731 0.117889 0.129024
27 0.335956 0.422248 0.039296 0.043008
232 0.438530 0.419090 0.117889 0.129024
27 0.160351 0.189446 0.039296 0.043008
32 0.790113 0.039580 0.052395 0.057344
28 0.007685 0.431707 0.117889 0.129024
27 0.006504 0.226651 0.039296 0.043008
27 0.534217 0.307583 0.039296 0.043008
250 0.693324 0.175799 0.157185 0.172032
27 0.458070 0.196862 0.039296 0.043008
27 0.225706 0.401399 0.039296 0.043008
27 0.185931 0.309495 0.039296 0.043008
27 0.242199 0.275898 0.039296 0.043008
21 0.294237 0.094941 0.288173 0.315392
233 0.198086 0.464687 0.117889 0.129024
27 0.234079 0.331390 0.039296 0.043008
232 0.609206 0.374038 0.117889 0.129024
27 0.417668 0.329013 0.039296 0.043008
233 0.379542 0.469749 0.117889 0.129024
27 0.545194 0.317261 0.039296 0.043008
232 0.136086 0.408538 0.117889 0.129024
27 0.004866 0.300779 0.039296 0.043008
27 0.428000 0.373438 0.039296 0.043008
26 0.321751 0.282277 0.117889 0.129024
28 0.499852 0.032359 0.117889 0.129024
