75 0.406994 0.534320 0.078593 0.086016
74 0.083431 0.395619 0.039296 0.043008
90 0.156253 0.255243 0.091691 0.100352
74 0.218355 0.411139 0.039296 0.043008
90 0.050268 0.269316 0.091691 0.100352
73 0.141534 0.387261 0.058945 0.064512
74 0.269074 0.359618 0.039296 0.043008
74 0.234996 0.267094 0.039296 0.043008
74 0.204698 0.482221 0.039296 0.043008
74 0.191685 0.371183 0.039296 0.043008
90 0.015947 0.355265 0.091691 0.100352
74 0.283199 0.325992 0.039296 0.043008
74 0.192366 0.334432 0.039296 0.043008
74 0.233333 0.377402 0.039296 0.043008
74 0.072276 0.469722 0.039296 0.043008
102 0.314121 0.524301 0.078593 0.086016
74 0.152713 0.319629 0.039296 0.043008
90 0.270007 0.456298 0.091691 0.100352
74 0.292026 0.396272 0.039296 0.043008
73 0.178127 0.440998 0.058945 0.064512
74 0.209489 0.301318 0.039296 0.043008
74 0.220725 0.227088 0.039296 0.043008
74 0.289460 0.287746 0.039296 0.043008
73 0.112053 0.437774 0.058945 0.064512
73 0.103726 0.338679 0.058945 0.064512
74 0.251270 0.301477 0.039296 0.043008
74 0.347690 0.382041 0.039296 0.043008
74 0.234314 0.338286 0.039296 0.043008
