164 0.296463 0.521503 0.052395 0.057344
163 0.442565 0.247616 0.078593 0.086016
232 0.880552 0.367010 0.117889 0.129024
251 0.445406 0.216742 0.117889 0.129024
22 0.688536 0.145049 0.052395 0.057344
164 0.097514 0.171027 0.052395 0.057344
163 0.394009 0.190410 0.078593 0.086016
44 0.323504 0.672983 0.052395 0.057344
233 0.775992 0.412156 0.117889 0.129024
232 0.723231 0.359938 0.117889 0.129024
28 0.032565 0.830355 0.117889 0.129024
44 0.276588 0.634940 0.052395 0.057344
21 0.752783 0.060940 0.288173 0.315392
7 0.376421 0.796658 0.189932 0.207872
161 0.374088 0.342906 0.078593 0.086016
164 0.528535 0.338539 0.052395 0.057344
164 0.342744 0.545773 0.052395 0.057344
163 0.481162 0.291722 0.078593 0.086016
39 0.662318 0.894177 0.189932 0.207872
41 0.131713 0.580808 0.189932 0.207872
