88 0.160431 0.837040 0.039296 0.043008
51 0.852394 0.741909 0.117889 0.129024
88 0.164229 0.648859 0.039296 0.043008
88 0.410637 0.885533 0.039296 0.043008
237 0.033405 0.833486 0.117889 0.129024
50 0.639848 0.435870 0.117889 0.129024
88 0.327197 0.944601 0.039296 0.043008
235 0.097760 0.887379 0.117889 0.129024
255 0.004085 0.442449 0.157185 0.172032
78 0.438240 0.613973 0.288173 0.315392
88 0.076639 0.658615 0.039296 0.043008
88 0.282464 0.739092 0.039296 0.043008
48 0.719541 0.717838 0.189932 0.207872
235 0.405802 0.931759 0.117889 0.129024
97 0.635966 0.846702 0.130988 0.143360
88 0.877663 0.809758 0.039296 0.043008
85 0.606862 0.976215 0.176834 0.193536
48 0.877125 0.865545 0.189932 0.207872
57 0.984082 0.374127 0.189932 0.207872
88 0.159218 0.838002 0.039296 0.043008
96 0.743916 0.995664 0.130988 0.143360
237 0.345611 0.987279 0.117889 0.129024
235 0.035415 0.610628 0.117889 0.129024
255 0.606862 0.976215 0.157185 0.172032
88 0.176046 0.612144 0.039296 0.043008
85 0.004085 0.442449 0.176834 0.193536
48 0.498460 0.404899 0.189932 0.207872
96 0.638875 0.538600 0.130988 0.143360
97 0.745364 0.844046 0.130988 0.143360
88 0.122770 0.611651 0.039296 0.043008
88 0.114281 0.789619 0.039296 0.043008
88 0.058563 0.659825 0.039296 0.043008
235 0.034410 0.722066 0.117889 0.129024
88 0.529104 0.809245 0.039296 0.043008
88 0.122294 0.698423 0.039296 0.043008
