232 0.936048 0.893285 0.117889 0.129024
27 0.866442 0.895794 0.039296 0.043008
27 0.800964 0.897942 0.039296 0.043008
27 0.853952 0.791756 0.039296 0.043008
35 0.964249 0.598523 0.189932 0.207872
30 0.703092 0.442850 0.189932 0.207872
250 0.681204 0.011603 0.157185 0.172032
27 0.828225 0.964809 0.039296 0.043008
250 0.962853 0.745526 0.157185 0.172032
31 0.701155 0.646465 0.189932 0.207872
27 0.460576 0.650963 0.039296 0.043008
28 0.834726 0.671964 0.117889 0.129024
27 0.917180 0.937381 0.039296 0.043008
27 0.798543 0.927764 0.039296 0.043008
27 0.778509 0.823696 0.039296 0.043008
28 0.263907 0.941941 0.117889 0.129024
21 0.587900 0.904500 0.288173 0.315392
3 0.681204 0.011603 0.176834 0.193536
3 0.962853 0.745526 0.176834 0.193536
232 0.935095 0.991595 0.117889 0.129024
