41 0.525843 0.558071 0.189932 0.207872
233 0.256776 0.716071 0.117889 0.129024
27 0.038974 0.929355 0.039296 0.043008
26 0.315584 0.957028 0.117889 0.129024
7 0.407781 0.715166 0.189932 0.207872
27 0.193425 0.980634 0.039296 0.043008
31 0.852095 0.762422 0.189932 0.207872
232 0.129211 0.936645 0.117889 0.129024
27 0.297530 0.778157 0.039296 0.043008
14 0.227303 0.553238 0.189932 0.207872
233 0.065281 0.883284 0.117889 0.129024
41 0.581127 0.714139 0.189932 0.207872
28 0.066033 0.800081 0.117889 0.129024
41 0.693821 0.560791 0.189932 0.207872
232 0.194018 0.770901 0.117889 0.129024
27 0.258031 0.816774 0.039296 0.043008
28 0.608016 0.842846 0.117889 0.129024
38 0.035360 0.605742 0.189932 0.207872
27 0.359834 0.846318 0.039296 0.043008
28 0.719721 0.687998 0.117889 0.129024
39 0.853532 0.613057 0.189932 0.207872
