92 0.537225 0.605840 0.189932 0.207872
95 0.677052 0.632716 0.117889 0.129024
74 0.224798 0.405605 0.039296 0.043008
85 0.182221 0.055246 0.176834 0.193536
255 0.182221 0.055246 0.157185 0.172032
95 0.623144 0.477958 0.117889 0.129024
92 0.481097 0.447759 0.189932 0.207872
74 0.311251 0.344977 0.039296 0.043008
74 0.188408 0.384375 0.039296 0.043008
88 0.106644 0.151885 0.039296 0.043008
74 0.161864 0.420409 0.039296 0.043008
62 0.483581 0.185157 0.189932 0.207872
88 0.014532 0.281522 0.039296 0.043008
58 0.300683 0.657406 0.189932 0.207872
45 0.180224 0.274171 0.189932 0.207872
