72 0.120833 0.472664 0.039296 0.043008
88 0.023741 0.331851 0.039296 0.043008
88 0.026423 0.420013 0.039296 0.043008
88 0.092971 0.471006 0.039296 0.043008
88 0.106186 0.221416 0.039296 0.043008
235 0.439268 0.163359 0.117889 0.129024
88 0.232035 0.141741 0.039296 0.043008
88 0.359966 0.185037 0.039296 0.043008
88 0.025327 0.420809 0.039296 0.043008
88 0.300405 0.309355 0.039296 0.043008
88 0.357685 0.150791 0.039296 0.043008
88 0.173856 0.192016 0.039296 0.043008
237 0.196905 0.091713 0.117889 0.129024
88 0.543014 0.256820 0.039296 0.043008
74 0.753505 0.397238 0.039296 0.043008
62 0.906223 0.245630 0.189932 0.207872
237 0.380522 0.105909 0.117889 0.129024
74 0.644961 0.435056 0.039296 0.043008
235 0.000292 0.468834 0.117889 0.129024
88 0.088406 0.470843 0.039296 0.043008
88 0.434605 0.207558 0.039296 0.043008
255 0.639777 0.125986 0.157185 0.172032
45 0.637831 0.331606 0.189932 0.207872
88 0.428366 0.268999 0.039296 0.043008
88 0.362323 0.212386 0.039296 0.043008
88 0.087781 0.294443 0.039296 0.043008
58 0.743904 0.691033 0.189932 0.207872
235 0.002306 0.244806 0.117889 0.129024
88 0.848060 0.217986 0.039296 0.043008
88 0.242279 0.163500 0.039296 0.043008
88 0.118981 0.582017 0.039296 0.043008
85 0.639777 0.125986 0.176834 0.193536
235 0.133120 0.141886 0.117889 0.129024
88 0.154598 0.569470 0.039296 0.043008
74 0.677066 0.454773 0.039296 0.043008
78 0.406803 0.479658 0.288173 0.315392
88 0.169882 0.289550 0.039296 0.043008
88 0.196667 0.398451 0.039296 0.043008
88 0.517281 0.298243 0.039296 0.043008
92 0.903807 0.492879 0.189932 0.207872
48 0.404345 0.744862 0.189932 0.207872
74 0.621511 0.469061 0.039296 0.043008
