237 0.929420 0.042747 0.117889 0.129024
235 0.878000 0.087147 0.117889 0.129024
255 0.746270 0.176068 0.157185 0.172032
57 0.922563 0.901533 0.189932 0.207872
88 0.339737 0.118045 0.039296 0.043008
88 0.130095 0.102624 0.039296 0.043008
88 0.123114 0.022313 0.039296 0.043008
96 0.687492 0.578050 0.130988 0.143360
52 0.164625 0.956104 0.130988 0.143360
59 0.108724 0.344611 0.170284 0.186368
97 0.517687 0.732325 0.130988 0.143360
88 0.062053 0.073412 0.039296 0.043008
50 0.793870 0.730113 0.117889 0.129024
88 0.158021 0.047242 0.039296 0.043008
88 0.199047 0.061298 0.039296 0.043008
253 0.321642 0.225681 0.117889 0.129024
88 0.165825 0.084390 0.039296 0.043008
48 0.658719 0.705603 0.189932 0.207872
88 0.178430 0.015948 0.039296 0.043008
52 0.207088 0.912661 0.130988 0.143360
255 0.526298 0.160351 0.157185 0.172032
