88 0.199423 0.493054 0.039296 0.043008
96 0.424121 0.526214 0.130988 0.143360
51 0.541156 0.424410 0.117889 0.129024
96 0.307222 0.200965 0.130988 0.143360
85 0.272428 0.658167 0.176834 0.193536
88 0.648858 0.262770 0.039296 0.043008
88 0.176046 0.456274 0.039296 0.043008
255 0.272428 0.658167 0.157185 0.172032
58 0.946515 0.315591 0.189932 0.207872
48 0.395752 0.392765 0.189932 0.207872
48 0.153010 0.053667 0.189932 0.207872
235 0.051547 0.602066 0.117889 0.129024
78 0.086982 0.270053 0.288173 0.315392
57 0.845654 0.060506 0.189932 0.207872
97 0.304254 0.523778 0.130988 0.143360
96 0.422644 0.684953 0.130988 0.143360
53 0.456183 0.236858 0.189932 0.207872
50 0.308214 0.093328 0.117889 0.129024
88 0.805884 0.129320 0.039296 0.043008
