27 0.773773 0.163218 0.039296 0.043008
27 0.805693 0.281640 0.039296 0.043008
27 0.769496 0.352158 0.039296 0.043008
232 0.926232 0.044697 0.117889 0.129024
27 0.790381 0.242374 0.039296 0.043008
27 0.667387 0.508173 0.039296 0.043008
27 0.828585 0.042476 0.039296 0.043008
27 0.316372 0.662214 0.039296 0.043008
28 0.319018 0.068224 0.117889 0.129024
27 0.648249 0.126886 0.039296 0.043008
252 0.489932 0.601179 0.117889 0.129024
27 0.804797 0.004423 0.039296 0.043008
28 0.437211 0.077902 0.117889 0.129024
27 0.908128 0.171140 0.039296 0.043008
232 0.973538 0.339811 0.117889 0.129024
232 0.975535 0.146225 0.117889 0.129024
27 0.910522 0.434919 0.039296 0.043008
27 0.663776 0.483256 0.039296 0.043008
27 0.877440 0.082670 0.039296 0.043008
27 0.906704 0.326451 0.039296 0.043008
27 0.811724 0.023360 0.039296 0.043008
27 0.812678 0.206204 0.039296 0.043008
27 0.838728 0.312979 0.039296 0.043008
3 0.684679 0.628383 0.176834 0.193536
27 0.706528 0.085442 0.039296 0.043008
3 0.997038 0.485807 0.176834 0.193536
250 0.684679 0.628383 0.157185 0.172032
21 0.633534 0.272172 0.288173 0.315392
