232 0.177270 0.006891 0.117889 0.129024
179 0.013828 0.055311 0.039296 0.043008
250 0.143973 0.221673 0.157185 0.172032
126 0.722813 0.457109 0.189932 0.207872
179 0.086162 0.055931 0.039296 0.043008
119 0.552810 0.188790 0.013099 0.014336
168 0.697174 0.330374 0.117889 0.129024
130 0.562061 0.040936 0.288173 0.315392
179 0.047350 0.028598 0.039296 0.043008
179 0.049610 0.102256 0.039296 0.043008
250 0.444413 0.396247 0.157185 0.172032
232 0.176776 0.061061 0.117889 0.129024
179 0.094320 0.019476 0.039296 0.043008
142 0.554240 0.191777 0.013099 0.014336
126 0.829985 0.312144 0.189932 0.207872
