237 0.024365 0.013827 0.117889 0.129024
88 0.266878 0.536473 0.039296 0.043008
235 0.088126 0.074025 0.117889 0.129024
88 0.044654 0.215928 0.039296 0.043008
88 0.256437 0.133599 0.039296 0.043008
88 0.003804 0.209810 0.039296 0.043008
91 0.969530 0.195733 0.091691 0.100352
253 0.448317 0.598270 0.117889 0.129024
88 0.098539 0.193969 0.039296 0.043008
48 0.361669 0.465447 0.189932 0.207872
48 0.481896 0.105110 0.189932 0.207872
58 0.537367 0.264211 0.189932 0.207872
227 0.930191 0.234696 0.039296 0.043008
85 0.305873 0.037985 0.176834 0.193536
255 0.305873 0.037985 0.157185 0.172032
88 0.061125 0.133049 0.039296 0.043008
90 0.467059 0.597188 0.091691 0.100352
88 0.202199 0.238827 0.039296 0.043008
78 0.116998 0.403937 0.288173 0.315392
