44 0.206061 0.497619 0.052395 0.057344
124 0.735062 0.020478 0.039296 0.043008
250 0.554469 0.156760 0.157185 0.172032
124 0.639034 0.158815 0.039296 0.043008
44 0.138637 0.591831 0.052395 0.057344
124 0.408184 0.349180 0.039296 0.043008
152 0.314196 0.223731 0.104790 0.114688
44 0.254375 0.501702 0.052395 0.057344
44 0.185885 0.612032 0.052395 0.057344
124 0.777179 0.002991 0.039296 0.043008
232 0.583626 0.006700 0.117889 0.129024
124 0.419044 0.343843 0.039296 0.043008
130 0.925435 0.038673 0.288173 0.315392
124 0.560220 0.261804 0.039296 0.043008
212 0.467984 0.908256 0.334019 0.365568
44 0.176273 0.549905 0.052395 0.057344
152 0.464221 0.215113 0.104790 0.114688
152 0.411767 0.278497 0.104790 0.114688
152 0.388293 0.185573 0.104790 0.114688
124 0.443807 0.329572 0.039296 0.043008
44 0.272300 0.434932 0.052395 0.057344
