74 0.330276 0.139074 0.039296 0.043008
73 0.345655 0.301856 0.058945 0.064512
75 0.412457 0.564665 0.078593 0.086016
102 0.779921 0.653067 0.078593 0.086016
74 0.418562 0.240976 0.039296 0.043008
74 0.690915 0.251572 0.039296 0.043008
74 0.444892 0.219755 0.039296 0.043008
74 0.412924 0.163490 0.039296 0.043008
74 0.589880 0.233476 0.039296 0.043008
74 0.481065 0.138242 0.039296 0.043008
73 0.379979 0.256454 0.058945 0.064512
74 0.487757 0.106240 0.039296 0.043008
74 0.374189 0.144791 0.039296 0.043008
227 0.129170 0.207977 0.039296 0.043008
73 0.350566 0.209515 0.058945 0.064512
74 0.407500 0.128874 0.039296 0.043008
74 0.446304 0.123844 0.039296 0.043008
74 0.380645 0.181525 0.039296 0.043008
90 0.250529 0.346885 0.091691 0.100352
74 0.557362 0.157759 0.039296 0.043008
224 0.831516 0.744026 0.615643 0.673793
74 0.452386 0.159303 0.039296 0.043008
90 0.233272 0.257810 0.091691 0.100352
74 0.344819 0.172609 0.039296 0.043008
74 0.438817 0.191329 0.039296 0.043008
73 0.315296 0.253490 0.058945 0.064512
74 0.321004 0.340601 0.039296 0.043008
74 0.406701 0.210342 0.039296 0.043008
90 0.273845 0.177854 0.091691 0.100352
90 0.508720 0.193977 0.091691 0.100352
