74 0.517925 0.212093 0.039296 0.043008
74 0.895698 0.273766 0.039296 0.043008
73 0.888981 0.380141 0.058945 0.064512
74 0.848681 0.261657 0.039296 0.043008
74 0.733681 0.345348 0.039296 0.043008
61 0.342612 0.191423 0.117889 0.129024
74 0.804398 0.317039 0.039296 0.043008
74 0.907512 0.242646 0.039296 0.043008
74 0.815100 0.123153 0.039296 0.043008
74 0.868191 0.107554 0.039296 0.043008
50 0.283866 0.027211 0.117889 0.129024
91 0.664138 0.089711 0.091691 0.100352
74 0.851509 0.172089 0.039296 0.043008
74 0.453421 0.206220 0.039296 0.043008
74 0.818517 0.191479 0.039296 0.043008
74 0.898040 0.139121 0.039296 0.043008
253 0.092961 0.503507 0.117889 0.129024
74 0.871476 0.236881 0.039296 0.043008
74 0.866787 0.291752 0.039296 0.043008
74 0.781104 0.172649 0.039296 0.043008
227 0.747641 0.199202 0.039296 0.043008
74 0.768085 0.295659 0.039296 0.043008
74 0.524009 0.254414 0.039296 0.043008
74 0.484917 0.229691 0.039296 0.043008
74 0.780396 0.137501 0.039296 0.043008
74 0.815335 0.157283 0.039296 0.043008
73 0.420817 0.285413 0.058945 0.064512
74 0.998268 0.188632 0.039296 0.043008
58 0.190628 0.154417 0.189932 0.207872
73 0.375449 0.328977 0.058945 0.064512
73 0.480588 0.274833 0.058945 0.064512
50 0.157191 0.396463 0.117889 0.129024
74 0.783393 0.208244 0.039296 0.043008
74 0.838797 0.220713 0.039296 0.043008
74 0.834026 0.095545 0.039296 0.043008
74 0.773294 0.250996 0.039296 0.043008
74 0.801176 0.282834 0.039296 0.043008
74 0.862988 0.140726 0.039296 0.043008
74 0.868368 0.202973 0.039296 0.043008
