142 0.315415 0.329866 0.013099 0.014336
168 0.467969 0.517236 0.117889 0.129024
44 0.327460 0.011005 0.052395 0.057344
44 0.619854 0.647687 0.052395 0.057344
164 0.053105 0.348170 0.052395 0.057344
168 0.525457 0.416374 0.117889 0.129024
130 0.325764 0.172870 0.288173 0.315392
44 0.626479 0.722967 0.052395 0.057344
164 0.122031 0.523846 0.052395 0.057344
164 0.155970 0.326157 0.052395 0.057344
44 0.391233 0.017986 0.052395 0.057344
142 0.310512 0.338756 0.013099 0.014336
164 0.161003 0.376617 0.052395 0.057344
142 0.329622 0.309710 0.013099 0.014336
164 0.102547 0.377165 0.052395 0.057344
