179 0.807409 0.353812 0.039296 0.043008
141 0.503335 0.260355 0.288173 0.315392
124 0.194174 0.280410 0.039296 0.043008
179 0.797587 0.319668 0.039296 0.043008
251 0.805770 0.103769 0.117889 0.129024
124 0.137963 0.190230 0.039296 0.043008
122 0.877680 0.723664 0.104790 0.114688
124 0.188771 0.093108 0.039296 0.043008
232 0.112296 0.237987 0.117889 0.129024
142 0.482426 0.424317 0.013099 0.014336
142 0.467360 0.393691 0.013099 0.014336
233 0.114278 0.019533 0.117889 0.129024
159 0.723728 0.768668 0.091691 0.100352
250 0.078960 0.400640 0.157185 0.172032
179 0.788722 0.279660 0.039296 0.043008
124 0.389213 0.053933 0.039296 0.043008
250 0.324510 0.621588 0.157185 0.172032
233 0.048830 0.179252 0.117889 0.129024
124 0.526061 0.022641 0.039296 0.043008
142 0.553377 0.396217 0.013099 0.014336
124 0.428666 0.089968 0.039296 0.043008
124 0.132515 0.189669 0.039296 0.043008
159 0.672421 0.692092 0.091691 0.100352
179 0.776493 0.241916 0.039296 0.043008
124 0.242466 0.028458 0.039296 0.043008
124 0.346186 0.170757 0.039296 0.043008
232 0.113287 0.128769 0.117889 0.129024
124 0.197861 0.157470 0.039296 0.043008
142 0.435389 0.421708 0.013099 0.014336
119 0.535199 0.431944 0.013099 0.014336
