237 0.906819 0.218430 0.117889 0.129024
52 0.742466 0.690585 0.130988 0.143360
253 0.291015 0.843527 0.117889 0.129024
58 0.560169 0.092348 0.189932 0.207872
235 0.903868 0.511719 0.117889 0.129024
235 0.856026 0.165718 0.117889 0.129024
255 0.497094 0.760958 0.157185 0.172032
235 0.851167 0.658252 0.117889 0.129024
255 0.718564 0.758312 0.157185 0.172032
52 0.639208 0.692227 0.130988 0.143360
52 0.547812 0.680103 0.130988 0.143360
60 0.697675 0.128700 0.117889 0.129024
79 0.687952 0.087420 0.261976 0.286720
235 0.905757 0.316129 0.117889 0.129024
