39 0.223871 0.899962 0.189932 0.207872
233 0.697966 0.250671 0.117889 0.129024
232 0.699914 0.049052 0.117889 0.129024
17 0.392157 0.721385 0.078593 0.086016
232 0.473947 0.341215 0.117889 0.129024
27 0.357427 0.187090 0.039296 0.043008
27 0.379095 0.343686 0.039296 0.043008
164 0.130055 0.136851 0.052395 0.057344
233 0.753032 0.103830 0.117889 0.129024
21 0.330101 0.016055 0.288173 0.315392
27 0.310297 0.205345 0.039296 0.043008
164 0.086494 0.169216 0.052395 0.057344
164 0.234603 0.172988 0.052395 0.057344
164 0.295350 0.258380 0.052395 0.057344
28 0.855736 0.334130 0.117889 0.129024
164 0.355059 0.176251 0.052395 0.057344
164 0.311887 0.211370 0.052395 0.057344
164 0.289829 0.169221 0.052395 0.057344
164 0.183509 0.113268 0.052395 0.057344
164 0.132086 0.204118 0.052395 0.057344
27 0.450278 0.287792 0.039296 0.043008
164 0.192810 0.226457 0.052395 0.057344
164 0.230777 0.266190 0.052395 0.057344
164 0.093302 0.094039 0.052395 0.057344
232 0.698955 0.149885 0.117889 0.129024
164 0.177956 0.176985 0.052395 0.057344
164 0.051011 0.127076 0.052395 0.057344
164 0.171830 0.295527 0.052395 0.057344
233 0.643020 0.298178 0.117889 0.129024
164 0.128350 0.254982 0.052395 0.057344
232 0.297131 0.333085 0.117889 0.129024
164 0.254179 0.221443 0.052395 0.057344
27 0.302051 0.286944 0.039296 0.043008
233 0.356531 0.388673 0.117889 0.129024
