28 0.511886 0.093409 0.117889 0.129024
27 0.634757 0.111560 0.039296 0.043008
41 0.424215 0.319581 0.189932 0.207872
255 0.646477 0.481031 0.157185 0.172032
237 0.886448 0.050676 0.117889 0.129024
237 0.832137 0.388266 0.117889 0.129024
34 0.221503 0.099399 0.065494 0.071680
34 0.077372 0.358111 0.065494 0.071680
0 0.005976 0.463055 0.052395 0.057344
35 0.704541 0.034139 0.189932 0.207872
31 0.367512 0.160147 0.189932 0.207872
34 0.232945 0.166775 0.065494 0.071680
34 0.266835 0.257702 0.065494 0.071680
255 0.422770 0.474907 0.157185 0.172032
34 0.088841 0.287253 0.065494 0.071680
0 0.055433 0.433075 0.052395 0.057344
44 0.255039 0.048868 0.052395 0.057344
34 0.011215 0.387757 0.065494 0.071680
17 0.501644 0.232038 0.078593 0.086016
28 0.565875 0.301064 0.117889 0.129024
