73 0.014220 0.223245 0.058945 0.064512
41 0.675297 0.288578 0.189932 0.207872
41 0.834786 0.297312 0.189932 0.207872
34 0.740088 0.489643 0.065494 0.071680
44 0.483491 0.481326 0.052395 0.057344
252 0.854628 0.913761 0.117889 0.129024
21 0.984395 0.595552 0.288173 0.315392
34 0.798995 0.511401 0.065494 0.071680
34 0.681824 0.537006 0.065494 0.071680
0 0.681341 0.483216 0.052395 0.057344
44 0.486997 0.572036 0.052395 0.057344
73 0.016447 0.338479 0.058945 0.064512
25 0.917861 0.649701 0.078593 0.086016
34 0.743559 0.557212 0.065494 0.071680
74 0.096967 0.339546 0.039296 0.043008
74 0.036709 0.285683 0.039296 0.043008
74 0.099810 0.275523 0.039296 0.043008
6 0.770883 0.503082 0.104790 0.114688
44 0.490703 0.370339 0.052395 0.057344
44 0.508023 0.424906 0.052395 0.057344
28 0.701188 0.415971 0.117889 0.129024
73 0.031191 0.167193 0.058945 0.064512
28 0.807514 0.419887 0.117889 0.129024
74 0.075374 0.305837 0.039296 0.043008
