232 0.691749 0.805444 0.117889 0.129024
27 0.590942 0.750378 0.039296 0.043008
27 0.780518 0.502165 0.039296 0.043008
233 0.799938 0.753277 0.117889 0.129024
27 0.749078 0.709726 0.039296 0.043008
27 0.788371 0.665000 0.039296 0.043008
27 0.657095 0.437471 0.039296 0.043008
250 0.316827 0.866061 0.157185 0.172032
27 0.834947 0.546861 0.039296 0.043008
233 0.853042 0.702894 0.117889 0.129024
27 0.764748 0.575579 0.039296 0.043008
250 0.882435 0.355538 0.157185 0.172032
27 0.709098 0.675663 0.039296 0.043008
27 0.416630 0.661416 0.039296 0.043008
27 0.517457 0.731517 0.039296 0.043008
27 0.729983 0.533549 0.039296 0.043008
27 0.778364 0.580235 0.039296 0.043008
3 0.316827 0.866061 0.176834 0.193536
232 0.854991 0.503747 0.117889 0.129024
21 0.497945 0.494866 0.288173 0.315392
3 0.882435 0.355538 0.176834 0.193536
27 0.602110 0.813925 0.039296 0.043008
27 0.646012 0.732242 0.039296 0.043008
27 0.771793 0.501985 0.039296 0.043008
27 0.664617 0.762131 0.039296 0.043008
233 0.906304 0.554429 0.117889 0.129024
27 0.785581 0.390881 0.039296 0.043008
232 0.854032 0.603344 0.117889 0.129024
28 0.751087 0.273470 0.117889 0.129024
233 0.580149 0.859255 0.117889 0.129024
27 0.520058 0.765070 0.039296 0.043008
232 0.523753 0.808570 0.117889 0.129024
27 0.368445 0.760404 0.039296 0.043008
