44 0.478415 0.489101 0.052395 0.057344
164 0.146921 0.088870 0.052395 0.057344
44 0.534665 0.496192 0.052395 0.057344
142 0.307758 0.312601 0.013099 0.014336
164 0.146887 0.139341 0.052395 0.057344
164 0.091634 0.186269 0.052395 0.057344
130 0.325764 0.172870 0.288173 0.315392
164 0.088133 0.135310 0.052395 0.057344
142 0.338678 0.335977 0.013099 0.014336
164 0.063466 0.087280 0.052395 0.057344
142 0.303047 0.326398 0.013099 0.014336
168 0.525457 0.416374 0.117889 0.129024
164 0.102944 0.052128 0.052395 0.057344
