27 0.002538 0.527243 0.039296 0.043008
3 0.439358 0.230129 0.176834 0.193536
27 0.142219 0.299169 0.039296 0.043008
27 0.067068 0.310533 0.039296 0.043008
27 0.651828 0.355364 0.039296 0.043008
27 0.153142 0.313271 0.039296 0.043008
27 0.697814 0.362618 0.039296 0.043008
21 0.255270 0.598190 0.288173 0.315392
232 0.035803 0.261314 0.117889 0.129024
233 0.164993 0.213389 0.117889 0.129024
232 0.227236 0.271605 0.117889 0.129024
250 0.439358 0.230129 0.157185 0.172032
27 0.122970 0.395170 0.039296 0.043008
27 0.032586 0.595489 0.039296 0.043008
27 0.087986 0.505582 0.039296 0.043008
27 0.019622 0.684158 0.039296 0.043008
27 0.140186 0.259440 0.039296 0.043008
28 0.635747 0.627772 0.117889 0.129024
27 0.331476 0.446076 0.039296 0.043008
14 0.824866 0.654023 0.189932 0.207872
27 0.391940 0.324629 0.039296 0.043008
27 0.241665 0.441829 0.039296 0.043008
27 0.584317 0.321895 0.039296 0.043008
