168 0.775193 0.932068 0.117889 0.129024
168 0.554872 0.940231 0.117889 0.129024
26 0.561190 0.264983 0.117889 0.129024
252 0.964121 0.022108 0.117889 0.129024
26 0.385634 0.361457 0.117889 0.129024
33 0.446733 0.152766 0.117889 0.129024
28 0.502950 0.366463 0.117889 0.129024
31 0.171640 0.270115 0.189932 0.207872
26 0.562603 0.161478 0.117889 0.129024
33 0.326526 0.251563 0.117889 0.129024
27 0.235923 0.420207 0.039296 0.043008
28 0.328283 0.036630 0.117889 0.129024
33 0.384647 0.467897 0.117889 0.129024
26 0.445749 0.258381 0.117889 0.129024
