14 0.938948 0.491227 0.189932 0.207872
232 0.361622 0.101548 0.117889 0.129024
27 0.222624 0.325723 0.039296 0.043008
28 0.756055 0.461015 0.117889 0.129024
26 0.704776 0.153747 0.117889 0.129024
27 0.142438 0.381435 0.039296 0.043008
26 0.864737 0.165617 0.117889 0.129024
27 0.082776 0.412245 0.039296 0.043008
27 0.091357 0.526357 0.039296 0.043008
27 0.159936 0.502555 0.039296 0.043008
21 0.388588 0.423147 0.288173 0.315392
27 0.296811 0.277548 0.039296 0.043008
250 0.566395 0.065493 0.157185 0.172032
27 0.365514 0.146616 0.039296 0.043008
27 0.277663 0.090008 0.039296 0.043008
27 0.301001 0.560374 0.039296 0.043008
27 0.473111 0.253313 0.039296 0.043008
232 0.177008 0.087178 0.117889 0.129024
3 0.566395 0.065493 0.176834 0.193536
27 0.062713 0.231899 0.039296 0.043008
26 0.592948 0.249005 0.117889 0.129024
27 0.519808 0.158887 0.039296 0.043008
27 0.208307 0.136828 0.039296 0.043008
27 0.069718 0.324510 0.039296 0.043008
27 0.277626 0.087483 0.039296 0.043008
233 0.301592 0.042959 0.117889 0.129024
27 0.004552 0.360598 0.039296 0.043008
7 0.831626 0.887845 0.189932 0.207872
27 0.373831 0.247514 0.039296 0.043008
