232 0.493384 0.054717 0.117889 0.129024
124 0.626587 0.112214 0.039296 0.043008
141 0.463516 0.370468 0.288173 0.315392
124 0.244074 0.298738 0.039296 0.043008
124 0.354086 0.126531 0.039296 0.043008
232 0.062092 0.240408 0.117889 0.129024
124 0.237973 0.234230 0.039296 0.043008
124 0.149028 0.354845 0.039296 0.043008
124 0.184854 0.463422 0.039296 0.043008
124 0.143267 0.177388 0.039296 0.043008
124 0.085306 0.303712 0.039296 0.043008
250 0.691014 0.020564 0.157185 0.172032
124 0.227781 0.165432 0.039296 0.043008
124 0.336453 0.086643 0.039296 0.043008
124 0.208991 0.357509 0.039296 0.043008
250 0.026943 0.517606 0.157185 0.172032
127 0.026943 0.517606 0.176834 0.193536
127 0.691014 0.020564 0.176834 0.193536
232 0.315390 0.039458 0.117889 0.129024
124 0.535179 0.221047 0.039296 0.043008
233 0.128041 0.078690 0.117889 0.129024
142 0.450060 0.505351 0.013099 0.014336
142 0.521410 0.518996 0.013099 0.014336
233 0.063097 0.129230 0.117889 0.129024
159 0.459587 0.546259 0.091691 0.100352
124 0.209796 0.454794 0.039296 0.043008
124 0.577042 0.261522 0.039296 0.043008
124 0.405971 0.081350 0.039296 0.043008
124 0.288426 0.337324 0.039296 0.043008
232 0.061088 0.351567 0.117889 0.129024
124 0.222907 0.161151 0.039296 0.043008
