41 0.377576 0.685753 0.189932 0.207872
31 0.773828 0.584293 0.189932 0.207872
14 0.132254 0.521044 0.189932 0.207872
164 0.254040 0.069221 0.052395 0.057344
7 0.380907 0.312898 0.189932 0.207872
41 0.136260 0.080628 0.189932 0.207872
39 0.666727 0.429379 0.189932 0.207872
28 0.037132 0.323978 0.117889 0.129024
41 0.318873 0.524819 0.189932 0.207872
28 0.524466 0.607145 0.117889 0.129024
34 0.545478 0.377261 0.065494 0.071680
27 0.881636 0.866929 0.039296 0.043008
44 0.258903 0.129157 0.052395 0.057344
27 0.869738 0.977468 0.039296 0.043008
21 0.716706 0.938975 0.288173 0.315392
164 0.282420 0.024967 0.052395 0.057344
44 0.301952 0.098414 0.052395 0.057344
