233 0.902576 0.940239 0.117889 0.129024
28 0.747317 0.668375 0.117889 0.129024
27 0.818030 0.824593 0.039296 0.043008
27 0.818328 0.824477 0.039296 0.043008
232 0.850291 0.992057 0.117889 0.129024
27 0.731413 0.962532 0.039296 0.043008
3 0.878699 0.742922 0.176834 0.193536
232 0.851249 0.892518 0.117889 0.129024
27 0.778778 0.984684 0.039296 0.043008
27 0.704084 0.897457 0.039296 0.043008
21 0.494117 0.903841 0.288173 0.315392
250 0.878699 0.742922 0.157185 0.172032
27 0.649897 0.986176 0.039296 0.043008
27 0.670652 0.922741 0.039296 0.043008
27 0.779949 0.903076 0.039296 0.043008
