232 0.427429 0.795498 0.117889 0.129024
27 0.595630 0.408328 0.039296 0.043008
27 0.265535 0.751157 0.039296 0.043008
27 0.423189 0.745730 0.039296 0.043008
3 0.214852 0.853404 0.176834 0.193536
27 0.652380 0.484596 0.039296 0.043008
3 0.795452 0.337340 0.176834 0.193536
27 0.507755 0.777795 0.039296 0.043008
27 0.692830 0.565844 0.039296 0.043008
21 0.400860 0.477514 0.288173 0.315392
27 0.423625 0.751407 0.039296 0.043008
27 0.321501 0.637694 0.039296 0.043008
27 0.508132 0.776615 0.039296 0.043008
28 0.660692 0.253849 0.117889 0.129024
27 0.577352 0.627020 0.039296 0.043008
27 0.694140 0.485681 0.039296 0.043008
27 0.487053 0.613919 0.039296 0.043008
233 0.765371 0.689074 0.117889 0.129024
232 0.766367 0.588249 0.117889 0.129024
27 0.590013 0.508347 0.039296 0.043008
27 0.572114 0.748744 0.039296 0.043008
27 0.658808 0.695870 0.039296 0.043008
233 0.485349 0.846963 0.117889 0.129024
232 0.767332 0.487377 0.117889 0.129024
233 0.819969 0.538828 0.117889 0.129024
27 0.571555 0.747915 0.039296 0.043008
27 0.684379 0.376792 0.039296 0.043008
27 0.690298 0.565133 0.039296 0.043008
250 0.214852 0.853404 0.157185 0.172032
35 0.796865 0.186519 0.189932 0.207872
27 0.566013 0.573372 0.039296 0.043008
250 0.795452 0.337340 0.157185 0.172032
233 0.710906 0.740000 0.117889 0.129024
27 0.747499 0.531494 0.039296 0.043008
232 0.599901 0.792641 0.117889 0.129024
31 0.520084 0.219324 0.189932 0.207872
