164 0.404114 0.028120 0.052395 0.057344
164 0.404713 0.065124 0.052395 0.057344
164 0.278502 0.009640 0.052395 0.057344
179 0.705516 0.149559 0.039296 0.043008
179 0.740953 0.129580 0.039296 0.043008
164 0.379576 0.003188 0.052395 0.057344
164 0.352131 0.049397 0.052395 0.057344
179 0.701362 0.077848 0.039296 0.043008
164 0.225519 0.025435 0.052395 0.057344
164 0.331211 0.011774 0.052395 0.057344
179 0.706443 0.115352 0.039296 0.043008
164 0.255429 0.065707 0.052395 0.057344
164 0.304851 0.051790 0.052395 0.057344
