48 0.566613 0.732261 0.189932 0.207872
57 0.683102 0.220775 0.189932 0.207872
88 0.669342 0.303315 0.039296 0.043008
88 0.491337 0.768418 0.039296 0.043008
255 0.270731 0.842709 0.157185 0.172032
50 0.306518 0.277267 0.117889 0.129024
88 0.187732 0.671053 0.039296 0.043008
96 0.305527 0.384874 0.130988 0.143360
97 0.422438 0.707066 0.130988 0.143360
96 0.420961 0.865762 0.130988 0.143360
53 0.454502 0.417060 0.189932 0.207872
48 0.151301 0.241470 0.189932 0.207872
97 0.302559 0.707599 0.130988 0.143360
58 0.944887 0.483609 0.189932 0.207872
51 0.539484 0.602414 0.117889 0.129024
88 0.799712 0.665956 0.039296 0.043008
235 0.049831 0.792105 0.117889 0.129024
78 0.085268 0.459383 0.288173 0.315392
48 0.394066 0.574386 0.189932 0.207872
48 0.840093 0.630295 0.189932 0.207872
57 0.844013 0.231147 0.189932 0.207872
88 0.804239 0.300912 0.039296 0.043008
85 0.270731 0.842709 0.176834 0.193536
