233 0.776426 0.819670 0.117889 0.129024
232 0.880884 0.768480 0.117889 0.129024
232 0.723717 0.770636 0.117889 0.129024
251 0.446181 0.643967 0.117889 0.129024
26 0.783215 0.097623 0.117889 0.129024
16 0.586125 0.337526 0.039296 0.043008
32 0.674833 0.188802 0.052395 0.057344
34 0.535455 0.322162 0.065494 0.071680
26 0.565165 0.130994 0.117889 0.129024
26 0.333903 0.060356 0.117889 0.129024
44 0.654580 0.117245 0.052395 0.057344
164 0.814373 0.012408 0.052395 0.057344
27 0.922952 0.499678 0.039296 0.043008
164 0.403571 0.016128 0.052395 0.057344
21 0.753240 0.470441 0.288173 0.315392
34 0.730420 0.208243 0.065494 0.071680
179 0.528465 0.003924 0.039296 0.043008
27 0.843634 0.278961 0.039296 0.043008
17 0.557953 0.258754 0.078593 0.086016
164 0.715997 0.022232 0.052395 0.057344
17 0.537175 0.415549 0.078593 0.086016
164 0.686168 0.079750 0.052395 0.057344
44 0.713547 0.121624 0.052395 0.057344
164 0.765951 0.024199 0.052395 0.057344
16 0.640634 0.233437 0.039296 0.043008
27 0.861915 0.239919 0.039296 0.043008
44 0.684679 0.237982 0.052395 0.057344
179 0.517582 0.070872 0.039296 0.043008
179 0.589097 0.065552 0.039296 0.043008
250 0.912417 0.132826 0.157185 0.172032
3 0.912417 0.132826 0.176834 0.193536
16 0.613487 0.306854 0.039296 0.043008
179 0.479164 0.060157 0.039296 0.043008
44 0.431842 0.085133 0.052395 0.057344
44 0.506513 0.174065 0.052395 0.057344
27 0.819438 0.625159 0.039296 0.043008
44 0.488224 0.102341 0.052395 0.057344
164 0.633699 0.063179 0.052395 0.057344
28 0.210739 0.211882 0.117889 0.129024
179 0.442157 0.044107 0.039296 0.043008
179 0.610463 0.025180 0.039296 0.043008
33 0.332434 0.219463 0.117889 0.129024
