3 0.910059 0.376818 0.176834 0.193536
164 0.691503 0.284693 0.052395 0.057344
164 0.598394 0.306947 0.052395 0.057344
164 0.413987 0.446182 0.052395 0.057344
161 0.530827 0.330693 0.078593 0.086016
164 0.617613 0.440587 0.052395 0.057344
164 0.457465 0.324131 0.052395 0.057344
250 0.910059 0.376818 0.157185 0.172032
34 0.729292 0.457945 0.065494 0.071680
16 0.672440 0.491383 0.039296 0.043008
164 0.443321 0.381807 0.052395 0.057344
164 0.468994 0.426609 0.052395 0.057344
164 0.658551 0.357989 0.052395 0.057344
164 0.656246 0.405397 0.052395 0.057344
164 0.497361 0.382917 0.052395 0.057344
164 0.650126 0.310694 0.052395 0.057344
164 0.706925 0.382456 0.052395 0.057344
34 0.533040 0.579506 0.065494 0.071680
164 0.609806 0.252575 0.052395 0.057344
164 0.757519 0.382939 0.052395 0.057344
164 0.393161 0.400011 0.052395 0.057344
17 0.555540 0.515339 0.078593 0.086016
164 0.538312 0.445877 0.052395 0.057344
33 0.329989 0.484142 0.117889 0.129024
21 0.750858 0.719890 0.288173 0.315392
251 0.443754 0.904269 0.117889 0.129024
161 0.591361 0.384162 0.078593 0.086016
27 0.888533 0.837546 0.039296 0.043008
28 0.208278 0.480916 0.117889 0.129024
17 0.598249 0.638648 0.078593 0.086016
