212 0.467984 0.908256 0.334019 0.365568
124 0.634032 0.186020 0.039296 0.043008
232 0.583626 0.006700 0.117889 0.129024
44 0.360746 0.365296 0.052395 0.057344
44 0.448397 0.305890 0.052395 0.057344
152 0.464221 0.215113 0.104790 0.114688
152 0.314196 0.223731 0.104790 0.114688
124 0.685627 0.015851 0.039296 0.043008
44 0.409939 0.387838 0.052395 0.057344
130 0.925435 0.038673 0.288173 0.315392
124 0.799506 0.226375 0.039296 0.043008
124 0.717893 0.311226 0.039296 0.043008
44 0.542798 0.275634 0.052395 0.057344
44 0.501690 0.311056 0.052395 0.057344
44 0.410693 0.339114 0.052395 0.057344
250 0.554469 0.156760 0.157185 0.172032
124 0.804741 0.132391 0.039296 0.043008
152 0.388293 0.185573 0.104790 0.114688
152 0.411767 0.278497 0.104790 0.114688
124 0.636516 0.175072 0.039296 0.043008
