78 0.647602 0.780162 0.288173 0.315392
76 0.887419 0.605145 0.117889 0.129024
96 0.214754 0.436775 0.130988 0.143360
76 0.274486 0.598906 0.117889 0.129024
88 0.673277 0.520609 0.039296 0.043008
88 0.312241 0.599289 0.039296 0.043008
22 0.664199 0.208592 0.052395 0.057344
233 0.732157 0.428087 0.117889 0.129024
88 0.751983 0.472249 0.039296 0.043008
72 0.832543 0.547332 0.039296 0.043008
88 0.808779 0.585043 0.039296 0.043008
57 0.053514 0.843964 0.189932 0.207872
53 0.118798 0.679080 0.189932 0.207872
88 0.740575 0.663920 0.039296 0.043008
74 0.223749 0.771794 0.039296 0.043008
233 0.888595 0.482629 0.117889 0.129024
96 0.151537 0.543372 0.130988 0.143360
232 0.677639 0.476587 0.117889 0.129024
232 0.938876 0.532697 0.117889 0.129024
