34 0.481356 0.105918 0.065494 0.071680
40 0.617335 0.179976 0.104790 0.114688
232 0.294700 0.691629 0.117889 0.129024
34 0.400054 0.062099 0.065494 0.071680
233 0.528102 0.742646 0.117889 0.129024
233 0.354097 0.744291 0.117889 0.129024
250 0.015144 0.415904 0.157185 0.172032
232 0.584720 0.690910 0.117889 0.129024
21 0.446405 0.379050 0.288173 0.315392
34 0.463389 0.027335 0.065494 0.071680
28 0.643697 0.310059 0.117889 0.129024
40 0.674250 0.234960 0.104790 0.114688
232 0.748619 0.640554 0.117889 0.129024
233 0.046035 0.582095 0.117889 0.129024
232 0.109554 0.637491 0.117889 0.129024
27 0.516273 0.531301 0.039296 0.043008
233 0.801917 0.591203 0.117889 0.129024
252 0.176691 0.177706 0.117889 0.129024
250 0.829505 0.443283 0.157185 0.172032
