84 0.547947 0.524087 0.039296 0.043008
232 0.373338 0.491607 0.117889 0.129024
233 0.254083 0.381434 0.117889 0.129024
84 0.641317 0.475741 0.039296 0.043008
84 0.962739 0.139528 0.039296 0.043008
250 0.034536 0.317651 0.157185 0.172032
84 0.386439 0.445019 0.039296 0.043008
233 0.429557 0.754396 0.117889 0.129024
232 0.370408 0.807711 0.117889 0.129024
88 0.986416 0.152305 0.039296 0.043008
233 0.193002 0.325007 0.117889 0.129024
232 0.371385 0.702359 0.117889 0.129024
84 0.096781 0.493422 0.039296 0.043008
84 0.567387 0.411156 0.039296 0.043008
232 0.372361 0.596992 0.117889 0.129024
233 0.431504 0.545341 0.117889 0.129024
84 0.462442 0.492873 0.039296 0.043008
