3 0.608698 0.770565 0.176834 0.193536
15 0.558615 0.095585 0.189932 0.207872
233 0.036182 0.499594 0.117889 0.129024
27 0.124831 0.391189 0.039296 0.043008
250 0.377448 0.773684 0.157185 0.172032
232 0.103152 0.280101 0.117889 0.129024
27 0.189346 0.400494 0.039296 0.043008
28 0.585714 0.227362 0.117889 0.129024
232 0.168476 0.118996 0.117889 0.129024
250 0.608698 0.770565 0.157185 0.172032
232 0.100647 0.556448 0.117889 0.129024
27 0.377830 0.251220 0.039296 0.043008
27 0.409054 0.675121 0.039296 0.043008
27 0.185562 0.524139 0.039296 0.043008
233 0.231736 0.069296 0.117889 0.129024
27 0.445667 0.560919 0.039296 0.043008
233 0.037187 0.388119 0.117889 0.129024
233 0.038696 0.220872 0.117889 0.129024
3 0.377448 0.773684 0.176834 0.193536
27 0.190254 0.307835 0.039296 0.043008
27 0.323639 0.398630 0.039296 0.043008
27 0.188568 0.436949 0.039296 0.043008
21 0.499177 0.406234 0.288173 0.315392
232 0.101649 0.445923 0.117889 0.129024
27 0.189935 0.522466 0.039296 0.043008
27 0.125051 0.232895 0.039296 0.043008
27 0.321142 0.240672 0.039296 0.043008
27 0.537091 0.597783 0.039296 0.043008
27 0.274514 0.120073 0.039296 0.043008
27 0.560074 0.654616 0.039296 0.043008
