250 0.880268 0.780083 0.157185 0.172032
250 0.556970 0.938954 0.157185 0.172032
232 0.855923 0.632776 0.117889 0.129024
252 0.355117 0.920025 0.117889 0.129024
74 0.061898 0.558126 0.039296 0.043008
88 0.716732 0.323795 0.039296 0.043008
88 0.839013 0.502633 0.039296 0.043008
57 0.782519 0.134423 0.189932 0.207872
88 0.791092 0.582486 0.039296 0.043008
88 0.716531 0.324227 0.039296 0.043008
232 0.806901 0.334956 0.117889 0.129024
96 0.421319 0.132422 0.130988 0.143360
88 0.702904 0.609525 0.039296 0.043008
88 0.506586 0.352397 0.039296 0.043008
82 0.451051 0.596006 0.065494 0.071680
91 0.309806 0.583240 0.091691 0.100352
96 0.536764 0.089374 0.130988 0.143360
88 0.530492 0.315204 0.039296 0.043008
72 0.707806 0.323803 0.039296 0.043008
76 0.753414 0.407357 0.117889 0.129024
88 0.839648 0.502504 0.039296 0.043008
96 0.052398 0.215316 0.130988 0.143360
88 0.650555 0.657458 0.039296 0.043008
88 0.822164 0.582786 0.039296 0.043008
88 0.737405 0.338612 0.039296 0.043008
88 0.612014 0.453725 0.039296 0.043008
88 0.574976 0.397357 0.039296 0.043008
88 0.792510 0.471622 0.039296 0.043008
233 0.754601 0.282369 0.117889 0.129024
78 0.503879 0.578998 0.288173 0.315392
233 0.908675 0.486630 0.117889 0.129024
233 0.591813 0.222010 0.117889 0.129024
232 0.535070 0.269898 0.117889 0.129024
88 0.612431 0.268112 0.039296 0.043008
88 0.807533 0.243603 0.039296 0.043008
233 0.907731 0.584350 0.117889 0.129024
232 0.857936 0.435985 0.117889 0.129024
76 0.114807 0.382861 0.117889 0.129024
73 0.129664 0.552789 0.058945 0.064512
88 0.671235 0.516458 0.039296 0.043008
