91 0.576096 0.164675 0.091691 0.100352
74 0.276705 0.221523 0.039296 0.043008
74 0.109342 0.318864 0.039296 0.043008
74 0.465933 0.414564 0.039296 0.043008
74 0.342489 0.244279 0.039296 0.043008
91 0.665879 0.232061 0.091691 0.100352
74 0.217679 0.251143 0.039296 0.043008
74 0.142395 0.296462 0.039296 0.043008
74 0.148908 0.335043 0.039296 0.043008
73 0.227661 0.311547 0.058945 0.064512
74 0.327681 0.166765 0.039296 0.043008
74 0.294405 0.185873 0.039296 0.043008
74 0.181040 0.310282 0.039296 0.043008
74 0.475203 0.470191 0.039296 0.043008
74 0.120789 0.263609 0.039296 0.043008
74 0.253647 0.182920 0.039296 0.043008
71 0.710205 0.670101 0.078593 0.086016
73 0.316381 0.299878 0.058945 0.064512
74 0.213084 0.189480 0.039296 0.043008
74 0.158180 0.207152 0.039296 0.043008
74 0.083686 0.281130 0.039296 0.043008
74 0.322174 0.130646 0.039296 0.043008
74 0.258099 0.253915 0.039296 0.043008
74 0.044164 0.295382 0.039296 0.043008
74 0.179764 0.265450 0.039296 0.043008
74 0.302581 0.249849 0.039296 0.043008
