39 0.223871 0.899962 0.189932 0.207872
232 0.698955 0.149885 0.117889 0.129024
232 0.297131 0.333085 0.117889 0.129024
164 0.501584 0.065909 0.052395 0.057344
164 0.530005 0.109208 0.052395 0.057344
233 0.643020 0.298178 0.117889 0.129024
232 0.699914 0.049052 0.117889 0.129024
164 0.505660 0.155497 0.052395 0.057344
233 0.753032 0.103830 0.117889 0.129024
27 0.379627 0.343838 0.039296 0.043008
164 0.590777 0.194357 0.052395 0.057344
27 0.590584 0.250879 0.039296 0.043008
27 0.379359 0.344714 0.039296 0.043008
164 0.575919 0.088574 0.052395 0.057344
27 0.302051 0.286944 0.039296 0.043008
164 0.602976 0.131665 0.052395 0.057344
164 0.665783 0.099881 0.052395 0.057344
164 0.459441 0.127373 0.052395 0.057344
164 0.733231 0.002679 0.052395 0.057344
27 0.311634 0.191075 0.039296 0.043008
164 0.555532 0.039654 0.052395 0.057344
27 0.357807 0.188445 0.039296 0.043008
233 0.356531 0.388673 0.117889 0.129024
21 0.330101 0.016055 0.288173 0.315392
28 0.855736 0.334130 0.117889 0.129024
164 0.526463 0.201517 0.052395 0.057344
27 0.411439 0.199982 0.039296 0.043008
164 0.558569 0.154304 0.052395 0.057344
27 0.590544 0.250840 0.039296 0.043008
164 0.594457 0.009536 0.052395 0.057344
233 0.697966 0.250671 0.117889 0.129024
232 0.473947 0.341215 0.117889 0.129024
164 0.621232 0.052919 0.052395 0.057344
27 0.624550 0.122789 0.039296 0.043008
27 0.453809 0.295813 0.039296 0.043008
