27 0.873057 0.346276 0.039296 0.043008
27 0.370319 0.666958 0.039296 0.043008
250 0.317676 0.774056 0.157185 0.172032
232 0.524592 0.719121 0.117889 0.129024
3 0.317676 0.774056 0.176834 0.193536
27 0.516123 0.614934 0.039296 0.043008
27 0.520897 0.675564 0.039296 0.043008
232 0.692579 0.718082 0.117889 0.129024
27 0.411249 0.583203 0.039296 0.043008
233 0.580985 0.770520 0.117889 0.129024
27 0.685767 0.516933 0.039296 0.043008
27 0.784520 0.416035 0.039296 0.043008
27 0.606072 0.578214 0.039296 0.043008
27 0.926954 0.429029 0.039296 0.043008
232 0.854854 0.517948 0.117889 0.129024
27 0.749749 0.622928 0.039296 0.043008
250 0.883256 0.270434 0.157185 0.172032
27 0.602946 0.725451 0.039296 0.043008
27 0.783671 0.495251 0.039296 0.043008
233 0.907123 0.469672 0.117889 0.129024
27 0.665317 0.674196 0.039296 0.043008
233 0.853864 0.617511 0.117889 0.129024
27 0.679312 0.412028 0.039296 0.043008
27 0.600274 0.686228 0.039296 0.043008
232 0.855813 0.418339 0.117889 0.129024
27 0.643473 0.530726 0.039296 0.043008
233 0.800763 0.667247 0.117889 0.129024
27 0.788123 0.578298 0.039296 0.043008
21 0.498786 0.405018 0.288173 0.315392
