3 0.635839 0.849004 0.176834 0.193536
27 0.168038 0.581082 0.039296 0.043008
27 0.363178 0.550068 0.039296 0.043008
232 0.132895 0.531365 0.117889 0.129024
27 0.217821 0.514193 0.039296 0.043008
31 0.857064 0.246116 0.189932 0.207872
7 0.412891 0.165381 0.189932 0.207872
26 0.320718 0.400684 0.117889 0.129024
233 0.070482 0.308020 0.117889 0.129024
27 0.160730 0.474759 0.039296 0.043008
41 0.748134 0.542974 0.189932 0.207872
27 0.154671 0.581278 0.039296 0.043008
27 0.198592 0.415143 0.039296 0.043008
27 0.360641 0.333636 0.039296 0.043008
233 0.261929 0.154930 0.117889 0.129024
28 0.194381 0.723525 0.117889 0.129024
27 0.607115 0.754326 0.039296 0.043008
233 0.068977 0.474537 0.117889 0.129024
27 0.044182 0.352185 0.039296 0.043008
28 0.613064 0.308311 0.117889 0.129024
41 0.586185 0.177390 0.189932 0.207872
41 0.530920 0.016921 0.189932 0.207872
27 0.439803 0.752271 0.039296 0.043008
27 0.294566 0.204210 0.039296 0.043008
39 0.858503 0.096636 0.189932 0.207872
27 0.273261 0.558728 0.039296 0.043008
250 0.406417 0.854649 0.157185 0.172032
28 0.724735 0.161629 0.117889 0.129024
21 0.527200 0.487416 0.288173 0.315392
27 0.264582 0.504747 0.039296 0.043008
27 0.189840 0.477436 0.039296 0.043008
250 0.635839 0.849004 0.157185 0.172032
27 0.571863 0.637097 0.039296 0.043008
232 0.134396 0.366261 0.117889 0.129024
38 0.040572 0.027793 0.189932 0.207872
3 0.406417 0.854649 0.176834 0.193536
41 0.698845 0.032275 0.189932 0.207872
233 0.067973 0.585526 0.117889 0.129024
232 0.131895 0.641412 0.117889 0.129024
27 0.216884 0.606583 0.039296 0.043008
27 0.046640 0.367640 0.039296 0.043008
27 0.422357 0.361974 0.039296 0.043008
27 0.247013 0.455023 0.039296 0.043008
28 0.071235 0.224746 0.117889 0.129024
27 0.470300 0.658331 0.039296 0.043008
232 0.199187 0.205130 0.117889 0.129024
