27 0.451823 0.561543 0.039296 0.043008
27 0.546940 0.223611 0.039296 0.043008
27 0.634507 0.072323 0.039296 0.043008
27 0.706805 0.217260 0.039296 0.043008
250 0.470945 0.689513 0.157185 0.172032
232 0.726827 0.086701 0.117889 0.129024
233 0.830081 0.342858 0.117889 0.129024
27 0.445610 0.055526 0.039296 0.043008
27 0.527947 0.011173 0.039296 0.043008
232 0.779090 0.190848 0.117889 0.129024
28 0.207709 0.124057 0.117889 0.129024
232 0.777064 0.390038 0.117889 0.129024
233 0.673269 0.031547 0.117889 0.129024
233 0.831031 0.243956 0.117889 0.129024
250 0.802008 0.540051 0.157185 0.172032
27 0.758224 0.338981 0.039296 0.043008
3 0.802008 0.540051 0.176834 0.193536
3 0.470945 0.689513 0.176834 0.193536
232 0.448383 0.010923 0.117889 0.129024
27 0.525448 0.050595 0.039296 0.043008
27 0.586854 0.354730 0.039296 0.043008
27 0.710386 0.488412 0.039296 0.043008
27 0.759183 0.339076 0.039296 0.043008
27 0.490797 0.136760 0.039296 0.043008
252 0.264033 0.663211 0.117889 0.129024
27 0.450936 0.555113 0.039296 0.043008
28 0.081905 0.114842 0.117889 0.129024
27 0.706224 0.376799 0.039296 0.043008
27 0.762063 0.240233 0.039296 0.043008
27 0.759819 0.255240 0.039296 0.043008
27 0.518658 0.205442 0.039296 0.043008
27 0.789367 0.051514 0.039296 0.043008
21 0.416472 0.322950 0.288173 0.315392
27 0.573572 0.265676 0.039296 0.043008
27 0.562616 0.405336 0.039296 0.043008
