27 0.386491 0.889827 0.039296 0.043008
27 0.617100 0.596446 0.039296 0.043008
27 0.695078 0.733814 0.039296 0.043008
27 0.684628 0.732607 0.039296 0.043008
27 0.237241 0.961663 0.039296 0.043008
27 0.664269 0.771032 0.039296 0.043008
27 0.490470 0.877617 0.039296 0.043008
27 0.527157 0.777322 0.039296 0.043008
27 0.665382 0.690588 0.039296 0.043008
232 0.739140 0.690149 0.117889 0.129024
28 0.631661 0.458980 0.117889 0.129024
232 0.738174 0.791370 0.117889 0.129024
233 0.737177 0.892545 0.117889 0.129024
27 0.705847 0.735995 0.039296 0.043008
27 0.623162 0.594137 0.039296 0.043008
27 0.546214 0.690895 0.039296 0.043008
27 0.278777 0.876420 0.039296 0.043008
233 0.792184 0.740223 0.117889 0.129024
27 0.495098 0.792979 0.039296 0.043008
27 0.629896 0.902587 0.039296 0.043008
27 0.538565 0.737141 0.039296 0.043008
250 0.767468 0.538812 0.157185 0.172032
27 0.542211 0.957826 0.039296 0.043008
27 0.392694 0.964473 0.039296 0.043008
3 0.767468 0.538812 0.176834 0.193536
233 0.682294 0.945233 0.117889 0.129024
27 0.469828 0.953437 0.039296 0.043008
21 0.369780 0.690970 0.288173 0.315392
