57 0.339959 0.713470 0.189932 0.207872
34 0.059053 0.024519 0.065494 0.071680
96 0.489745 0.323641 0.130988 0.143360
72 0.992474 0.532732 0.039296 0.043008
76 0.545129 0.480822 0.117889 0.129024
82 0.852983 0.679932 0.065494 0.071680
78 0.892253 0.661606 0.288173 0.315392
96 0.818724 0.240365 0.130988 0.143360
91 0.718772 0.667710 0.091691 0.100352
232 0.920405 0.368833 0.117889 0.129024
88 0.916388 0.410698 0.039296 0.043008
233 0.971285 0.322773 0.117889 0.129024
97 0.431019 0.425435 0.130988 0.143360
53 0.400578 0.555686 0.189932 0.207872
96 0.922057 0.198027 0.130988 0.143360
