74 0.823818 0.090291 0.039296 0.043008
74 0.876314 0.079264 0.039296 0.043008
72 0.351783 0.067772 0.039296 0.043008
255 0.205758 0.219039 0.157185 0.172032
88 0.260985 0.011683 0.039296 0.043008
74 0.845986 0.058413 0.039296 0.043008
96 0.109549 0.351454 0.130988 0.143360
88 0.365595 0.169146 0.039296 0.043008
74 0.948597 0.027210 0.039296 0.043008
96 0.235675 0.356711 0.130988 0.143360
85 0.205758 0.219039 0.176834 0.193536
78 0.621163 0.089474 0.288173 0.315392
96 0.107545 0.572314 0.130988 0.143360
88 0.449634 0.049587 0.039296 0.043008
88 0.046932 0.515885 0.039296 0.043008
88 0.382989 0.069534 0.039296 0.043008
96 0.234896 0.465534 0.130988 0.143360
48 0.618734 0.347196 0.189932 0.207872
88 0.376302 0.165896 0.039296 0.043008
58 0.939400 0.312738 0.189932 0.207872
88 0.320341 0.062716 0.039296 0.043008
96 0.108547 0.461893 0.130988 0.143360
235 0.238413 0.057949 0.117889 0.129024
