142 0.386151 0.205267 0.013099 0.014336
159 0.835811 0.771742 0.091691 0.100352
232 0.006399 0.020208 0.117889 0.129024
152 0.518084 0.279925 0.104790 0.114688
124 0.095967 0.029784 0.039296 0.043008
141 0.408262 0.054221 0.288173 0.315392
142 0.355706 0.185356 0.013099 0.014336
159 0.642416 0.703600 0.091691 0.100352
179 0.701176 0.082035 0.039296 0.043008
122 0.792497 0.534496 0.104790 0.114688
142 0.403123 0.211100 0.013099 0.014336
142 0.470047 0.190329 0.013099 0.014336
179 0.720359 0.157719 0.039296 0.043008
179 0.688625 0.043429 0.039296 0.043008
179 0.710278 0.122836 0.039296 0.043008
250 0.224636 0.415459 0.157185 0.172032
