233 0.890919 0.241757 0.117889 0.129024
250 0.700832 0.884157 0.157185 0.172032
232 0.941192 0.293631 0.117889 0.129024
78 0.649962 0.531009 0.288173 0.315392
233 0.734506 0.181665 0.117889 0.129024
232 0.679997 0.228283 0.117889 0.129024
96 0.217176 0.172131 0.130988 0.143360
76 0.276899 0.336481 0.117889 0.129024
252 0.507098 0.864102 0.117889 0.129024
96 0.153966 0.276576 0.130988 0.143360
74 0.226167 0.507706 0.039296 0.043008
57 0.055953 0.573931 0.189932 0.207872
53 0.121230 0.411229 0.189932 0.207872
