57 0.696753 0.114014 0.189932 0.207872
57 0.857083 0.126804 0.189932 0.207872
255 0.285908 0.728724 0.157185 0.172032
235 0.065871 0.674830 0.117889 0.129024
58 0.957592 0.380432 0.189932 0.207872
48 0.580677 0.622963 0.189932 0.207872
88 0.086474 0.757832 0.039296 0.043008
48 0.166959 0.126634 0.189932 0.207872
78 0.101179 0.343192 0.288173 0.315392
50 0.321575 0.164721 0.117889 0.129024
96 0.320584 0.272143 0.130988 0.143360
88 0.071135 0.626586 0.039296 0.043008
97 0.437042 0.595608 0.130988 0.143360
96 0.435566 0.754035 0.130988 0.143360
51 0.553652 0.492899 0.117889 0.129024
88 0.085684 0.719797 0.039296 0.043008
48 0.853166 0.525315 0.189932 0.207872
85 0.285908 0.728724 0.176834 0.193536
97 0.317619 0.594313 0.130988 0.143360
88 0.175979 0.499062 0.039296 0.043008
48 0.408781 0.462702 0.189932 0.207872
88 0.922921 0.213846 0.039296 0.043008
