85 0.058444 0.101488 0.176834 0.193536
88 0.338119 0.513719 0.039296 0.043008
255 0.058444 0.101488 0.157185 0.172032
74 0.889202 0.171562 0.039296 0.043008
74 0.973454 0.304101 0.039296 0.043008
74 0.954485 0.275349 0.039296 0.043008
74 0.935119 0.241726 0.039296 0.043008
74 0.923394 0.181041 0.039296 0.043008
74 0.919874 0.271102 0.039296 0.043008
48 0.246252 0.169224 0.189932 0.207872
74 0.998165 0.242811 0.039296 0.043008
88 0.474748 0.683779 0.039296 0.043008
88 0.245677 0.229562 0.039296 0.043008
88 0.018696 0.366461 0.039296 0.043008
88 0.142358 0.383436 0.039296 0.043008
91 0.764946 0.258122 0.091691 0.100352
253 0.210703 0.678645 0.117889 0.129024
74 0.756233 0.396677 0.039296 0.043008
74 0.996887 0.280950 0.039296 0.043008
74 0.878846 0.203247 0.039296 0.043008
88 0.245935 0.468954 0.039296 0.043008
