27 0.860412 0.173642 0.039296 0.043008
233 0.735188 0.576036 0.117889 0.129024
27 0.981542 0.114569 0.039296 0.043008
27 0.863920 0.233085 0.039296 0.043008
164 0.106534 0.245420 0.052395 0.057344
28 0.049936 0.791076 0.117889 0.129024
164 0.378139 0.000826 0.052395 0.057344
27 0.960814 0.146824 0.039296 0.043008
21 0.711683 0.223545 0.288173 0.315392
27 0.835277 0.337574 0.039296 0.043008
164 0.269026 0.090518 0.052395 0.057344
27 0.823069 0.486183 0.039296 0.043008
232 0.840930 0.528182 0.117889 0.129024
27 0.926102 0.425255 0.039296 0.043008
157 0.373594 0.411887 0.104790 0.114688
27 0.755629 0.528246 0.039296 0.043008
164 0.313108 0.047581 0.052395 0.057344
251 0.400720 0.387394 0.117889 0.129024
27 0.959173 0.389396 0.039296 0.043008
15 0.080673 0.984364 0.189932 0.207872
27 0.901514 0.345949 0.039296 0.043008
164 0.127929 0.010473 0.052395 0.057344
27 0.859828 0.276128 0.039296 0.043008
28 0.517319 0.288635 0.117889 0.129024
164 0.566060 0.006700 0.052395 0.057344
27 0.686273 0.480945 0.039296 0.043008
232 0.681817 0.524797 0.117889 0.129024
164 0.491110 0.048396 0.052395 0.057344
164 0.619926 0.064259 0.052395 0.057344
