34 0.836777 0.103968 0.065494 0.071680
27 0.328720 0.457470 0.039296 0.043008
27 0.140864 0.396428 0.039296 0.043008
233 0.983954 0.245526 0.117889 0.129024
27 0.426233 0.438727 0.039296 0.043008
179 0.712651 0.413073 0.039296 0.043008
27 0.232829 0.359534 0.039296 0.043008
27 0.457415 0.413668 0.039296 0.043008
27 0.393477 0.416253 0.039296 0.043008
179 0.564879 0.442359 0.039296 0.043008
27 0.497541 0.415198 0.039296 0.043008
27 0.538053 0.410391 0.039296 0.043008
3 0.468796 0.318167 0.176834 0.193536
27 0.303494 0.397597 0.039296 0.043008
179 0.602257 0.452950 0.039296 0.043008
232 0.829122 0.285719 0.117889 0.129024
27 0.216049 0.442064 0.039296 0.043008
27 0.540378 0.210323 0.039296 0.043008
179 0.569351 0.510300 0.039296 0.043008
27 0.396813 0.478007 0.039296 0.043008
250 0.468796 0.318167 0.157185 0.172032
232 0.667650 0.276725 0.117889 0.129024
27 0.261601 0.454772 0.039296 0.043008
27 0.248858 0.418936 0.039296 0.043008
27 0.264933 0.385127 0.039296 0.043008
27 0.214230 0.396047 0.039296 0.043008
27 0.190406 0.363981 0.039296 0.043008
27 0.341053 0.383795 0.039296 0.043008
233 0.721864 0.330600 0.117889 0.129024
27 0.472461 0.447510 0.039296 0.043008
27 0.295846 0.433802 0.039296 0.043008
27 0.353993 0.425551 0.039296 0.043008
179 0.556763 0.477058 0.039296 0.043008
179 0.496189 0.476976 0.039296 0.043008
34 0.938418 0.081743 0.065494 0.071680
