88 0.178566 0.939785 0.039296 0.043008
85 0.469379 0.972197 0.176834 0.193536
88 0.749416 0.916444 0.039296 0.043008
97 0.613197 0.837600 0.130988 0.143360
88 0.098589 0.526649 0.039296 0.043008
255 0.469379 0.972197 0.157185 0.172032
88 0.277758 0.757170 0.039296 0.043008
57 0.860760 0.359292 0.189932 0.207872
88 0.175226 0.910848 0.039296 0.043008
88 0.081714 0.629006 0.039296 0.043008
235 0.260343 0.926739 0.117889 0.129024
96 0.611737 0.992093 0.130988 0.143360
88 0.409389 0.845846 0.039296 0.043008
97 0.499580 0.840204 0.130988 0.143360
88 0.146153 0.718934 0.039296 0.043008
48 0.586348 0.708963 0.189932 0.207872
88 0.038057 0.669504 0.039296 0.043008
88 0.394584 0.814756 0.039296 0.043008
96 0.502514 0.526165 0.130988 0.143360
237 0.197740 0.983332 0.117889 0.129024
50 0.503494 0.421455 0.117889 0.129024
48 0.356544 0.389580 0.189932 0.207872
88 0.080927 0.600910 0.039296 0.043008
48 0.749959 0.859624 0.189932 0.207872
78 0.293987 0.602675 0.288173 0.315392
88 0.003634 0.830893 0.039296 0.043008
51 0.724262 0.733656 0.117889 0.129024
