28 0.436334 0.388854 0.117889 0.129024
27 0.272819 0.895343 0.039296 0.043008
27 0.167924 0.892827 0.039296 0.043008
41 0.408190 0.255158 0.189932 0.207872
28 0.315352 0.545299 0.117889 0.129024
39 0.581121 0.316790 0.189932 0.207872
27 0.075901 0.572159 0.039296 0.043008
7 0.097832 0.403309 0.189932 0.207872
21 0.222231 0.734816 0.288173 0.315392
41 0.461923 0.784667 0.189932 0.207872
41 0.286101 0.409941 0.189932 0.207872
27 0.068147 0.612727 0.039296 0.043008
27 0.029895 0.683872 0.039296 0.043008
41 0.225996 0.244712 0.189932 0.207872
