235 0.789672 0.357256 0.117889 0.129024
52 0.465313 0.109242 0.130988 0.143360
237 0.895369 0.166143 0.117889 0.129024
237 0.896315 0.068133 0.117889 0.129024
255 0.654587 0.452496 0.157185 0.172032
237 0.842381 0.310289 0.117889 0.129024
52 0.583356 0.157048 0.130988 0.143360
235 0.843330 0.211563 0.117889 0.129024
255 0.428840 0.445403 0.157185 0.172032
52 0.829454 0.155243 0.130988 0.143360
235 0.845229 0.014066 0.117889 0.129024
253 0.218664 0.519779 0.117889 0.129024
52 0.697653 0.180642 0.130988 0.143360
