233 0.128118 0.283322 0.117889 0.129024
27 0.563596 0.179086 0.039296 0.043008
27 0.489292 0.212587 0.039296 0.043008
250 0.157924 0.504411 0.157185 0.172032
233 0.192924 0.122602 0.117889 0.129024
27 0.363895 0.076169 0.039296 0.043008
232 0.552809 0.044800 0.117889 0.129024
27 0.458949 0.030242 0.039296 0.043008
232 0.191961 0.231940 0.117889 0.129024
27 0.469828 0.027630 0.039296 0.043008
27 0.270017 0.169798 0.039296 0.043008
21 0.578281 0.358367 0.288173 0.315392
27 0.556461 0.088445 0.039296 0.043008
232 0.377746 0.029425 0.117889 0.129024
27 0.407965 0.327007 0.039296 0.043008
232 0.190963 0.341226 0.117889 0.129024
3 0.157924 0.504411 0.176834 0.193536
27 0.287980 0.263399 0.039296 0.043008
233 0.255713 0.072962 0.117889 0.129024
27 0.282917 0.460901 0.039296 0.043008
27 0.214470 0.294609 0.039296 0.043008
250 0.747272 0.011184 0.157185 0.172032
27 0.288397 0.263606 0.039296 0.043008
27 0.321329 0.346667 0.039296 0.043008
27 0.335593 0.209870 0.039296 0.043008
27 0.347081 0.154129 0.039296 0.043008
27 0.378129 0.428006 0.039296 0.043008
27 0.359071 0.164431 0.039296 0.043008
