27 0.717514 0.268353 0.039296 0.043008
232 0.694537 0.512070 0.117889 0.129024
27 0.786468 0.212541 0.039296 0.043008
233 0.582957 0.561269 0.117889 0.129024
27 0.605230 0.519684 0.039296 0.043008
27 0.783638 0.370848 0.039296 0.043008
233 0.909054 0.269803 0.117889 0.129024
27 0.790355 0.375053 0.039296 0.043008
21 0.500769 0.193141 0.288173 0.315392
232 0.856792 0.316575 0.117889 0.129024
27 0.627092 0.401101 0.039296 0.043008
27 0.752078 0.418871 0.039296 0.043008
250 0.885192 0.069750 0.157185 0.172032
27 0.571572 0.388859 0.039296 0.043008
233 0.802708 0.464376 0.117889 0.129024
232 0.857751 0.216936 0.117889 0.129024
250 0.319678 0.557090 0.157185 0.172032
27 0.785619 0.291766 0.039296 0.043008
27 0.522877 0.464496 0.039296 0.043008
27 0.838310 0.259724 0.039296 0.043008
232 0.526571 0.508187 0.117889 0.129024
3 0.319678 0.557090 0.176834 0.193536
27 0.673218 0.204911 0.039296 0.043008
27 0.630602 0.309822 0.039296 0.043008
233 0.855802 0.416168 0.117889 0.129024
27 0.667067 0.467016 0.039296 0.043008
27 0.515004 0.366268 0.039296 0.043008
