74 0.362388 0.369366 0.039296 0.043008
70 0.290964 0.055235 0.078593 0.086016
90 0.360015 0.309569 0.091691 0.100352
74 0.324923 0.364600 0.039296 0.043008
74 0.504940 0.482628 0.039296 0.043008
74 0.529384 0.439567 0.039296 0.043008
74 0.493784 0.411331 0.039296 0.043008
74 0.430231 0.528736 0.039296 0.043008
74 0.394775 0.509531 0.039296 0.043008
74 0.252541 0.488035 0.039296 0.043008
102 0.650663 0.590235 0.078593 0.086016
99 0.391077 0.434592 0.104790 0.114688
73 0.251965 0.537718 0.058945 0.064512
90 0.159130 0.560065 0.091691 0.100352
74 0.480762 0.377189 0.039296 0.043008
74 0.213286 0.504038 0.039296 0.043008
90 0.152008 0.414292 0.091691 0.100352
74 0.433310 0.493161 0.039296 0.043008
74 0.238810 0.570331 0.039296 0.043008
74 0.469973 0.507795 0.039296 0.043008
74 0.491435 0.446597 0.039296 0.043008
88 0.778753 0.195058 0.039296 0.043008
74 0.460383 0.467264 0.039296 0.043008
91 0.083465 0.736670 0.091691 0.100352
74 0.395257 0.546578 0.039296 0.043008
73 0.312697 0.503592 0.058945 0.064512
74 0.507577 0.519082 0.039296 0.043008
73 0.275865 0.378199 0.058945 0.064512
75 0.653855 0.606564 0.078593 0.086016
73 0.249851 0.436286 0.058945 0.064512
74 0.317490 0.547151 0.039296 0.043008
