212 0.467984 0.908256 0.334019 0.365568
130 0.925435 0.038673 0.288173 0.315392
152 0.411767 0.278497 0.104790 0.114688
152 0.464221 0.215113 0.104790 0.114688
124 0.658270 0.013290 0.039296 0.043008
44 0.587267 0.232812 0.052395 0.057344
124 0.860033 0.163943 0.039296 0.043008
44 0.632332 0.215333 0.052395 0.057344
232 0.583626 0.006700 0.117889 0.129024
152 0.388293 0.185573 0.104790 0.114688
250 0.554469 0.156760 0.157185 0.172032
44 0.670029 0.123963 0.052395 0.057344
152 0.314196 0.223731 0.104790 0.114688
44 0.545813 0.259444 0.052395 0.057344
44 0.594216 0.280789 0.052395 0.057344
44 0.665813 0.183708 0.052395 0.057344
