74 0.407629 0.101624 0.039296 0.043008
74 0.301382 0.183887 0.039296 0.043008
74 0.387753 0.068630 0.039296 0.043008
73 0.461298 0.228649 0.058945 0.064512
73 0.114518 0.229697 0.058945 0.064512
74 0.485627 0.116405 0.039296 0.043008
74 0.350241 0.036230 0.039296 0.043008
74 0.363954 0.095880 0.039296 0.043008
74 0.470399 0.082313 0.039296 0.043008
74 0.286738 0.217003 0.039296 0.043008
74 0.383455 0.018441 0.039296 0.043008
73 0.400643 0.232680 0.058945 0.064512
74 0.443811 0.122471 0.039296 0.043008
74 0.429902 0.073997 0.039296 0.043008
74 0.376841 0.273592 0.039296 0.043008
74 0.316408 0.084524 0.039296 0.043008
74 0.368330 0.158500 0.039296 0.043008
74 0.267897 0.248265 0.039296 0.043008
74 0.342094 0.185593 0.039296 0.043008
71 0.711227 0.562767 0.078593 0.086016
73 0.034175 0.241071 0.058945 0.064512
74 0.397216 0.135478 0.039296 0.043008
