232 0.469704 0.795431 0.117889 0.129024
233 0.638820 0.741866 0.117889 0.129024
232 0.292846 0.798377 0.117889 0.129024
233 0.693780 0.690979 0.117889 0.129024
232 0.694769 0.590259 0.117889 0.129024
233 0.352260 0.850177 0.117889 0.129024
164 0.270186 0.113522 0.052395 0.057344
27 0.350576 0.632612 0.039296 0.043008
164 0.392285 0.053940 0.052395 0.057344
164 0.553221 0.022792 0.052395 0.057344
164 0.282570 0.150373 0.052395 0.057344
232 0.695727 0.489492 0.117889 0.129024
27 0.408464 0.314437 0.039296 0.043008
233 0.748860 0.540874 0.117889 0.129024
27 0.407768 0.659587 0.039296 0.043008
28 0.699289 0.111452 0.117889 0.129024
164 0.500001 0.018005 0.052395 0.057344
44 0.268427 0.198117 0.052395 0.057344
22 0.326580 0.266865 0.052395 0.057344
164 0.428976 0.034618 0.052395 0.057344
27 0.457501 0.215791 0.039296 0.043008
27 0.475788 0.604148 0.039296 0.043008
164 0.229039 0.131711 0.052395 0.057344
164 0.280719 0.026166 0.052395 0.057344
27 0.621957 0.487850 0.039296 0.043008
164 0.332423 0.111858 0.052395 0.057344
44 0.210971 0.191837 0.052395 0.057344
21 0.325820 0.479683 0.288173 0.315392
27 0.584822 0.521231 0.039296 0.043008
3 0.504543 0.121650 0.176834 0.193536
164 0.302994 0.074897 0.052395 0.057344
3 0.724085 0.339602 0.176834 0.193536
27 0.506305 0.484779 0.039296 0.043008
250 0.724085 0.339602 0.157185 0.172032
44 0.439562 0.199223 0.052395 0.057344
164 0.385197 0.133559 0.052395 0.057344
164 0.336028 0.044876 0.052395 0.057344
44 0.390022 0.183102 0.052395 0.057344
164 0.593853 0.059004 0.052395 0.057344
27 0.578010 0.555304 0.039296 0.043008
164 0.389754 0.101799 0.052395 0.057344
250 0.504543 0.121650 0.157185 0.172032
164 0.364953 0.007098 0.052395 0.057344
164 0.419824 0.006979 0.052395 0.057344
44 0.338262 0.161729 0.052395 0.057344
