88 0.152740 0.322732 0.039296 0.043008
88 0.013891 0.333051 0.039296 0.043008
88 0.366955 0.082381 0.039296 0.043008
58 0.682129 0.575352 0.189932 0.207872
45 0.574081 0.210741 0.189932 0.207872
88 0.360036 0.152133 0.039296 0.043008
72 0.046469 0.344137 0.039296 0.043008
88 0.513915 0.093444 0.039296 0.043008
92 0.895406 0.528825 0.189932 0.207872
88 0.062040 0.343911 0.039296 0.043008
74 0.614048 0.335745 0.039296 0.043008
88 0.053122 0.057091 0.039296 0.043008
88 0.015418 0.154507 0.039296 0.043008
235 0.371806 0.037436 0.117889 0.129024
88 0.164293 0.415028 0.039296 0.043008
88 0.430158 0.207958 0.039296 0.043008
88 0.011746 0.466053 0.039296 0.043008
88 0.072290 0.249840 0.039296 0.043008
88 0.231506 0.222245 0.039296 0.043008
48 0.336304 0.624026 0.189932 0.207872
88 0.366950 0.082876 0.039296 0.043008
255 0.576035 0.003202 0.157185 0.172032
85 0.576035 0.003202 0.176834 0.193536
88 0.014228 0.340195 0.039296 0.043008
88 0.096802 0.061946 0.039296 0.043008
88 0.009565 0.161373 0.039296 0.043008
88 0.101194 0.061637 0.039296 0.043008
72 0.164088 0.325577 0.039296 0.043008
88 0.367125 0.081403 0.039296 0.043008
88 0.012899 0.153872 0.039296 0.043008
78 0.338772 0.356268 0.288173 0.315392
74 0.557480 0.349223 0.039296 0.043008
88 0.013891 0.340208 0.039296 0.043008
74 0.581355 0.315294 0.039296 0.043008
74 0.691865 0.278976 0.039296 0.043008
57 0.212015 0.786425 0.189932 0.207872
235 0.059761 0.010405 0.117889 0.129024
92 0.844855 0.378062 0.189932 0.207872
62 0.847282 0.128594 0.189932 0.207872
88 0.009373 0.161265 0.039296 0.043008
95 0.973122 0.408080 0.117889 0.129024
88 0.096301 0.061649 0.039296 0.043008
88 0.138050 0.189229 0.039296 0.043008
