124 0.092249 0.143117 0.039296 0.043008
142 0.466685 0.318155 0.013099 0.014336
122 0.791510 0.637549 0.104790 0.114688
142 0.371489 0.295871 0.013099 0.014336
142 0.401361 0.312804 0.013099 0.014336
124 0.219814 0.130266 0.039296 0.043008
159 0.954283 0.978244 0.091691 0.100352
124 0.094755 0.052848 0.039296 0.043008
142 0.406740 0.304378 0.013099 0.014336
124 0.115010 0.062028 0.039296 0.043008
232 0.005366 0.135101 0.117889 0.129024
232 0.006362 0.024319 0.117889 0.129024
250 0.223615 0.526988 0.157185 0.172032
179 0.687630 0.148170 0.039296 0.043008
179 0.700182 0.186578 0.039296 0.043008
152 0.479206 0.339296 0.104790 0.114688
251 0.717638 0.008609 0.117889 0.129024
179 0.719366 0.261955 0.039296 0.043008
179 0.709284 0.227231 0.039296 0.043008
124 0.226417 0.125738 0.039296 0.043008
141 0.407250 0.163128 0.288173 0.315392
