84 0.611000 0.259443 0.039296 0.043008
232 0.565446 0.563351 0.117889 0.129024
232 0.566412 0.460725 0.117889 0.129024
84 0.571193 0.271171 0.039296 0.043008
48 0.115736 0.883399 0.189932 0.207872
250 0.246585 0.182847 0.157185 0.172032
232 0.564480 0.665962 0.117889 0.129024
233 0.620596 0.615125 0.117889 0.129024
88 0.651492 0.146498 0.039296 0.043008
232 0.567378 0.358083 0.117889 0.129024
233 0.454391 0.248698 0.117889 0.129024
233 0.396559 0.192710 0.117889 0.129024
84 0.801326 0.246649 0.039296 0.043008
233 0.622521 0.411467 0.117889 0.129024
84 0.182072 0.469748 0.039296 0.043008
84 0.707149 0.262110 0.039296 0.043008
88 0.693722 0.166578 0.039296 0.043008
