48 0.736830 0.000256 0.189932 0.207872
88 0.080290 0.387282 0.039296 0.043008
88 0.527115 0.024557 0.039296 0.043008
88 0.122048 0.042647 0.039296 0.043008
88 0.171760 0.239721 0.039296 0.043008
88 0.076478 0.088314 0.039296 0.043008
88 0.122846 0.043353 0.039296 0.043008
88 0.468876 0.140983 0.039296 0.043008
88 0.378607 0.057618 0.039296 0.043008
74 0.846446 0.880361 0.039296 0.043008
88 0.019059 0.214164 0.039296 0.043008
88 0.373831 0.010632 0.039296 0.043008
78 0.397504 0.283118 0.288173 0.315392
74 0.846123 0.920433 0.039296 0.043008
88 0.178073 0.210833 0.039296 0.043008
88 0.082071 0.266658 0.039296 0.043008
88 0.633772 0.634397 0.039296 0.043008
88 0.215240 0.343151 0.039296 0.043008
88 0.080302 0.272189 0.039296 0.043008
88 0.077147 0.088714 0.039296 0.043008
88 0.164410 0.277341 0.039296 0.043008
88 0.233318 0.149513 0.039296 0.043008
253 0.705317 0.475755 0.117889 0.129024
