28 0.635747 0.627772 0.117889 0.129024
27 0.633721 0.371905 0.039296 0.043008
27 0.058016 0.670141 0.039296 0.043008
27 0.231283 0.317372 0.039296 0.043008
27 0.068283 0.311119 0.039296 0.043008
27 0.065168 0.493118 0.039296 0.043008
3 0.439358 0.230129 0.176834 0.193536
14 0.824866 0.654023 0.189932 0.207872
232 0.035803 0.261314 0.117889 0.129024
27 0.364557 0.379694 0.039296 0.043008
27 0.781048 0.403960 0.039296 0.043008
27 0.378408 0.351727 0.039296 0.043008
27 0.192955 0.437073 0.039296 0.043008
27 0.199301 0.438219 0.039296 0.043008
27 0.140467 0.259361 0.039296 0.043008
26 0.748071 0.324918 0.117889 0.129024
26 0.582615 0.316624 0.117889 0.129024
27 0.152661 0.441353 0.039296 0.043008
233 0.164993 0.213389 0.117889 0.129024
250 0.439358 0.230129 0.157185 0.172032
232 0.227236 0.271605 0.117889 0.129024
27 0.680798 0.358069 0.039296 0.043008
21 0.255270 0.598190 0.288173 0.315392
