235 0.133452 0.105306 0.117889 0.129024
88 0.027029 0.383012 0.039296 0.043008
72 0.132394 0.436303 0.039296 0.043008
88 0.434805 0.173681 0.039296 0.043008
88 0.193552 0.313343 0.039296 0.043008
88 0.209917 0.367250 0.039296 0.043008
235 0.439595 0.128256 0.117889 0.129024
88 0.174142 0.155660 0.039296 0.043008
88 0.026279 0.295636 0.039296 0.043008
88 0.095663 0.434299 0.039296 0.043008
88 0.106737 0.549877 0.039296 0.043008
88 0.378724 0.268361 0.039296 0.043008
235 0.002640 0.207606 0.117889 0.129024
88 0.024435 0.382859 0.039296 0.043008
88 0.257901 0.155422 0.039296 0.043008
88 0.256952 0.170141 0.039296 0.043008
88 0.190296 0.174225 0.039296 0.043008
235 0.000626 0.431647 0.117889 0.129024
74 0.753826 0.363669 0.039296 0.043008
88 0.434789 0.173938 0.039296 0.043008
85 0.640100 0.091844 0.176834 0.193536
62 0.906541 0.212782 0.189932 0.207872
92 0.904125 0.460043 0.189932 0.207872
237 0.380850 0.070517 0.117889 0.129024
78 0.407131 0.444428 0.288173 0.315392
237 0.197237 0.055435 0.117889 0.129024
88 0.892476 0.153054 0.039296 0.043008
88 0.574844 0.181099 0.039296 0.043008
88 0.188679 0.521142 0.039296 0.043008
48 0.404672 0.709646 0.189932 0.207872
88 0.088896 0.434126 0.039296 0.043008
74 0.621835 0.434864 0.039296 0.043008
88 0.232411 0.105707 0.039296 0.043008
88 0.083406 0.254911 0.039296 0.043008
58 0.744225 0.657446 0.189932 0.207872
88 0.264810 0.264228 0.039296 0.043008
74 0.645284 0.400968 0.039296 0.043008
88 0.357746 0.114045 0.039296 0.043008
45 0.638154 0.297474 0.189932 0.207872
255 0.640100 0.091844 0.157185 0.172032
88 0.357475 0.114808 0.039296 0.043008
88 0.491302 0.306125 0.039296 0.043008
74 0.677388 0.420842 0.039296 0.043008
