34 0.533927 0.100852 0.065494 0.071680
40 0.483015 0.274091 0.104790 0.114688
232 0.767658 0.514622 0.117889 0.129024
232 0.604617 0.561914 0.117889 0.129024
250 0.038186 0.277319 0.157185 0.172032
232 0.132052 0.500060 0.117889 0.129024
233 0.375233 0.611013 0.117889 0.129024
250 0.848135 0.319235 0.157185 0.172032
233 0.548298 0.612510 0.117889 0.129024
232 0.316164 0.557403 0.117889 0.129024
233 0.068894 0.443658 0.117889 0.129024
34 0.618690 0.182859 0.065494 0.071680
233 0.820683 0.466338 0.117889 0.129024
21 0.467057 0.248264 0.288173 0.315392
40 0.741566 0.188760 0.104790 0.114688
34 0.344033 0.129822 0.065494 0.071680
252 0.198831 0.042587 0.117889 0.129024
32 0.578642 0.140326 0.052395 0.057344
