124 0.060061 0.484499 0.039296 0.043008
142 0.223592 0.652654 0.013099 0.014336
159 0.382112 0.647506 0.091691 0.100352
124 0.223232 0.353314 0.039296 0.043008
124 0.173541 0.349193 0.039296 0.043008
124 0.268569 0.332303 0.039296 0.043008
142 0.197806 0.661606 0.013099 0.014336
124 0.365476 0.341106 0.039296 0.043008
124 0.198069 0.177982 0.039296 0.043008
130 0.251668 0.515970 0.288173 0.315392
233 0.221902 0.132117 0.117889 0.129024
124 0.068140 0.460816 0.039296 0.043008
142 0.265368 0.703497 0.013099 0.014336
127 0.492251 0.151667 0.176834 0.193536
232 0.283215 0.190577 0.117889 0.129024
124 0.126504 0.385356 0.039296 0.043008
171 0.028020 0.369584 0.091691 0.100352
124 0.117514 0.227589 0.039296 0.043008
124 0.278540 0.235521 0.039296 0.043008
124 0.415628 0.266102 0.039296 0.043008
250 0.492251 0.151667 0.157185 0.172032
142 0.318654 0.667331 0.013099 0.014336
232 0.094647 0.178311 0.117889 0.129024
167 0.057396 0.732021 0.189932 0.207872
