232 0.691717 0.933590 0.117889 0.129024
232 0.355049 0.576495 0.117889 0.129024
57 0.614606 0.427130 0.189932 0.207872
88 0.674614 0.801101 0.039296 0.043008
91 0.118454 0.907365 0.091691 0.100352
96 0.356760 0.391608 0.130988 0.143360
88 0.462296 0.730178 0.039296 0.043008
72 0.536336 0.624117 0.039296 0.043008
96 0.235509 0.440665 0.130988 0.143360
233 0.585392 0.579682 0.117889 0.129024
88 0.527440 0.839891 0.039296 0.043008
76 0.584193 0.707594 0.117889 0.129024
88 0.390828 0.719706 0.039296 0.043008
88 0.672290 0.883505 0.039296 0.043008
88 0.545487 0.624168 0.039296 0.043008
88 0.661521 0.589198 0.039296 0.043008
232 0.693753 0.732265 0.117889 0.129024
233 0.745968 0.881762 0.117889 0.129024
78 0.322408 0.894332 0.288173 0.315392
88 0.436425 0.569895 0.039296 0.043008
233 0.746922 0.781808 0.117889 0.129024
88 0.625350 0.771590 0.039296 0.043008
82 0.262858 0.921135 0.065494 0.071680
88 0.567343 0.637696 0.039296 0.043008
88 0.442407 0.748958 0.039296 0.043008
233 0.414598 0.525007 0.117889 0.129024
88 0.501090 0.888699 0.039296 0.043008
232 0.640236 0.631186 0.117889 0.129024
88 0.625201 0.771605 0.039296 0.043008
88 0.338163 0.743315 0.039296 0.043008
23 0.586656 0.470565 0.052395 0.057344
88 0.339153 0.621984 0.039296 0.043008
