84 0.173087 0.913843 0.039296 0.043008
233 0.574826 0.589321 0.117889 0.129024
233 0.404452 0.429789 0.117889 0.129024
232 0.517016 0.743558 0.117889 0.129024
84 0.985830 0.345045 0.039296 0.043008
67 0.828520 0.233211 0.065494 0.071680
233 0.345836 0.374904 0.117889 0.129024
233 0.572896 0.794243 0.117889 0.129024
84 0.262450 0.793353 0.039296 0.043008
61 0.770197 0.038913 0.117889 0.129024
232 0.518953 0.537004 0.117889 0.129024
250 0.193815 0.368729 0.157185 0.172032
58 0.633881 0.000672 0.189932 0.207872
232 0.516048 0.846811 0.117889 0.129024
232 0.517985 0.640289 0.117889 0.129024
84 0.936904 0.379150 0.039296 0.043008
