237 0.979622 0.058499 0.117889 0.129024
237 0.927897 0.200100 0.117889 0.129024
235 0.876472 0.245668 0.117889 0.129024
235 0.928841 0.102568 0.117889 0.129024
52 0.124919 0.799570 0.130988 0.143360
79 0.802257 0.046714 0.261976 0.286720
97 0.516108 0.900761 0.130988 0.143360
48 0.657153 0.870755 0.189932 0.207872
76 0.440443 0.140028 0.117889 0.129024
50 0.792318 0.892095 0.117889 0.129024
59 0.108336 0.229183 0.170284 0.186368
88 0.081424 0.147167 0.039296 0.043008
90 0.306485 0.515822 0.091691 0.100352
255 0.744729 0.337594 0.157185 0.172032
52 0.199418 0.799660 0.130988 0.143360
88 0.051249 0.172993 0.039296 0.043008
253 0.320061 0.397008 0.117889 0.129024
88 0.403955 0.137350 0.039296 0.043008
88 0.086264 0.109355 0.039296 0.043008
88 0.008122 0.183337 0.039296 0.043008
96 0.685928 0.742591 0.130988 0.143360
255 0.524735 0.326971 0.157185 0.172032
