48 0.161832 0.373587 0.217699 0.162115
53 0.644868 0.044320 0.162808 0.122553
53 0.005985 0.284453 0.219469 0.153216
53 0.324408 0.517698 0.218613 0.176972
53 0.843904 0.115228 0.157968 0.128678
58 0.630558 -0.235946 0.147596 0.099749
58 0.691852 0.731285 0.211443 0.200199
58 0.729046 -0.087476 0.151930 0.111543
61 0.852517 0.759937 0.127957 0.127648
232 -0.426374 0.216590 0.130667 0.081241
232 1.178892 1.179766 0.129702 0.159276
232 -0.201837 0.076941 0.118902 0.073925
232 -0.185925 0.011882 0.115839 0.070631
232 0.882686 0.228267 0.101562 0.086890
232 0.730405 0.228267 0.105942 0.086890
232 1.056848 0.079244 0.091857 0.078587
232 1.043446 0.010125 0.090034 0.074874
233 1.263954 1.253341 0.128583 0.165170
233 -0.274153 0.180429 0.125057 0.079313
233 -0.218504 0.145090 0.122127 0.077454
233 -0.148916 0.044039 0.116208 0.072250
233 1.070918 0.151885 0.093751 0.082582
233 0.784860 0.267963 0.105727 0.089172
233 1.097726 0.044291 0.089647 0.076696
233 1.028117 0.189587 0.096150 0.084695
70 0.185055 0.661862 0.113011 0.092323
74 0.882717 0.048697 0.032158 0.025877
74 0.938982 -0.003494 0.031067 0.024937
74 0.918060 -0.024527 0.031019 0.024564
74 0.852999 -0.027512 0.031563 0.024511
74 0.797786 -0.007728 0.032280 0.024862
74 0.789579 -0.030873 0.032086 0.024451
74 0.951953 -0.024915 0.030715 0.024557
74 0.839722 -0.048627 0.031440 0.024139
74 0.981992 -0.014156 0.030567 0.024749
74 0.867688 -0.006370 0.031672 0.024886
74 0.899779 -0.007191 0.031376 0.024872
74 0.831998 -0.011106 0.031936 0.024802
74 0.882890 -0.033709 0.031228 0.024401
78 0.716288 1.179766 0.352191 0.378385
88 -0.094490 0.284558 0.047375 0.032337
90 0.225138 0.630716 0.113318 0.092616
91 0.019280 0.485776 0.113919 0.084989
250 1.177517 0.974264 0.163195 0.189958
250 -0.141913 -0.080357 0.147406 0.087763
250 1.047239 -0.087534 0.115290 0.092642
92 0.502547 0.848680 0.229405 0.213578
96 0.146224 0.262587 0.146699 0.105028
96 0.302139 0.396062 0.147458 0.114361
251 0.477340 0.133493 0.109707 0.081553
