232 0.217752 0.564001 0.141275 0.114829
233 0.163686 0.512866 0.140973 0.111301
232 0.459380 0.279512 0.121437 0.095880
88 0.428706 0.414965 0.043110 0.035294
88 0.424302 0.616300 0.045923 0.039972
88 0.423076 0.670783 0.046686 0.041288
88 0.421810 0.727094 0.047474 0.042670
88 0.712182 0.415127 0.039911 0.035297
88 0.598764 0.415093 0.041192 0.035296
88 0.542063 0.415058 0.041831 0.035296
88 0.427681 0.462947 0.043780 0.036382
232 0.622127 0.279512 0.116218 0.095880
233 0.234651 0.368615 0.132427 0.101641
233 0.566923 0.236822 0.116331 0.093183
250 0.172408 0.727626 0.198611 0.167613
88 0.426610 0.512449 0.044471 0.037523
88 0.655466 0.415116 0.040552 0.035297
88 0.425489 0.563545 0.045185 0.038718
88 0.485377 0.415023 0.042471 0.035295
54 0.603960 0.564001 0.304521 0.273760
232 0.226461 0.463304 0.136708 0.107934
250 0.807558 0.236822 0.144204 0.123593
233 0.293615 0.323358 0.128594 0.098700
