# 993, 0731bb0d35a6ef1a8bcc9f35e1441b522a4f26146c6be772a4f65c50e54dc5ca.SC2Replay
3222
3251
3956
3979
4005
4032
4057
4078
4100
4135
4156
4192
4217
4253
4283
4304
4382
4415
4468
4506
4534
4556
4581
4638
4679
4701
4726
4757
4783
4805
4828
4858
4942
4965
5111
5141
5168
5190
5211
5252
5275
5300
5334
5362
5397
5693
5720
6186
6239
6802
6911
7168
7454
7544
7818
7945
7966
7996
8022
8047
8154
8217
8244
8283
8311
8336
8357
8378
8399
8420
8461
8487
8582
8610
8636
8676
8912
8988
9011
9035
9058
9085
9165
9301
9349
9458
9581
9726
9958
10109
10133
10156
10210
10243
10287
10328
10352
10373
10399
10425
10456
10477
10506
10529
10569
10607
10641
10663
10709
10783
