# 1377, 15d662e5baec4f76a5777230ae7c256a015e3a2354facdddc453d1ad82213496.SC2Replay
4016
4040
4092
4114
4152
4307
4331
4356
10187
10222
10250
10274
10300
10516
10753
10774
10817
10846
10883
11092
11114
11136
11334
11356
11377
11398
11420
11448
11469
11497
11521
11553
11574
11600
11621
11644
11917
11943
11970
11996
12085
12127
12148
12221
12249
12286
12317
12412
12533
12600
12631
12654
12679
13198
13228
13249
13594
13633
13668
13690
13799
13828
13851
14112
14381
14420
14461
14484
14505
14535
14562
15443
15464
15485
15506
15540
15793
15821
15843
15870
15896
15926
15947
15976
16420
16453
16477
16501
16525
16553
16580
16603
16624
16647
16670
17766
17794
17829
17850
17880
17903
17940
18001
18029
18064
18088
18112
18215
18250
18271
18292
18333
18355
18377
18398
18485
18513
19595
19616
19644
19665
19686
19708
19745
19766
19982
20003
20102
20123
20151
20177
20202
20224
20349
20386
20562
20593
20634
20661
20690
20884
20916
20938
20959
20988
21014
21041
21062
21096
21124
21162
21192
21215
21238
21261
21290
21315
21349
21380
21401
21424
21511
21542
21576
21614
21652
21704
21807
21828
21857
21878
21980
22050
22073
22105
22143
22183
22213
22306
22331
22355
22392
22413
22436
22461
22500
22535
22556
22579
22601
22627
22667
22726
22872
22942
23062
23156
23229
23331
23378
23421
23462
23547
23568
23589
23610
23650
23679
23701
23801
23946
24033
24083
24244
24270
24299
24320
24365
24426
24490
24511
24787
24819
24862
24976
25005
25050
25096
25150
25293
25378
25401
25422
25453
25474
25495
25517
25538
25561
25582
25615
25639
25673
25700
25722
25757
25787
25813
25840
25866
25887
25927
25952
25974
25997
26018
26039
26066
26089
26112
26138
26163
