# 570, 08f364266905f294ff4687be67049ff904701aa2af99dafacd96d95c5439ac59.SC2Replay
9463
9492
9719
9744
9769
10900
11466
11488
11511
11547
11573
11597
11628
11865
11887
11908
11941
11977
12005
12192
12215
12243
12464
12498
12575
12606
12636
12661
12682
12712
12742
12782
12812
12842
13220
13436
13473
13495
13611
13765
13827
13973
14062
14087
14191
14415
14522
14587
14610
14695
14787
14814
14921
14978
15020
15778
15806
15846
15945
15975
16005
16101
16130
16355
16380
16401
16436
16473
16676
16700
16727
16823
16855
16877
16898
16919
16940
16963
17045
17097
17208
17237
17345
17367
17451
17625
17660
17710
17733
17917
17955
17983
18264
18286
18307
18346
18372
18393
18419
18447
18486
18524
18555
18579
18604
18635
18666
18698
18721
18743
18766
18787
18809
18836
18865
18906
18927
18948
18971
19001
19024
19093
19117
19139
19170
19207
19236
19260
19301
19323
19345
19377
19410
19443
19466
19494
19530
19551
19574
19608
19629
19657
19680
19703
19738
19764
19801
19827
19849
19888
19914
19935
19957
19982
20008
20030
20063
20084
20117
20153
20193
20214
20236
20258
20279
20300
20322
20355
20377
20402
20429
20461
20628
20651
20675
20706
20738
20759
20780
20802
20829
20861
20900
20927
20949
20989
21010
21032
21055
21085
21117
21151
21178
21206
21239
21277
21313
21346
21368
21394
21432
21455
21491
21517
21546
21567
21589
21621
21643
21667
21689
21716
21760
21838
21860
21887
21939
21979
22007
22035
22172
22330
22402
22425
