# 1769, 236124e8f3b50c625b53c9823541acc01702df0433d82082f6c7e96d0b40e381.SC2Replay
6422
6443
6484
6520
6541
6567
6827
6854
6888
6921
6943
6966
7292
7317
7346
7372
7439
7474
7504
7644
7668
7709
7750
7771
7793
7820
8075
8113
8134
8291
8313
8340
8379
8418
8441
8463
8484
8522
8558
8580
8607
8640
8663
8684
8711
9413
9434
9458
9488
9513
9535
9556
9586
9608
9629
9650
9749
9770
9858
9892
9917
9939
9974
9998
10025
10057
10091
10128
10166
10199
10232
10261
10289
10315
10336
10366
10388
10420
10447
10478
10508
10662
10699
10738
10763
10793
10818
10839
10866
10900
10931
10963
11000
11027
11048
11069
11092
11116
11141
11173
11197
11364
11385
11714
11735
11775
11804
11844
11871
11895
12515
12536
12557
12581
12607
12631
12665
12687
12713
12734
12757
12779
12964
12985
13008
13049
13080
13105
13275
13296
13317
13338
13373
13413
13442
13982
14582
14603
14625
14646
14673
14702
14736
15541
15562
15585
16151
16178
16205
16351
16388
16492
16529
16553
16594
16618
16725
16749
16776
16807
16839
16860
16894
16915
17209
17237
17283
17306
18472
18510
18543
18566
18597
18629
18664
18689
18711
18742
18764
18785
18820
18843
18870
18993
19018
19041
19063
19084
19113
19134
19168
19203
19286
19331
