# 137, 21439607a4cc0233432d1249e86f0337c77c433b60bebbd90e41be4184d0dd33.SC2Replay
3081
3104
3125
3164
3194
3215
3245
3267
3288
3309
5200
5229
5254
5287
5319
5341
5368
5397
5558
5588
5610
5739
5764
5805
5955
5992
6030
6052
6079
6111
6134
6155
6188
6211
6234
6416
6437
6690
7010
7039
7081
7112
7194
7230
7254
7281
7304
7340
7371
7398
7426
7721
7762
8419
8450
8486
8516
8619
8812
8842
8973
9323
9344
9382
9418
9449
9472
9511
9539
9565
9600
9727
9751
9772
9796
9825
9861
9890
9925
9946
9969
9991
10023
10047
10070
10107
10135
10156
10192
10217
10240
10265
10286
10308
10331
10359
10382
10416
10438
10464
10485
10510
10533
10556
10589
10610
