# 716, 0136c390ba50435063d55d4791429fb13d7d6b31b2eddbddfa065a10925d3a45.SC2Replay
13745
13894
13922
13946
13979
14005
14028
14062
14083
14105
14127
14165
14187
14208
14229
14337
14359
14511
14532
14554
14581
14603
14624
14645
14679
14708
14735
14764
14793
14823
14845
14872
14901
14922
15245
15277
15305
15366
15387
15408
15438
15465
15509
15543
15581
15611
15638
15665
15691
15716
15745
15769
15794
15815
15855
15876
15897
15935
15969
15990
16016
16038
16069
16095
16124
16157
16194
16225
16246
16282
16306
16328
16350
16373
16411
16434
16472
16506
16527
16553
16580
16602
16628
16654
16694
16758
16807
16831
16854
16884
16923
16956
16985
17271
17293
17314
17339
17371
17396
17420
17447
17479
17510
17533
17563
17589
17626
17648
17673
17707
17729
17756
17792
17813
17834
17867
17897
17919
17943
17966
18047
18071
18092
18129
18159
18185
18207
18580
18607
18635
18670
18693
18723
18750
18774
18848
18872
18895
18924
18956
18977
18998
19020
19050
19071
19099
19122
19144
19169
19199
19228
19254
19282
19314
19337
19361
19385
19413
19437
19459
19484
19512
19549
19570
19594
19616
19639
19665
19692
19730
19766
19799
19833
19854
19896
19933
19972
20005
20038
20080
20122
20155
20187
20210
20235
20284
20325
20367
20390
20444
20469
20573
20601
20649
20670
20691
20723
20751
20780
20815
20836
20872
20928
21014
21059
21210
21244
21277
21311
21491
21513
21691
21806
21859
22481
22514
22536
22561
22595
22645
22672
22715
23005
23029
23057
23094
23118
23401
23434
23456
23504
23544
23585
23620
23661
23702
23733
23794
