# 1849, 273c8c49ece40b1996d48169a57b787960a609483c0644d5843a4f09aaec637e.SC2Replay
5573
5606
6255
6303
8724
8793
8841
10676
12310
12333
12355
12376
12399
12875
12898
13106
13583
13607
14263
14297
14322
14406
14431
14457
14478
14500
14521
14542
14566
14591
14614
14638
14660
14686
14710
14738
15545
15580
15642
16112
16138
16163
16188
16211
16251
16273
16306
16338
16368
16401
16436
16460
16488
16511
16538
16571
16593
16624
16649
16671
16692
16713
16739
16771
16927
16951
16974
17000
17150
17173
17213
17238
17266
17287
18321
18348
18379
18405
18426
18449
18470
18500
18527
18548
18573
18600
18638
18677
18703
18726
18782
18807
18829
18850
18883
18924
18952
18980
19157
19179
19216
19253
19276
19304
19334
19367
19390
19415
19446
19471
19499
19520
19551
19572
19599
19624
19734
19952
20041
20071
20094
20115
20136
20158
20179
20203
20227
20254
20278
20299
20327
20349
20616
20656
20680
20701
20726
20750
20772
20798
20819
20841
20872
20901
20940
21621
21643
21664
21695
21751
22248
22272
22439
22487
22574
23068
23089
23111
23136
23232
23270
23291
23326
23348
23372
23402
23430
23453
23674
23709
23760
23792
23833
23862
23884
24021
24044
24074
24096
24119
24149
24177
24202
24225
24252
24273
24308
24335
24359
24396
24417
24440
24464
24487
24513
24535
24557
24578
24607
24644
24683
24706
24738
24774
24797
24834
24868
24895
24925
24946
24968
25039
25063
25688
25721
25745
25779
25800
25829
25854
25885
25915
25953
25974
25995
26020
26049
26074
26098
26131
26160
26187
26311
26337
26367
26388
26410
26444
26586
26608
26641
26665
26762
26784
26811
26845
26881
26920
26948
26970
26996
27030
27054
27086
27107
27128
27150
27174
27196
27221
27244
27266
27288
27329
27351
27372
27410
27434
27459
27495
27516
27537
27561
27655
27692
27853
27889
27911
27932
27953
27979
28007
28043
28072
28094
28119
28149
28181
28216
28665
28705
28726
28753
28874
29329
29621
