# 350, 0d529c141b2ee63211c8fb1b5bb53100f779d4fc6c9dff6532efe79f5f557565.SC2Replay
5828
5859
5890
6507
6530
6613
6641
6865
6897
6932
6987
7275
7300
7340
7377
7417
7786
7818
7847
7913
7940
8043
8073
8171
8192
8222
8250
8351
8373
8403
8426
8482
8506
8609
8638
8661
8689
8717
8810
8847
8883
8914
8935
8957
8987
9008
9029
9062
9098
9119
9159
9180
9203
9243
9367
9392
9429
9586
9613
9707
9728
9766
9803
9830
9853
9875
9914
9949
9977
10003
10027
10233
10262
10292
10317
10349
10383
10404
10440
10464
10488
11430
11454
11478
11499
11534
11555
11578
11600
11645
11668
11703
11732
11753
11776
11799
11905
12236
12259
12576
12602
12633
12966
12992
13013
13034
13065
13086
13113
13135
13156
13188
13229
13328
13356
13396
13694
13716
13742
13764
13785
13819
13843
13882
13911
13947
14092
14113
14134
14174
14241
14264
14289
14314
14335
14402
14423
14493
14525
14552
14573
14612
14814
14876
14907
15132
15178
15468
15540
15633
15742
15769
15835
15857
15880
15905
15926
15955
15990
16020
