# 1575, 2301cf72f75dac79cc4d82296912371b02d1cedadf21fb2973da31167bc4522e.SC2Replay
4562
4593
4705
4743
4772
4793
4815
4836
5318
5339
5744
5765
5891
5986
6010
6089
6114
6135
6161
6184
6207
6239
6276
6300
6476
6498
6899
6920
6941
7130
7151
7399
7425
7515
7558
7595
7620
7661
7683
7706
7729
7751
7778
7804
7830
7851
7924
7973
8002
8036
8058
8080
8128
8152
8180
8264
8329
8354
8418
8441
8475
8496
8523
8553
8600
8639
8666
8710
8734
8798
8836
8882
8927
8960
9011
9074
9159
9186
9225
9358
9396
9425
9448
9470
9496
9553
9585
9606
9633
9656
9931
10020
10049
10084
10128
10166
10198
10224
10257
10311
10333
10661
10696
10726
10755
10779
10829
10863
10886
10909
10940
10966
11036
11096
11120
11158
11191
11215
11249
11291
11345
11384
11623
11656
11682
11710
11735
11771
11799
13294
13320
13354
13386
13408
13430
