# 1005, 03d4b3e06be59d047da52af1165ad5f7eaedb840d9b75d8af0584f223f50ecd0.SC2Replay
4402
4443
4492
4517
4542
4595
4641
4717
4962
5017
5060
5087
5135
5273
5294
5353
5428
5465
5498
5560
5646
5722
5787
5865
5929
5976
5997
6071
6182
6295
6378
6405
6429
6482
6537
6605
6631
6655
6693
6714
6738
6881
6916
6940
6969
7153
7710
7733
8196
8259
8306
8335
8374
8400
8421
8442
8465
8570
8603
8632
8657
8680
8715
8739
8761
8783
8804
8825
8856
8904
8953
8977
9100
9134
9258
9281
9366
9479
9555
9578
9608
9629
9658
9689
9710
9734
9766
9816
9848
9873
9896
9917
9938
9973
10000
10031
10055
10087
10116
10137
10158
