# 872, 05533bc6e70a6b0db322ff171cda139892981de132e387592a9be8351fb90850.SC2Replay
3941
3962
12104
12132
12166
12225
12278
12309
12345
12389
12460
12504
12557
12585
12679
12745
12996
13021
13304
13488
13513
13561
13594
13617
14183
14208
14464
14649
14698
14748
14772
14804
14846
14871
14895
15161
15194
15435
15479
15521
15573
15850
15871
15966
16004
16028
16052
16090
16563
16592
16643
16670
16695
16721
16770
16792
16813
16844
16865
16893
16930
16952
16985
17014
17055
17082
17316
17679
17700
17761
18186
18216
18492
18523
18688
18720
18752
18805
18828
19293
19523
19556
19604
19755
19800
19973
20001
20040
20075
20096
20126
20149
20192
20310
20367
20399
20432
20470
20497
20522
20724
20761
20789
20935
20981
21121
21181
21203
21232
21274
21301
21915
22021
22078
22161
22210
22236
22264
22290
22312
22341
22381
22413
22435
22467
22500
22523
22546
22577
22605
22628
22649
22670
22696
22729
22752
22773
22794
22827
22860
22883
22905
22933
22954
22975
23001
23023
23044
23065
23092
23115
23136
23162
23183
23208
23232
23253
23275
23314
23354
23389
23414
23436
23465
23487
23511
23547
23570
23608
23644
23668
23689
23710
23731
23885
23913
23934
24094
24131
24265
24288
24315
24352
24390
24411
24432
24462
24489
24514
24752
24956
24981
25186
25222
25516
26019
26059
26103
26160
26195
26275
26303
26344
26366
26418
26458
26527
26556
26579
26613
26654
26680
26715
26757
26817
26844
26868
26909
26936
27303
27358
27383
27411
27433
27459
27503
27544
27753
27777
27834
27865
27910
27944
27966
27988
28013
28037
28066
28087
28123
28147
28176
28208
28230
28277
28375
28426
28456
28510
28534
28573
28594
28619
28648
28670
28704
28800
28839
28866
28891
28913
28937
28975
29080
29116
29146
29167
29202
29248
29283
29315
29745
29831
29858
29920
30037
30173
30195
30217
30238
30260
30327
30351
30386
30430
30456
30488
30536
30561
30585
30610
30655
30716
30747
30773
30801
30846
30891
30934
30966
31013
31037
31061
31094
31119
31140
31239
31280
31311
31349
31377
31410
31451
31523
31555
31593
