# 1278, 200c1ae3e1495f1b7ec07d45af0a15eb386690bcb4ea9b31318435c50b47970e.SC2Replay
5403
5429
5461
5497
5527
5556
5587
5942
5965
5998
6032
6057
6080
6103
6130
6155
6180
6495
6519
6540
6581
6611
6640
6678
6706
6727
6754
6787
6814
6844
6868
6890
6911
6936
7129
7151
7182
7207
7243
7269
7294
7320
7347
7414
7532
7567
7588
7612
7649
7678
7700
7721
7750
7791
7822
7853
7884
7918
8040
8063
8111
8133
8155
8181
8215
8239
8272
8293
8314
8336
8359
8384
8406
8591
8690
8747
8785
8817
8838
9022
9045
9071
9094
9151
9290
9329
9354
9377
9399
9504
9641
9667
9736
9765
9801
9822
9843
9877
9909
