# 969, 08bb32bbff88d60c9170586ae82964188aa4655d7cdce280e21780a65a69d998.SC2Replay
4101
4131
4155
4182
5438
5460
5559
5599
5817
5840
5863
6242
6355
6376
6405
6492
6580
6616
6743
6784
6813
7006
7178
7259
7732
7770
7808
7829
7890
8242
8343
8381
8405
8438
8475
8511
8550
8617
8742
9023
9204
9236
9261
9290
9313
9407
9437
9462
9516
9544
9573
9667
9690
9712
9733
9762
9791
9815
9843
9879
10006
10041
10098
10131
10211
10313
10360
10412
10565
10593
10627
10727
10761
10801
10831
10867
10892
10924
10952
10973
11793
12327
12833
12864
12900
12923
12957
12988
14275
14666
14754
14806
14829
14862
14883
14906
14934
14975
15184
15258
15288
15527
15552
15605
15629
15906
15945
15979
16001
16022
16164
16192
16213
16239
16279
16301
16330
16351
16378
16408
16437
16465
16486
16521
16545
16580
16606
16675
16710
16734
16769
16791
16825
16851
16873
16895
16916
16938
17046
17097
17118
17147
17168
17189
17211
17232
17253
17290
17314
17336
17371
17468
17494
17515
17543
17579
17601
17628
17651
17688
17758
17790
17870
17896
17917
17950
17971
18034
18143
18173
18200
18247
18269
18360
18508
18544
18577
18613
18635
18658
18700
18724
18762
18795
18816
18999
19026
19055
19076
19122
19154
19180
19211
19233
19572
19609
19640
19662
19737
19763
19785
19855
19878
20324
20346
20674
20704
20742
20779
20941
20975
20999
21099
21570
21625
21646
21987
22014
22103
22251
22291
22476
22541
22665
22717
22757
22787
22828
22862
22920
22941
22965
23292
23315
23437
23522
23618
23743
23796
23819
23927
24354
24378
24400
24425
24449
24563
24606
24698
24748
24769
24826
24876
