# 9, 102aaa243faab605e91f3213d43d84da9d2f4a17e9b6d045e644b137f35480f3.SC2Replay
746
1233
2368
2442
3146
3513
3680
4186
4405
4637
5022
5211
5326
5385
5533
6079
6239
6288
6528
6701
6748
6947
7633
7741
7882
8001
8097
8123
8352
8399
8669
8799
8890
9093
9130
9208
9275
9302
9445
9587
9731
10092
10114
10136
10161
10195
10225
10386
10443
10617
10771
11028
11096
11314
11438
11814
11851
11872
11894
11924
11955
12033
12265
12302
12391
12422
12459
12654
12744
12780
12819
12853
12974
13050
13156
13299
13397
13531
13594
13745
13817
13863
14255
14327
14501
14664
14793
15130
15231
15399
15425
15452
15477
15508
15545
15614
15889
15912
16186
16320
16368
16459
16812
17068
17110
17227
17312
17350
17432
17454
17516
17600
17664
17757
17967
18085
18498
18819
18854
19049
19139
19541
19593
19615
19639
19788
19816
19891
20018
20636
20692
21174
21694
21757
21779
21860
21973
22121
22154
22401
22714
22831
22972
22994
23116
23155
23345
23367
23388
23442
23471
23492
23518
23547
23603
23636
23709
23930
23965
24036
24059
24082
24106
24130
24164
24185
24210
24239
24275
24315
24336
24359
24395
24419
24447
24471
24498
24546
24575
24603
24624
24711
24791
24819
24845
24867
24895
24925
24986
25012
25033
25128
25157
25181
25214
25244
25268
25297
25320
25365
25386
25490
25524
25549
25587
25612
25635
25658
25680
25704
25744
25794
25820
25841
25905
25927
25950
25976
26002
26030
26054
26083
26112
26333
26381
26425
26456
26482
26515
26538
26563
26584
26612
26640
26670
26715
26738
26759
27009
27040
27062
27198
27314
27338
27619
27640
27667
27732
27770
27802
27988
28021
28073
28096
28119
28142
28215
28272
28297
28334
28364
28396
28433
28822
28989
29057
29401
29538
29573
29594
29621
29661
29688
29713
29738
29765
29786
29819
29857
29878
30509
30540
30776
31021
31885
31957
31991
32033
32060
32103
32153
32270
32309
32426
32454
32477
32668
32744
32877
32958
33006
33031
33063
33088
33130
33207
33236
33297
33346
33378
33435
33457
33480
33546
33574
33624
33659
33712
33789
33822
33861
33884
33909
33957
34001
34340
34460
34499
34796
34851
35019
35272
35311
35352
35373
35394
35546
35582
35614
35646
35668
35691
35723
35747
35781
35803
35936
35959
35990
36012
36052
36078
36105
36133
36156
36184
36212
36244
36272
36310
36331
36354
36396
36430
36476
36603
36946
37130
37214
37254
37671
37750
37992
38094
38158
38231
38318
38343
38416
38448
38486
38512
38641
38768
38836
38935
38965
39022
39049
39102
39146
