# 1328, 033e664fe48624af0123a0fc2333c3d5fc13a8e08a254f39bf3caeda6fc5af30.SC2Replay
8636
8657
8680
8714
8735
8914
9659
9681
9705
9731
9758
9780
10235
10256
10278
10655
10678
10699
10737
10761
10802
10837
10873
10967
10992
11014
11054
11075
11096
11136
11168
11193
11320
11341
11362
11384
11409
11436
11477
11502
11535
11568
11600
11639
11765
11788
11810
11842
11906
11936
11969
12009
12045
12081
12119
12149
12174
12204
12230
12261
12296
12322
12352
12439
12465
12671
12694
12726
12749
12778
13114
13136
13218
13314
13341
13365
13398
13428
14025
14367
14390
14412
14435
14532
14927
14958
15317
15819
15856
16556
20477
20505
20772
20807
20829
21462
21487
21860
21889
21910
21940
21963
21999
22020
22104
22415
22437
22462
22489
22514
22547
23784
23822
23856
23896
23917
23938
23960
24857
24888
25248
25270
25306
25332
25357
25385
25415
25454
25475
25498
25522
25549
25736
25762
25798
25833
25863
25884
25933
25972
26008
26044
26170
26213
26239
26783
26804
26843
26895
26919
26941
26962
26983
27017
27040
27065
27088
27121
27144
27170
27206
27244
27265
27326
27485
27516
27554
27594
27623
27682
27706
27734
27858
27892
27916
27937
27966
28641
28668
28712
28738
28767
28818
28844
28869
28967
29000
29022
29055
29077
29103
29569
30171
30194
30215
30241
30264
30285
30309
30334
30363
30410
30451
30479
30500
30965
31052
31081
31531
31583
31616
31640
31664
31691
31719
31740
31762
31798
31822
31846
31873
31897
32581
32604
33626
33647
33686
33719
33745
33769
34210
34241
34278
34792
34813
34848
34870
34891
36091
36113
36141
36188
36211
36338
36365
36405
36440
36463
36685
36712
36742
36765
36786
36827
36909
36937
36973
36999
37078
37155
37906
37943
38094
38131
38154
38410
38483
38504
38555
38734
38757
38779
38805
38840
38862
38906
38936
39047
39079
39102
39124
39158
39187
39212
39499
39545
39566
39621
39920
39954
39980
40014
40050
40108
40145
40183
40244
40381
40415
40616
40641
40678
40710
40746
40768
40887
40922
40947
40975
41046
41082
41106
41371
41404
41425
41471
41509
41758
41787
41815
41837
41872
41893
41930
41960
41988
42021
42061
42244
42274
42579
42672
42707
42835
42875
42903
42945
43067
43100
43137
43175
43200
43223
43254
43296
43319
43394
43419
43441
43607
43653
43679
43701
43741
43786
43813
43836
43857
43896
43921
43943
43973
44002
44026
44047
44070
44099
44131
44155
44188
44251
44282
44314
44337
44370
44399
44440
44483
44516
44543
44581
44603
44632
44657
44803
44934
45360
45388
45416
45491
45722
45770
45794
45880
45902
46124
46146
46178
46206
46234
46272
46295
46327
46350
46377
46400
46445
46476
46511
46532
46842
47438
47483
47514
47539
47577
47612
47638
47680
47706
47727
47764
47797
47911
47939
47968
48076
48120
48141
48162
48192
48218
48245
48269
48300
48333
48355
48386
48410
48445
48478
48501
48536
48559
49090
49342
49364
49405
49441
49471
49492
49514
50058
50082
50120
50150
50182
50213
50244
50265
50302
50323
50351
50383
50439
50460
50485
50915
50940
50962
50986
51025
51339
51368
51390
51412
51435
51485
51514
51811
51848
51870
51899
51929
51966
51990
52011
52033
52063
52088
52109
52131
52419
52442
52585
52716
52739
52770
52797
52818
52848
52885
52909
52935
52969
52994
53175
53209
53248
53274
53295
53324
53349
53379
53403
53426
53449
53470
53501
53525
53546
53569
53590
53611
53632
53655
53714
53741
53764
53788
53809
53831
53864
53903
53928
53950
53971
54000
54037
54063
54301
54481
54510
54535
54556
54578
54599
55002
55029
55050
55076
55100
55135
55166
55708
55730
55757
55783
55813
55835
56258
56279
56304
56326
56350
56372
56579
