# 35, 246b7667427d82100f3a28000aceaf4217e5fb58929525271e103ea220eb2d71.SC2Replay
2384
2409
2458
3892
3921
3947
4018
4170
4200
4227
4248
4274
4306
4341
4367
4398
4420
4455
4492
4691
4713
4734
4757
4784
4809
4838
4872
4895
4934
4955
4995
5033
5060
5476
5510
5535
5568
5754
5792
5815
5848
5877
5901
5929
5959
5985
6012
6035
6068
6090
6113
6136
6169
6190
6214
6235
6262
6283
6305
6339
6363
6386
6412
6437
6460
6485
6506
6528
6554
6586
6613
6634
6660
6681
6832
6979
7013
7048
7211
9271
9339
10196
10232
10367
10492
10601
10627
10692
10852
10913
10992
11030
11089
11140
11234
11277
11319
11340
11364
11389
11666
11756
12023
12044
12086
12711
12782
13567
13588
13623
13660
14111
14180
14246
14604
14661
14863
14891
14915
14948
14969
14995
15023
15045
15068
16759
16784
16810
16836
16858
16881
16912
16950
16975
17011
17037
17085
17362
17441
17528
17581
17651
17909
17985
18010
18047
18080
18106
18131
18155
18182
18218
18310
18332
18444
18495
18667
18719
18766
18946
19015
19112
19223
19285
19311
19337
19366
19387
19410
19434
19525
19573
19729
19796
19842
19891
19952
20037
20541
20640
20692
20843
20929
20959
20981
21003
21024
21054
21080
21120
21148
21170
21198
21222
21260
21287
21311
21462
21528
21579
21627
21650
21756
22072
22247
22311
22411
22714
22759
22788
22810
22925
22964
22990
23312
23601
23633
23658
23776
23805
23840
24110
24546
24655
24801
25613
25643
25666
25707
25733
25758
25783
25805
25826
25849
25873
25908
25948
25976
26000
26021
26048
26081
26108
26143
26165
26201
26232
26260
26281
26303
26333
26361
26428
26457
26479
26508
26529
26550
26576
26638
26715
26749
26789
26822
26844
26870
26891
