# 831, 14859ae1b8b4049c516ef90cce612af96a21cea76eb0cdc4f982023cbfb3943e.SC2Replay
3725
3758
3852
3873
3897
3929
3954
3976
4006
4028
4056
4082
4121
4145
4206
4238
4265
4297
4322
4346
4367
4388
4409
4440
4464
4485
5027
5049
5074
5101
5390
5520
5546
5696
5740
5767
5788
5812
5833
5864
5887
5914
5944
5976
6015
6036
6073
6099
6126
6159
6196
6218
6243
6273
6295
6333
6354
6375
6400
6421
6450
6484
6511
6535
6556
6578
6603
6626
6656
6685
6708
6746
6767
6789
6818
6840
7206
7244
7270
7304
7328
7363
7390
7423
7445
7468
7504
7541
7578
7600
7621
7644
7684
7713
7747
7768
7789
7811
7833
7858
7895
8107
8227
8260
8492
8533
8572
8595
8629
8670
8691
8746
8767
8807
8846
8868
8903
8938
8960
8985
9332
9354
9447
9471
9496
9535
9568
9603
9630
9663
9702
9756
9796
9820
9849
9873
9914
9946
9969
9990
10048
10086
10110
10150
10187
10211
10234
10260
10298
10327
10358
10388
10434
10466
10493
10514
10548
10572
10600
10624
10647
10706
10732
13476
13579
13613
13648
13676
17694
17734
17761
17929
18091
18130
18156
18180
18310
18345
18368
18391
18444
18467
18505
18598
18778
18816
18839
18869
18891
18937
18978
19000
19209
19257
19288
19584
19607
19631
19653
19676
19698
19738
19762
19784
19808
20254
20420
20457
20491
20513
20587
