# 712, 0de6f5d52645c04203578001640e81736725bcef8132c11bb06b2e01b429824b.SC2Replay
3733
3755
3779
3800
3823
3846
3872
3896
3918
3942
3973
3998
4019
4047
4070
4092
4118
4148
4171
4207
4233
4270
4292
4328
4358
4384
4407
4435
4462
4493
4526
4553
4574
4595
4619
4714
4823
4848
5150
5175
5319
5577
5647
5714
5744
5777
5807
5830
5853
5880
5910
5931
6372
6402
6449
6475
6503
6528
6555
6593
6619
6644
6676
7010
7302
7324
7363
9841
9879
10213
10237
10259
10936
10959
10980
11005
11040
11064
11094
11129
11253
11286
11315
11357
11386
11435
11817
11851
11872
11896
11919
11941
11962
11988
12026
12059
12090
12113
12134
12156
12177
12201
12240
12281
12872
12896
12930
12951
12977
13008
13041
13070
13101
13122
13143
13164
13185
13220
13292
13322
13350
13390
13412
13581
13611
13632
13671
13699
13729
13751
13789
13812
13866
13893
13917
13938
13972
14793
14814
14841
14867
15344
15390
15431
15592
15615
15643
15665
15698
15735
15879
15942
15964
16001
16051
16088
16110
16168
16197
16235
16265
16311
16337
16400
16422
16443
16476
16621
16650
16676
16705
16739
16890
16933
16960
16988
17012
17043
17082
17106
17129
17159
17193
17228
17254
18169
18194
18216
18247
18282
18305
19761
20045
20069
20101
20130
20156
20178
20201
20232
20263
20298
20327
20529
20567
20597
20640
20678
21056
21083
21120
21445
21473
21530
21569
21616
21648
22182
22204
22235
22298
22370
22402
22431
22453
22494
22535
22588
22609
22644
22666
22695
22720
22741
22767
22800
22823
22845
22877
22905
22929
22956
22992
23016
23041
23140
23162
23183
23205
23231
23264
23286
23323
23911
23935
23958
24546
24582
24612
24650
25895
26021
26048
26069
26114
26146
26180
26207
26529
26554
26575
26603
26624
26655
26676
26706
29545
29570
29627
29651
29673
29720
29748
29785
29814
29837
29865
29908
29933
29979
30082
30111
30143
30173
30207
30252
30274
30296
31736
31776
31798
31827
31849
31875
31898
31929
31970
31992
32014
32040
32064
32128
32149
32710
32758
33018
33040
33070
33416
33769
33812
33834
33860
33890
34012
34039
34061
34087
34145
34166
34190
34237
34275
34310
34347
34381
34424
34446
34470
34512
34541
34569
34590
34908
34945
34966
34994
35016
35044
35071
35121
35158
35201
35239
35717
35767
35790
35824
35989
36011
36049
36085
36107
36131
36156
36188
36217
36256
36294
36333
36370
36405
