# 1300, 2444db982979f87eb7e985568114c3ba7bebeaa975116cb8b059f1e793a167a1.SC2Replay
6864
6885
6906
6931
6954
7141
7163
7192
7213
7238
7387
7411
7441
7482
7521
7561
7583
7625
7661
7683
8104
8131
8154
8183
8212
8253
8275
8296
8324
8739
8765
8797
8836
8865
8890
8919
8941
8970
9012
9048
9084
9372
9395
9424
9466
9516
10259
10299
10321
10346
10374
10402
10427
10458
10489
10529
10581
10611
10864
10892
10917
10947
10976
11161
11184
11223
11244
11300
11335
11360
11381
11417
11449
11475
11498
11536
11564
11586
11608
11629
11670
11694
11723
11793
11834
11860
11888
11922
11959
12623
12656
12679
12700
12775
12796
13721
13752
13775
13799
13834
13880
13901
13938
13961
14354
14395
14418
14496
14524
14565
14586
14619
14650
14683
14709
14734
14767
14788
14812
14916
14937
14959
14981
15006
15047
15070
15116
15938
15966
15988
16013
16042
16066
16100
16395
16418
16439
16591
16635
16759
16780
16813
16854
16876
16897
16922
16947
16983
17009
17048
17074
17101
17124
17147
17176
17202
17236
17267
17307
17329
17353
17379
17402
17437
17461
17488
17511
17537
17572
17596
17626
17661
17700
17727
17749
17770
17801
17824
17845
