# 1666, 006a3e6860890ae099587f12406efced553be90fac26ed6003a8056db4960610.SC2Replay
3126
3147
3181
3206
7070
7091
7116
7147
7182
7278
7301
7335
7367
7396
7434
7457
7481
7504
7525
7549
7586
7616
7650
7678
7763
9159
9182
9213
9234
9258
9298
9325
9387
9421
9512
9546
9584
9622
9912
9947
9971
9992
10018
10047
10070
10091
10112
10133
10155
10176
10713
10947
10982
11004
11034
11139
11162
11184
11208
11241
11262
11287
11315
11352
11527
11552
11574
11595
11635
11672
11698
11729
11763
12038
12059
12081
12113
12134
12158
12182
12203
12224
12254
12281
12321
12359
12380
12405
12738
12861
13149
13188
13666
13689
13727
13748
13772
13800
13830
13851
13875
13910
13980
14049
14074
14096
14142
14170
14273
14318
14339
14368
14397
14437
14460
14487
14520
14544
14575
14598
14632
14653
14675
14715
14736
14758
14779
14809
14841
14865
14887
14920
15451
15501
15612
15641
15836
16082
16116
16152
16191
16213
16243
16265
16289
16317
16342
16372
16402
16433
16463
16495
16518
16724
16752
16852
17196
17217
17252
17291
17312
17339
17361
17389
17415
17441
17463
17489
17511
17545
17582
17603
17684
17710
17732
17940
18190
18568
18870
18903
19450
19532
19697
20254
20287
20312
20334
20375
20404
20427
20460
20481
20502
20535
20560
20591
20614
20652
20732
20761
20787
20819
20844
20869
20897
20921
20947
20978
21017
21057
21082
21235
21271
21292
21313
21334
21356
21381
21404
21428
21456
21477
21502
21524
21552
21583
21608
21631
21670
21699
21733
21759
21800
21824
21850
21873
21896
23049
23591
23744
23969
24065
24563
25494
25594
26049
26072
26102
26138
26160
26185
26214
26562
26893
27026
28556
28840
28872
28906
28932
28962
28984
29008
29030
29065
29088
29119
29144
29185
29206
29241
29268
29298
29328
29350
29371
29399
29433
29457
29494
29518
29544
29566
29622
29646
29667
29700
29740
29780
29803
29831
29852
29876
29905
29930
29955
29994
30015
30038
30060
30092
30123
30155
30176
30211
30237
30269
30309
30332
30364
30400
30509
30533
30569
30954
30988
31362
31390
31426
31450
31485
31506
31527
31568
31600
31634
31666
31690
33185
33206
33235
33515
33538
33574
33606
33630
