# 1342, 20fac6edbbd0f54773e14e7a6c0425f866970c9c909c8008112f5a085dbd99ee.SC2Replay
4075
4112
4141
4173
4209
4301
5838
5869
5893
5921
5975
6005
6030
6052
6073
6278
6314
6357
6383
6407
6434
6455
6547
6580
6602
6638
6670
6707
6728
6808
6835
6870
6912
6934
6957
6993
7014
7044
7069
7101
7127
7152
7188
7212
7238
7278
7309
7344
7373
7411
7433
7456
7487
7514
7540
7566
7588
7620
7660
7685
7723
7745
7766
7793
7814
7836
7866
7887
7910
7942
7970
8001
8024
8063
8104
8146
8169
8191
8234
8260
8298
8336
8357
8395
8436
8516
8540
8568
8591
8666
8740
8774
8802
8826
8858
8879
8901
8922
8952
8994
9015
9050
9114
9139
9179
