# 180, 01a5dd3735f6e704bb89a80a18067d5b2732c0443c05c2b24fad39baaacebf01.SC2Replay
3600
3622
3877
3911
3973
4001
4022
4043
4092
4669
5108
5145
5264
6226
6251
6286
6440
6472
6497
6520
6558
6590
6618
6646
6724
7722
7830
7851
7936
8196
8248
8275
8428
8464
8509
8574
8606
8635
8689
8767
8893
9001
9398
9421
9445
9470
9494
9518
9639
9681
10111
10303
10837
11500
11522
11563
11584
11605
11706
11781
11957
11978
12004
12044
12069
12099
12133
12196
12221
12243
12267
12295
12329
12507
12540
12660
12695
12830
12854
12894
12990
13015
13216
13237
13420
13450
13527
13548
13690
13712
13755
13779
13850
13873
13896
13927
13951
14049
14077
14114
14135
14173
14213
14248
14273
14295
14321
14403
14426
14520
14545
14578
14604
14627
14650
14682
14709
14731
14772
14807
14908
14937
14961
14982
15005
15028
15049
15077
15105
15217
15319
15341
15390
15411
15449
15470
15501
15524
15554
15586
15607
15638
15687
15719
15744
15770
15793
15831
15855
15876
15898
16008
16031
16062
16084
16112
16146
16167
16190
16217
16248
16275
