# 1453, 0e4c1400176c3eb6209dd670c564819782ccb635aae64f99f7f2bf8a80704e14.SC2Replay
2920
2941
2974
3010
4763
5164
5260
5285
5306
5328
5362
5384
5414
5436
5462
5485
5506
5527
5555
5578
5601
5636
5657
5678
5703
5724
5751
5774
5800
6715
7843
7876
7905
7940
7968
7991
8013
8037
8070
8092
8117
8140
8162
8197
8218
8240
8261
8298
8327
8350
8376
8407
8434
8464
8505
8528
8565
8593
8614
8654
8688
8709
8732
8757
8786
8824
8858
8885
8906
8942
8972
8996
9032
9064
9102
9156
9178
9200
9227
9250
9277
9314
9339
9375
9398
9458
9492
9515
9536
9592
9618
9643
9664
10472
10510
10768
10789
10810
10832
10856
11001
11022
11049
11072
11100
11123
11152
11173
11199
11222
11250
11271
