# 515, 25e5cbba2e309a126cc80eb810c31c88cc1a4e134212d2d14996ef18048b0e55.SC2Replay
8944
9011
9064
9095
9154
9518
9572
9637
9688
9926
9955
9980
10003
10024
10046
10083
10125
10148
10170
10234
10262
10285
10330
10362
10392
10446
10923
10951
11027
11066
12236
12257
12509
12544
12568
12600
12627
13016
13049
13100
13199
13220
13291
13322
13361
13396
13429
13462
13493
13526
13547
13574
13608
13638
13661
13687
13709
13732
13766
13788
13823
13845
13867
13902
13930
13951
13981
14006
14033
14055
14093
14129
14154
14187
14218
14242
14274
14298
14336
14359
14388
14410
14436
14464
14501
14523
14557
14580
14612
14649
14677
14700
14724
14757
14789
14817
14843
14884
14909
14931
14991
15012
15036
15063
15587
15618
15648
15672
15701
15724
15745
15768
16122
16154
16178
16205
16238
16266
16287
16308
16329
16353
16378
16465
16489
16586
16610
16635
16668
16693
16715
16742
16765
16790
16817
16842
16874
16910
16932
16972
17168
17195
17225
17250
17271
17292
17316
17342
17363
17384
17405
17428
17450
17479
17508
17537
17573
17596
17633
17655
17689
17773
17807
17838
17864
17888
17923
17993
18018
18054
18077
18125
18164
18185
18207
18574
18607
18639
18673
18712
18735
18783
18805
18839
18863
18892
18925
18947
18985
