# 26, 06bc671a8b15248c7afdd86a1cbe6e47e544339f857dfcc203ba8ec4825a910a.SC2Replay
1225
1306
1997
2959
3102
3250
3279
3303
3844
3948
4012
4033
4074
4420
4449
4522
4551
4628
4653
4692
4727
4753
4792
5504
6089
7165
7245
7548
8166
8228
8475
8496
8521
8570
8636
8939
8963
8987
9015
9189
9300
9355
9415
9723
9749
9814
10299
10320
10343
10496
10529
10555
10900
11204
11232
11271
11296
11339
11419
11604
11656
11716
12082
12205
12409
12436
12460
12497
12519
12540
12561
12695
12723
12792
12999
13078
13407
13444
13467
13731
13794
14033
14307
14412
14444
14520
15152
15410
15733
15758
15877
16175
16296
16357
16396
16482
16705
17266
17297
17368
17392
17449
17506
17532
17556
17577
17602
17654
17707
17729
17791
17815
17838
18013
18043
18074
18095
18117
18145
18227
18250
18275
18300
18342
18456
18480
18636
18701
18729
19183
19209
19235
19259
19281
19317
19357
19382
19416
19445
19468
19491
19515
19539
19561
19589
19611
19636
19666
19688
19800
19844
19883
19907
19949
20138
20353
20904
21497
21550
21600
21635
21677
21708
21730
21751
22027
22540
22732
22765
22792
22820
22854
22912
22937
22958
23120
23144
23170
23206
23243
23273
23312
23334
23375
23403
23432
23459
23485
23521
23562
23587
23625
23661
23700
23838
23869
23890
23911
23944
23966
23991
24019
24040
24061
24105
24150
24196
24295
24316
24378
24467
24498
24685
24744
24810
25053
25080
25155
25179
25238
25260
25294
25351
25375
25398
25445
25507
25610
25657
25992
26653
26806
26858
27849
28003
28046
28286
28482
28540
28605
28920
29186
29259
29564
29619
29640
29669
30067
30127
30265
30511
31027
31262
31294
31478
32011
32273
32303
32407
32696
32755
33511
33551
33720
33750
33801
34002
34024
34052
34075
34217
34297
34473
34499
34550
34615
34658
35061
35617
35715
35749
35975
36276
36341
36362
36907
37128
37159
37284
37389
37483
37534
37578
37756
37858
37903
37943
37973
37998
38047
38076
38103
38129
38175
38202
38226
38271
38294
38324
38353
38378
38414
38457
38490
38523
38579
38603
38673
38697
38726
39120
39261
39342
39497
39653
39782
39928
40056
40097
40159
40249
40427
40479
40507
40529
40634
41035
41056
41086
41242
41324
41449
41615
41707
41738
41769
41791
41823
41850
42035
42188
42234
42321
42379
42502
42606
42698
42738
42784
42821
42894
42931
43014
43062
43119
43245
43271
43409
43432
43482
43506
43545
43600
43633
43686
43726
43763
43832
43989
44045
44072
44121
44312
44421
44483
44505
44591
44651
44703
44843
44864
44911
44954
45081
45136
45177
45198
45280
45308
45393
45438
45468
45563
45724
45766
45818
45944
46165
46274
46388
46474
46601
46677
46908
47028
47340
47447
47505
47527
47616
47780
48104
48129
48295
48531
48773
48795
48942
49538
49559
49593
49703
49740
49885
49945
50000
50471
50511
50563
50584
50605
50626
50666
50724
50769
50800
50821
50844
50879
50905
50933
50964
50996
51030
51067
51103
51138
51162
51192
51226
51258
51293
51319
51344
51380
51408
51432
51456
51526
51561
51593
51614
51641
51676
51756
51799
51836
51958
52248
52270
52305
52347
52397
52418
52448
52480
52506
52527
52568
52593
52629
52687
52743
52775
52798
52829
52852
52885
52906
52940
52994
53293
53380
53430
53478
53527
53672
53980
54016
54239
54421
54535
54581
54610
54641
54711
54758
54843
54867
54915
54940
54964
54986
55013
55034
55074
55104
55141
55162
55184
55218
55242
55265
55306
55331
55352
55377
55407
55439
55474
55499
55527
55615
55636
55661
55685
55706
55735
55771
55842
55942
56025
56129
56162
56191
56216
56248
56272
56377
56408
56429
56458
56484
56536
56576
56615
