# 1533, 28d842ae7238b6df6c87cd28fe07f893ac359800b2bca516fb8965f9bc4249d6.SC2Replay
5914
5944
5974
5999
6033
6058
6080
6109
6147
7679
7704
7828
7867
7923
7948
7981
8010
8054
8107
8207
8244
8288
8383
8434
8456
8511
8561
8583
8606
15095
15118
15145
15167
15194
15215
15240
15264
15296
15341
15369
15428
15464
15501
15534
15569
15595
15623
15651
15672
15697
15721
15743
15764
15794
15815
15839
15863
15884
16198
16224
16248
16275
16297
16320
16544
16571
16593
16614
16655
16681
16721
16746
16767
16789
16812
16835
16861
16891
16921
16964
16986
17009
17032
17054
17076
17097
17118
17139
17160
17197
17635
17657
17691
17720
18112
18149
18176
18197
18220
18248
18285
18311
18591
18632
18657
18684
18722
18743
18783
18810
18831
18858
18894
18915
18941
18975
18996
19017
19038
19072
19095
19119
19140
19166
19252
19273
19294
19316
19351
19380
19402
19432
19460
19488
19515
19543
19565
19587
19611
19632
19653
19684
19709
19745
19778
19799
19820
19841
19866
19890
19920
19957
19984
20005
20027
20049
20071
20095
20117
20140
20167
20188
20214
20236
20258
20283
20311
20345
20372
20413
20437
20460
20484
20511
20535
20565
20587
20609
20631
20665
20686
20709
20740
20767
20790
20813
20851
20875
20906
20929
20961
20982
21010
21037
21063
21086
21113
21145
21185
21213
21251
21277
21318
21339
21370
21391
21426
21451
21474
21499
21525
21548
21584
21625
21647
21669
