# 1582, 0362816df640a2088051589927b01d337bbaaf01146b0f2addc41c4628fe005a.SC2Replay
1005
1039
1070
1094
1439
1465
1503
1532
1555
1582
1603
1627
1649
1670
1691
2039
2399
2430
2454
2479
2501
2526
2561
2598
3014
3041
3067
3101
3123
3161
3188
3220
3251
3274
3315
3351
3383
3410
3432
3458
3482
3506
3529
3552
3574
3600
3632
3666
3705
3731
3755
3781
3808
3842
3952
4057
4089
4113
4134
4155
4190
4230
4265
4286
4311
4350
4375
4411
4434
4460
4485
4704
5041
5135
5162
5985
6501
7407
7952
8129
8158
8182
8205
8241
8268
8304
8325
