# 473, 092168e86dd8fa5a4ebb74eaf227510e25f2f0b9d71bada6897556dbe8abd6f9.SC2Replay
5980
6063
6085
6114
6150
6184
6221
6242
6276
6308
6333
6354
6519
6545
6566
6629
6650
6686
6763
7063
7097
7136
7161
7193
7218
7241
7371
7392
7413
7440
7461
7499
7670
7761
8142
8172
8209
8236
8264
8299
8320
8342
8373
8394
8417
8451
8472
8515
8693
8717
8754
8789
8810
8908
9004
9058
9088
9226
9263
9315
9347
9381
9404
9426
9448
9490
9596
9626
9717
9749
9784
9816
9837
9858
9880
9902
9935
10022
10060
10087
10136
10262
10284
10310
10361
10386
10407
10431
10458
10479
10508
10533
10565
10587
10625
10659
10685
10707
10743
10767
10815
10949
10986
11071
11098
11130
11166
11196
11219
11446
11470
11514
11540
11576
11611
11764
11816
11875
11946
11986
12058
