# 808, 0f741ae0e4c3bf62913b27e584610e0d2e4f4b2f4447f2e726dfa4430f897049.SC2Replay
3536
3557
3896
3917
3944
3965
3987
4013
4047
4081
4104
5313
5334
5724
9867
9948
10051
10072
10172
10210
10251
10309
10346
10380
10457
10527
10550
10601
10645
10681
10738
10801
10842
10875
11040
11146
11239
11262
11409
11510
11551
11572
11603
11625
11657
11698
11736
11760
11795
11832
11856
11881
11905
11930
11969
12000
12023
12045
12068
12090
12121
12145
12184
12208
12239
12261
12308
12350
12391
12558
12579
12620
12647
12695
12742
12766
12792
12815
12838
12881
12924
12947
12980
13006
13029
13056
13085
13109
13132
13176
13212
13234
13266
13293
13327
13366
13395
13421
13467
13526
13597
13632
13656
13693
13719
13831
13898
13938
13980
14031
14052
14080
14124
14164
14188
14216
14254
14295
14333
14358
14387
14413
14436
14467
14489
14527
14551
14591
14620
14644
14673
14709
14730
14758
14779
14815
14839
14862
14885
14907
14936
15128
15154
15214
15237
15271
15316
15355
15386
15414
15450
15476
15497
15528
15565
