# 1834, 131ddcc4b2a81e33100345d280f20002be6bf12550c45ebb03c80c281750f8c5.SC2Replay
4839
4914
4936
4958
4998
5030
5062
5100
5131
5161
5190
5218
5240
5265
5305
5328
5658
5679
5701
5949
5972
5993
6171
6195
6217
6313
6339
6379
6404
6435
6461
6499
6524
6551
6572
6595
6618
6646
6683
6724
6749
6792
6835
6858
7051
7073
7094
7115
7152
7198
7230
7254
7277
7313
7359
7380
7405
7441
7468
7490
7518
7541
7562
7605
7632
7656
7695
7733
7765
7804
7833
7855
7883
7908
7946
7979
8006
8036
8067
8108
8134
8159
8181
8220
8241
8262
8287
8313
8354
8544
8568
9128
9149
