# 53, 0a9cabe0279e6e8d288cf71641ddf3f0f0c63f96a724b7534c3468da3e39b55c.SC2Replay
88
340
1097
2106
4058
4087
4112
4133
4670
4700
4733
4759
4781
5357
5378
5401
5424
5450
5611
6142
6233
6257
6278
6453
6518
6573
6599
6624
6672
6710
6738
6767
6788
6976
7007
7029
7061
7119
7147
7244
7289
7319
7391
7412
7445
7470
7497
7524
7554
7575
7599
7621
7654
7738
7779
7807
7860
7890
7919
7987
8017
8038
8067
8088
8110
8138
8218
8251
8279
8353
8561
8707
8799
8841
9182
9203
9226
9252
9274
9308
9339
9362
9386
9415
9454
9476
9502
9531
9569
9609
9631
9672
9701
9725
9791
9826
9860
9943
10012
10088
