# 1371, 0f97a7e9d2d55ce957908f16fc206d56090d2c82bf4f1fa564448f376ffebc64.SC2Replay
4532
4569
4591
4620
4646
4675
4699
4730
4781
4804
4843
4866
4892
5656
5756
5800
6451
7109
7132
7186
7242
7271
7299
7373
7428
7463
7495
7521
7725
7910
7970
8003
8325
8415
8445
8554
8611
8643
8668
8860
8980
9003
9024
9046
9232
9263
9289
9312
9623
9652
9691
9732
9779
9800
9821
9843
9872
9905
9939
9974
9995
10016
10041
10068
10089
10120
10169
10202
10228
10259
10300
10335
10356
10378
10408
10438
10470
10496
10523
10592
10614
10652
10687
10741
10769
10790
10814
10843
10867
10893
10916
10946
10977
11003
11029
11050
11077
11102
11131
11155
11176
11206
11832
11853
11874
11900
11921
11942
11973
12001
12042
12072
12113
12135
12173
12196
12370
12391
12625
12655
12698
12720
12746
12838
12864
12886
12911
12939
12969
13076
