# 276, 0a52a9494491fb78de3e85e5d3af7e8d14a38d1cd880c7bb1715db593ac6a48a.SC2Replay
4853
4887
4910
4953
4980
5008
5200
5221
5246
5277
5368
5402
5438
5471
5494
5517
5540
5669
5690
5715
5794
5827
5850
5883
5914
6516
6543
6567
6588
6612
6636
6659
6680
6701
6733
6758
6793
6815
6851
7033
7074
7107
7128
7149
7171
7556
7598
7627
7650
7675
7713
7741
7774
7795
7823
7865
7899
7920
7944
7967
7993
8022
8064
8324
8347
8438
8474
8976
9043
9086
9108
9171
9313
9347
9369
9410
9445
9469
9614
9639
9660
9699
9736
9804
9827
9962
9983
10005
10031
10059
10090
10120
10141
10163
10187
10214
10235
10257
10281
10307
10337
10358
10379
10404
10439
10476
10505
10541
10569
10607
10632
10958
11008
11033
11080
11132
11701
11724
12001
12056
12107
12311
12344
12709
12733
12760
12783
12812
12851
12875
12898
13413
13438
13471
13494
13516
13537
13559
13581
13603
13624
13648
13671
13712
13742
13765
13813
13961
14036
14090
14114
15769
15908
15996
16027
16054
16079
16932
16964
16990
17019
17049
17080
17112
17135
17163
17197
17719
17740
17767
17791
17831
17855
17880
17902
17937
17965
18064
18085
18146
18168
18193
18217
