# 193, 1e9f4d079c6f51737dfd9f34ee57f4c5f891e31f8870ef89b345e29346240c1a.SC2Replay
4249
4304
4331
4365
4389
5514
5546
7721
7742
7831
7862
7891
7913
7940
7964
7985
8006
8036
8060
8122
8144
8165
8190
8211
8234
8261
8444
8483
9864
9885
9911
9936
9960
9993
10033
10064
10103
10135
10160
11278
11301
11859
12070
12846
13053
13076
13100
13121
13142
13172
13194
13430
13459
13486
14913
14945
15177
15199
15225
15248
15271
15451
15614
15639
15825
15846
15868
15905
15928
15953
16043
16071
17026
17047
17068
17100
17122
17148
17187
17208
17247
17269
17302
17325
17357
17380
17416
17441
17481
17512
17544
17566
17590
17618
17643
17670
17700
17734
17763
18330
18375
18426
18460
18491
18545
18566
18588
18609
18635
18736
18769
18796
18831
18941
19166
19199
19233
19264
19287
19308
19340
19378
19399
19436
19464
19487
19511
19533
19668
19766
19788
19809
19840
19864
19889
19916
19938
19961
19983
20008
20037
20059
20081
20358
20384
20419
20441
20462
20493
20514
20536
20557
20589
20612
20635
20666
20693
20719
20858
20887
20920
20948
20983
21354
21392
21423
21448
21475
21497
21519
21542
21569
21593
21617
21641
21663
21696
21736
21757
21778
21804
21833
21857
21881
21903
21942
21968
21991
22014
22052
22077
22099
22121
22149
22184
22208
22230
22253
22285
22314
22335
22362
22383
22405
22426
22448
22486
22517
22542
22567
22589
22623
22649
22672
22702
22727
22757
22778
22799
22820
22856
22881
22909
22942
22969
22992
23027
23049
23070
23096
23117
