# 1765, 22d14dedf1bbcbacabdb3ec72e62c08d1619f9733b935976dd3bf28d046a800f.SC2Replay
6495
6516
6539
6561
6585
6611
6639
6669
6698
6736
6759
6795
6816
6930
6954
7005
7028
7055
7076
7100
7125
7146
7168
7205
7235
7258
7287
7311
7334
7362
7391
7416
7437
7458
7636
7663
7691
7731
7761
7792
7831
7856
7878
7900
7924
7946
8020
8060
8082
8105
8127
8155
8180
8202
8224
8438
8489
8513
8761
8797
8818
8845
8869
8910
8932
8969
8997
9038
9069
9142
9168
9198
9238
9308
9341
9368
9541
9563
9642
9664
9685
9708
9852
9885
9926
10047
10140
10162
10193
10249
10283
10313
10423
10447
10471
10501
10636
10661
10888
10911
10934
10961
11000
11025
11048
11081
11107
11139
11170
11369
11398
11430
11451
11507
11531
11556
11644
