# 1466, 0cd1f9b4a0584567f016b10e8480e61a14667559704573fe18beae11b74944a4.SC2Replay
3250
3279
3304
3325
3357
3380
4071
4095
4123
4145
4166
4276
4303
4327
5549
5946
5979
6005
6033
6061
6084
6115
6593
6639
6663
6701
7112
7478
7539
8008
8032
8066
8107
8139
8178
8204
8226
8676
8708
8792
8816
8838
8907
8999
9020
9044
9068
9143
9169
9198
9219
9241
9263
9289
9320
9403
9471
9494
9526
9570
9594
9635
9672
9704
9758
9868
9893
9990
10012
10096
10176
10197
10541
10755
10777
10822
10845
10873
10896
10925
10948
10970
11010
11033
11072
11126
11151
11174
11195
11225
11253
11279
11304
11342
11371
11409
11481
11519
11547
11571
11592
11613
11640
11693
11720
11766
11957
11978
12002
12098
12134
12158
12187
12222
12251
12274
12309
12331
12352
12384
12412
12438
12534
12580
12620
12644
12701
12725
12789
12824
13146
