# 721, 1795302dec65ded6fc0535972ffd9c1a298afef9b73d6ae154efbb6190cc9908.SC2Replay
3712
3734
3974
4005
4030
4069
4095
4120
4144
4166
4207
4230
4286
4400
4545
4585
4704
4739
4764
4801
4854
5255
5668
5696
5728
5848
5900
5934
6009
6041
6123
6144
6172
6195
6246
6699
6895
6933
7061
7118
7147
7169
7194
7226
7262
7364
7428
7471
7496
7520
7546
7575
7612
7649
7679
7708
7733
7754
7778
7816
7853
7883
7934
7959
7982
8016
8042
8079
8105
8140
8161
8183
8205
8229
8253
8289
8319
8340
8362
8390
8423
8455
8491
8529
8554
8577
8602
8623
8657
8678
8700
8724
10102
10176
10217
10238
10262
10716
10739
10778
10800
10837
10934
10972
11725
12204
12238
12386
12448
12559
12586
12608
12632
12654
12677
12699
12720
12948
12983
13006
13028
13057
13080
13105
13128
13178
13452
13491
13605
13635
13658
13680
13704
13727
13989
14023
14058
14084
14117
14138
14160
14184
14207
14228
14262
14287
14314
14337
14368
14397
14430
14456
14482
14505
14538
14573
14595
14712
14738
14764
14789
14825
14852
14874
14896
14929
14950
14971
14998
15029
15213
15236
15257
15281
15311
15957
15993
16029
16056
16466
16494
16537
16564
16588
18086
18118
18142
18163
19011
19038
19129
