# 1730, 0f93fd391925d4e6bbc474482a2a8cc02be2ab0731750cb50f77960372835e82.SC2Replay
6166
6513
6550
6781
6833
6866
6906
6941
7412
7446
7480
7515
7694
8102
8148
8169
8196
8217
8239
8260
8283
8310
8422
8455
8482
8515
8541
8562
8592
8631
8656
8688
9042
9068
9091
9124
9187
9208
9239
9264
9300
9334
9355
9411
9432
9457
9492
9523
9544
9566
9621
9647
9673
9717
9784
9806
9973
9996
10067
10125
10146
10243
10273
10294
10324
10345
10368
10392
10416
10437
10458
10579
10616
10643
10681
10988
11009
11045
11066
11100
11292
11313
11342
11377
12217
12238
12259
12287
12329
12350
12433
12455
12482
13158
13187
13213
13254
13276
13298
13325
13452
13497
13521
13631
13660
13684
13742
13767
13804
13834
13878
13916
13940
13979
14008
14029
14064
14089
14112
14138
14164
14187
14213
14236
14263
14285
14796
14824
14846
14871
14897
14919
14940
14964
15002
15024
15054
15081
15240
15266
15304
15332
15363
15501
15526
15807
15832
16350
16393
16416
16451
16512
16534
16569
16656
16683
16705
16837
16861
16883
16908
16929
16971
17147
17171
17193
17216
17241
17263
17287
17319
17347
17381
17405
