# 1035, 1aa0186e3b6dcd99cc9f6a264ae4b286bd4541a212f5b8f55190fe4780707b3e.SC2Replay
6584
6672
6693
6719
6770
6794
6819
6849
6877
6899
6922
6963
6988
7016
7044
7067
7090
7115
7142
7169
7206
7240
7269
7305
7328
7356
7383
8426
9124
9159
9181
9240
9271
9297
9335
9378
9401
9435
9456
9478
9501
9537
9620
9871
9894
9916
10967
10998
11035
11069
11091
11114
11137
12471
12503
12527
12558
12595
12620
12758
12785
12815
12986
13009
13038
13059
13083
13109
13133
13157
13180
13215
13242
13264
13285
13625
13766
13787
13827
13849
13876
13899
13921
13982
14017
14052
14086
14285
14744
14767
14800
14821
14871
14895
14934
14966
15007
15029
15052
15077
15107
15145
15173
15205
15226
15624
15663
15698
15720
15741
15770
15791
15825
15850
15925
15959
15980
16043
16064
16085
16128
16152
16185
16295
16327
16356
16380
16410
16434
16469
16493
16530
16556
16586
16607
16628
16660
16684
16709
16822
16862
16883
16908
16985
17017
17044
17065
17093
17131
17154
17191
17271
17306
17327
18048
18072
18101
18123
18144
18196
18225
18249
18272
18294
18390
18600
18623
18659
18696
18724
18756
18777
19012
19037
19073
19099
19331
19468
19516
19547
19572
19593
19614
19635
19659
19687
19720
19752
19777
20263
20293
20323
20353
20391
20416
20442
20475
20498
20521
20555
20589
20615
20646
20673
20694
20716
20741
20879
20900
20921
