# 497, 16623f4208c6f00e973b7d76804c47aa46d51a1292edca6376cddbb27353f490.SC2Replay
3286
9693
9738
9793
9840
10036
10077
10245
10729
10765
10786
10847
10882
10999
13042
13103
13141
13280
13312
13339
13360
13385
13407
13436
13463
13484
13506
13543
13574
13600
13634
13655
13677
13708
13749
14062
14153
14221
14243
14371
14400
14430
14451
14472
14496
14518
14548
14582
14606
14870
14979
15021
15042
15093
15256
15290
15340
15369
15397
15441
15700
15743
15922
15958
15991
16014
16047
16112
16152
16173
16198
16229
16250
16360
16392
16417
16448
16476
16497
16518
16539
16566
16587
16619
16652
16678
16702
16851
16881
17042
17107
17247
17411
17452
17477
17509
17540
17583
17612
17634
17856
17944
18161
18214
18304
18347
18420
18449
18470
18503
18524
18590
18611
18653
18674
18856
18892
18917
18945
18973
19048
19089
19112
19133
19166
19192
19269
19296
19336
19452
19590
19818
19862
19923
19962
19990
20031
20296
20319
20354
21721
21842
21863
21969
22037
22113
22156
22200
22652
22676
22702
22725
22749
22772
22806
22854
23067
23095
23157
23194
23231
23281
23307
23343
23370
23392
23546
23787
23856
23880
24076
24102
24213
24293
24390
24469
24549
24588
24762
24794
25103
25132
25184
25214
25430
25567
25738
25853
26075
26119
26234
26264
26293
26315
26339
26370
26402
26435
26476
26498
26535
26558
26592
26627
26652
26673
26695
26717
26742
26768
26802
26827
26848
26870
26892
26918
26951
26972
26998
27020
27041
27072
27105
27126
27166
27187
27210
27235
27262
27284
27323
27360
27383
27409
27438
27466
27492
27665
27689
27718
27742
27766
27788
27810
27831
27852
27873
27903
27927
27951
27974
27996
28076
28151
28175
28200
28229
28256
28282
28309
28339
28360
28388
28419
28481
28514
28539
28567
28600
28630
28654
28679
28702
28723
28759
28786
28809
28979
29005
29028
29061
29082
29105
29126
29147
29170
29192
29645
29682
29709
31904
31936
31961
31992
32017
32039
32061
32082
32104
32139
32160
32312
32334
32357
32390
32413
32436
32460
32484
32525
32547
32578
32600
32622
32645
32666
32690
32713
32745
32770
32809
32845
32869
32905
32926
32948
32970
32991
33030
33056
