# 1724, 03f01c92056606474abbe62d887ac0ab26e13022e3eefa034e001405341f7417.SC2Replay
4079
4101
4133
4163
4644
4667
4691
4716
4738
4770
4810
7738
7796
7821
7848
7916
8128
8216
8325
8365
8398
8437
8495
8516
8537
8558
8582
8609
8635
8791
8827
8866
8891
8912
8953
8986
9011
9041
9079
9108
9144
9167
9193
9221
9248
9272
9296
9333
9370
9650
9671
9695
9717
9742
9828
9849
9948
10034
10092
10129
10165
10189
10227
10251
10272
10293
10316
10425
10451
10491
10512
10541
10563
10586
10609
10649
10673
10710
10739
10786
11030
11066
11088
11110
11148
11172
11200
11238
11311
11333
11380
11412
11445
11476
11505
11543
11564
11588
11639
11668
11692
11718
11740
12103
12156
12180
12435
12459
12495
12537
12561
12602
12661
12800
12837
12882
12903
12939
12979
13151
13178
13325
13349
13375
13501
13528
13591
13631
13653
13687
13727
13758
13791
13813
13835
13876
13925
13953
13976
13997
14027
14304
14333
14374
14445
14492
14523
14546
