# 740, 1c8153f4978351b19c5fa978eeada626be43834288aa27e89613b769eaebf553.SC2Replay
7845
7889
7922
8041
8262
8647
8749
8833
9652
9677
9710
9739
9765
9788
9815
9845
9871
9895
9919
9942
9973
9994
10019
11918
11948
11974
12047
12068
12089
12110
12144
12171
12200
12522
12543
12690
12738
12918
13189
13225
13272
13294
13329
13363
13384
13411
13434
13464
13485
13508
13547
13569
13592
13690
13885
13907
14090
14186
14218
14239
14260
14634
14670
14699
14728
14759
14788
14818
15214
15241
15273
15303
15468
15502
15533
15555
15578
15603
15625
15648
15676
15697
15730
15755
15781
15813
15835
15861
15900
15992
16014
16036
16067
16092
16123
16153
16181
16212
16240
16272
16310
16347
16385
16426
16464
16485
16506
16542
16565
16587
16610
16639
16676
16697
16728
16758
16786
16807
16828
16849
16881
16917
16945
16983
17008
17036
17076
17097
17121
17146
17172
17198
17222
17249
17270
17292
17320
17353
17384
17410
17441
17464
17500
17523
17555
17576
17604
17645
17670
17706
17741
17767
17794
17824
17846
17868
17890
17913
17943
17977
18016
18040
18071
18092
18113
18142
18163
18193
18214
18235
18256
18287
18311
18337
18364
18390
18416
18453
18493
18528
18552
18588
18611
18633
18669
18694
18717
