# 805, 25bd61a8092c7e6051bba28809fa0d30c060bd0ee2541b36611a71a45c14a342.SC2Replay
3722
3751
3805
3850
4008
4114
4139
4172
4193
4261
4312
4780
4894
5012
5143
5187
5227
5253
5557
5578
5599
5622
5644
5677
5712
5776
5806
5847
5942
6056
6352
6378
6446
6487
6518
6548
6578
6604
6632
6682
6847
6868
6890
6920
6942
7042
7087
7364
7392
7416
7448
7469
7631
7719
7793
8214
8239
8260
8291
8386
8428
8592
8614
8663
8706
8741
8771
8793
8815
8847
8874
8911
8946
9182
9217
9246
9325
9346
9374
9665
9693
9718
9739
10295
10425
10460
10605
10629
10653
10693
10734
10826
10849
10948
11038
11102
11223
11323
11350
11512
11597
11623
11665
11729
11775
11835
11859
11929
12028
12059
12086
12380
12516
12546
12741
12869
12908
12979
13015
13078
13105
13126
13175
13198
13384
13436
13532
13557
13582
13777
13838
13886
13907
13935
13957
14120
14360
14381
14413
14444
14478
14501
14530
14551
14574
14606
14833
14862
14888
14909
14930
14963
15002
15064
15163
15203
15284
15305
15327
15350
15376
16102
16248
16314
16619
16685
16846
16878
17038
17173
17398
17502
17525
17548
17570
17634
17673
