# 1365, 06d75ff91cbbd12024c4a63a24d8e13d2c48604036a698edd9aec8a7c24147ac.SC2Replay
4671
4693
4716
4753
4774
4805
5444
5471
5493
5515
5540
5561
5585
5754
5784
5818
6172
6195
6253
6296
10657
10683
10706
10728
10826
10854
10876
10910
11012
11473
11495
11528
12466
12505
12526
12749
12781
12881
12907
12928
12950
13347
13382
13417
13438
13459
13490
13521
14086
14126
14151
14172
14202
14227
14345
14412
14553
14582
14612
14641
14662
14688
14711
14739
14905
14926
14957
15158
15189
15217
15243
15271
15294
15379
15478
15528
15893
15928
15959
16289
16334
16462
16484
16505
16959
17011
17134
17162
17196
17231
17256
17309
17364
17395
17416
17445
17475
17552
17581
17980
18021
18091
19185
19255
19290
19312
19658
20074
20151
20251
20277
20329
20353
21282
21330
21353
21394
21455
21553
21590
21618
21666
21726
21747
21777
21815
21853
21896
21917
21981
22011
22050
22071
22097
22130
22157
22179
22200
22222
22245
22276
22298
22320
22343
22366
22395
22425
22458
22484
22508
22537
22573
22610
22649
22674
22705
22729
22750
22772
22797
22823
22875
23060
23092
23114
23141
23166
23195
23219
23242
23277
23303
23324
23347
23368
23407
23431
23471
23493
23522
23548
23582
23603
23643
23683
23710
23751
23907
23929
23951
23972
23997
24020
24042
24073
24114
24135
24156
24182
24215
24241
24262
24283
24304
24327
24354
24384
24405
24466
24516
24540
24574
24598
24621
24650
24680
24711
24734
24763
24790
24819
24857
24884
24910
24931
24998
25022
25043
25067
25098
25120
25142
25171
25193
25233
25256
25293
25316
25339
25363
25386
25411
25432
25453
25492
25520
25555
25578
25603
25627
25648
25671
25694
25718
25743
25782
25814
25847
25877
25911
