# 1331, 274ab18ac62c8d150c17fda3c56c3481e99c2ac4da817b0224c4f4bccf43f6b3.SC2Replay
3705
3777
3838
3887
3912
3942
3968
4106
4153
4187
4368
4397
4436
4567
4591
4620
4767
4790
4814
4839
4860
4888
4909
5153
5215
5494
5516
5695
5735
5766
5799
5850
6413
6448
6472
6499
7370
7403
7429
7450
9293
9325
9394
9420
9444
9484
9788
9919
9954
9977
9998
10045
10066
10206
10251
10282
10314
10394
10415
10436
10475
10517
10549
10587
10629
10684
10719
10747
10786
10809
10830
10860
10885
10920
10990
11063
11087
11288
11318
11363
11389
11421
11443
11464
11485
11524
11545
11566
11594
11616
11638
11783
11804
11826
11864
11957
12058
12116
12152
12367
12454
12475
12500
12523
12548
12581
12602
12623
12646
12677
12699
12735
12766
12792
12813
12834
12869
12903
12941
12978
13003
13024
13045
13070
13109
13140
13181
13202
13225
13249
13273
13301
13337
13370
13391
13414
13436
13462
13493
13517
13544
13571
13608
13635
13658
13691
13716
13796
13833
13855
13888
13914
13938
13974
13997
14026
14050
14071
14097
14125
14150
14182
14206
14228
14254
14279
14302
14326
14347
14368
14402
14470
14492
14522
14571
14612
14634
14704
14770
14849
14887
14917
14940
15001
15284
15311
15343
15410
15431
15458
15483
15504
15541
15564
15600
15980
16170
16191
16213
16238
16269
16293
16364
16389
16422
16447
16469
17079
17115
17441
17475
17515
17536
17656
17775
17815
17843
17875
17896
17929
17962
17983
18004
18028
18053
18078
18187
18351
18508
19596
19630
19768
19807
19924
19950
20034
20064
20087
20168
20190
20219
20248
20275
21048
21537
22232
22311
22335
22404
22433
22458
22480
22516
22541
22573
22596
22621
22643
22664
22703
22724
22840
22876
22900
23230
23251
23279
23300
23378
23401
23435
23458
23494
23554
23578
23604
23641
23677
23703
23919
24169
24190
24221
24262
24283
24309
24339
24406
24543
24574
24641
24713
24745
24783
24805
24855
24884
24912
24933
24959
24980
25002
25670
25696
27188
27215
27247
27275
27297
27949
28577
28806
28841
28866
28962
28989
29028
29071
29098
29129
29153
29380
29436
