# 140, 25b08654a7136eb9a60c82c82502dc7579a8471170d2527c26d35791ababdc70.SC2Replay
4171
8484
8525
8556
8580
8602
8631
8654
8681
8707
8740
8761
8785
8806
8845
8877
8908
8969
9003
9031
9052
9073
9100
9125
9256
9403
9424
9454
9494
9517
9539
9560
9583
9618
9642
9665
9698
9730
9753
9790
9829
9850
9888
9915
9946
9968
10253
10291
10376
10402
10443
10468
10498
10533
10801
10830
10851
10885
10913
10945
10971
10996
11017
11053
11077
11112
11228
11251
11277
13744
13776
13981
14019
14045
14279
14302
14471
14497
14881
14932
15036
15107
15149
15207
15569
15598
15637
15688
15737
15791
16159
16203
16232
16258
16716
16739
16763
16797
16827
16854
16875
16914
16961
17190
17224
18010
18207
18228
18258
18292
18317
18339
18360
18389
18413
18434
18487
18722
18743
18764
18785
18815
19824
19985
20044
20071
20096
20132
20156
20189
20215
20242
20264
20316
20337
20370
20409
20446
20467
20488
20514
20552
20602
20640
20667
20690
20718
20755
21285
21321
21344
21384
21417
21452
21473
21531
21565
21591
21624
21645
21667
21688
21709
21735
21758
21780
21836
21869
21892
21937
22130
22154
22222
22346
22455
22492
22531
22571
22608
22639
22668
22698
22755
22777
22847
22874
22903
22985
23006
23035
23268
23293
23332
23364
23400
23442
23464
23485
23522
23543
23584
23608
23850
23871
23895
23918
23958
23996
24131
24225
24259
24295
24320
24342
24781
24811
24980
25032
25057
25091
25126
25147
25169
25191
25220
25276
25318
25340
25406
25464
25512
25536
25557
25578
25633
25736
25767
25930
25951
26008
26041
26100
26125
26151
26182
26206
26231
26252
26280
26317
26343
26367
26410
26484
26505
26526
26555
26580
26606
26635
26665
26714
26750
26773
26800
26828
26853
26896
26967
27017
27051
27115
