# 750, 002d89bc2d3aa4255188eb03e6205ed9634125ebe0a4500f4379c2c1375e6c48.SC2Replay
48
253
322
639
1186
1582
2444
2470
2492
2514
2541
2568
2697
2864
2888
2911
2938
2960
2982
3205
3232
3267
3296
3333
3364
3405
3596
3620
3653
3677
3732
3756
3777
3805
3844
3881
3908
4048
4199
4236
4267
4291
4313
4349
4378
4552
4582
4606
4627
4659
4686
4716
4737
4758
4783
4818
4901
4933
4954
4977
4999
5020
5059
5081
5120
5167
5189
5749
5781
5806
5841
5881
5911
5933
5958
5987
6012
6044
7974
8003
8034
8056
8093
8118
8140
8177
8256
8617
8654
8678
8753
8774
8800
8821
8848
8911
9150
9175
9196
9225
9247
9274
9303
9335
9356
9383
9405
10264
10287
10313
10347
10370
10403
10431
10455
10495
10519
10963
11821
11843
11864
12163
12186
12210
13066
13097
13125
13146
13167
13189
13213
13271
13329
