# 321, 026341d781e6bd7f10475bc519a951e814b8a88d9ccf30b4d4946f60bd3d3562.SC2Replay
5463
5487
5518
5695
5721
5756
5795
5817
5838
5861
5882
5904
5933
5958
5995
6022
6046
6100
6128
6149
6181
6213
6236
6258
6339
6360
6541
6587
6752
6776
6797
6836
6863
6884
6918
7074
7097
7127
7151
7174
7205
7232
8340
8367
8389
8414
8660
8697
8998
9093
9117
9140
9169
9193
9220
9243
9264
9286
9309
9342
9368
9397
9423
9448
9473
9520
9546
9567
9588
9682
9717
9919
9962
9983
10009
10040
10088
10223
10244
10274
10295
10317
10356
10378
10434
10469
10516
10556
10577
10691
10737
10766
10909
10932
11097
11208
11391
12355
12467
12488
12546
12569
12596
12621
12645
12676
12698
12719
12740
12767
12791
12816
12842
12863
12903
12936
12962
12989
13012
13047
13077
13098
13126
13150
13183
13209
13231
13262
13285
13313
13340
13361
13394
13422
13448
13475
13497
13518
13547
13571
13608
13639
13676
13710
13774
13836
13857
14561
14644
14708
14734
14755
14779
