# 794, 05c13a63e68a7922c60f866e37034399f826d02fd68e101972d077517f8f4328.SC2Replay
3587
3620
3643
3665
3687
3710
3837
3877
4257
4298
4325
4346
4533
4557
4584
4605
4627
4660
4687
4979
5004
5026
6913
6955
6976
7011
7050
7090
7120
7144
7258
7508
7539
7567
7603
7635
7674
8804
8830
8854
8875
8896
8934
8963
8991
9013
9042
9079
9103
9126
9163
9196
9303
15104
15134
15239
15279
15335
15440
15479
15518
15570
15853
15895
15956
15979
16034
16055
16111
16148
16189
16227
16258
16313
16590
16628
16661
16721
16787
16823
16860
16889
16939
17022
17048
17091
17131
17162
17194
17228
17262
17283
17336
17383
17412
17452
17681
17730
17755
17784
17815
17875
18129
18169
18224
18247
18271
18319
18371
18400
18425
18468
18491
18545
18627
18689
18727
18756
18803
18850
18875
18950
18973
19028
19065
19087
19111
19154
19191
19220
19245
19288
19841
19882
19919
19947
20006
20029
20053
20079
20131
20159
20182
20247
20512
20540
20694
20716
20769
20804
20832
20874
20897
20944
20973
20999
21055
21128
21176
21208
21460
21483
21508
21550
21579
21616
21657
21686
21720
21762
21807
21833
21872
21898
21934
21966
22002
22041
22103
22130
22172
22194
22217
24459
24487
24633
24695
24720
24747
24866
24915
24997
25031
25058
25112
25149
25272
25293
25316
25356
25408
25446
25488
25509
25534
25560
25583
25615
25638
25695
25719
25760
25813
25846
25869
25917
25954
26030
26065
26087
26133
26169
26689
26726
26762
26791
26844
26905
26926
26959
27008
27071
27093
27115
27136
27170
27224
27289
27311
27359
27383
27433
27642
27673
27753
27780
27808
27831
27853
27886
27928
27954
27977
28010
28032
28060
28105
28128
28159
28192
28231
28262
28287
28386
28415
28447
28472
28535
28568
28599
28640
28668
28694
28749
28781
28811
28839
28874
28976
29015
29052
29121
29171
29203
29234
29261
29307
29336
29461
29499
29543
29564
29613
29640
29662
29686
29709
29772
