# 231, 0a1d831c17de1192bcaa588e917abbb3731305e9c06784a66c8ac039cf2c9385.SC2Replay
4122
4153
4175
4199
4220
4256
4285
4306
4331
4352
4828
4849
4872
4893
4921
4949
4972
4993
5016
5050
5082
5121
5162
5198
5233
5269
5290
5311
5332
5370
5403
5425
5461
10215
10237
10259
11351
11384
11416
11456
11487
11522
11543
11565
11586
12317
12338
13320
13345
13372
13394
13429
13463
13499
13520
13546
13582
13616
13649
13684
13706
13741
13779
13809
13849
13875
13913
13939
13969
13995
14017
14041
14063
14086
14108
14134
14156
14186
14207
14229
14251
14280
14321
15075
15104
15133
15156
15196
15221
15253
15283
15313
15364
15387
15409
15432
15489
15519
15664
15686
15716
15748
15775
15806
15829
15927
16000
16052
16105
16171
16225
16296
16328
16369
16407
16431
16466
16487
16511
16541
16571
16598
16677
16714
16755
16785
16820
16841
16863
16896
16918
16959
16995
17035
17059
17080
17104
17127
17149
17170
17196
17225
17252
17276
17340
17367
17393
17420
17441
17475
17496
17526
17548
17582
17606
17643
17677
17704
17726
17761
17876
17904
17939
17963
17988
18013
18037
18060
18178
18215
18237
18263
18297
18328
18359
18384
18406
18430
18467
18499
18520
18656
18687
18755
18921
18944
18980
19015
19044
19074
19103
