# 1084, 126342bddcdc85c6fa038454e93c4120a573822fbd9d71b95d88ce292c291e33.SC2Replay
7606
7632
7656
7680
9971
9996
10035
10064
10099
10187
10223
10571
10907
10931
11148
11463
11485
11509
11541
11565
11600
11622
11643
11674
11696
11717
11738
11780
11821
11847
11868
11889
11912
11935
11961
12004
12026
12072
12100
12138
12164
12185
12651
12719
12764
12807
12839
13294
13331
13353
13377
13916
13941
13964
13993
14015
14040
14062
14083
14120
14143
14180
14202
14236
14257
14281
14313
14343
14373
14404
14703
14727
14755
14786
14816
14840
14862
14888
14911
14942
14968
14990
15016
15038
15079
15113
15142
15617
15641
15664
15688
15843
15875
16038
16061
16280
16334
16355
16381
16412
16433
16454
16494
16531
16554
16578
16606
16658
16679
16710
16738
16759
16789
16869
16904
16925
16974
16995
17018
17120
17532
17556
17578
17610
17641
17667
17700
17723
17744
17770
17804
17827
17850
17890
17930
17951
17972
17999
18024
18047
18080
18117
18155
18180
18216
18256
18277
18307
18329
18356
18378
18405
18426
18450
18473
18495
18530
18557
18579
18603
18638
18661
18688
18721
18755
18788
18826
18929
19083
19107
19132
19153
19177
19202
19224
19245
19269
19291
19312
19344
19366
19414
19454
19483
19510
19541
19653
19692
19713
19739
19774
19803
19830
19866
19888
19910
19936
19964
20190
20212
20245
20636
20657
20681
20702
20778
20812
20848
20876
21026
21051
