# 1312, 0e6dbc89e154192e834f9852dbb217ac9c14400d265aa35b27f429f30aabf13f.SC2Replay
6496
6523
6558
6593
6641
6667
7625
7657
7685
7767
7797
7824
7851
8622
8682
8771
8801
8823
8845
9024
9053
9106
9221
9243
9264
9289
9319
9346
9370
9398
9729
9864
9965
10014
10036
10058
10186
10222
10258
10285
10323
10383
10481
10502
10528
10776
10802
10826
10857
10887
10923
10946
10967
10989
11075
11144
11195
11218
11376
11403
11432
11784
11814
11839
11939
12160
12186
12213
12235
12263
12285
12307
12343
12374
12418
12510
12541
12567
12595
12651
12680
12716
12766
12800
12919
12942
13049
13091
13120
13195
13230
13282
13516
13605
13630
13654
13681
13712
13741
13778
13809
13844
13871
13903
13941
13963
13985
14007
14028
14060
14085
14122
14157
14190
14211
14248
14277
14305
14341
14368
14390
14414
14440
14465
14504
14525
14555
14577
14612
14644
14668
14692
14726
14752
14781
14803
14827
14855
14887
14910
14940
14980
15016
15042
15063
15112
15135
15175
15275
15298
15324
15361
15729
16059
16446
16472
16561
16601
16682
16705
16792
16836
16882
16921
16946
17075
17115
17341
17378
17401
17424
17446
17478
17643
17753
17802
17870
17907
18016
18828
18954
18975
19001
19027
19068
19093
19114
19140
19161
19194
19242
19270
19336
19372
19437
19473
