# 1729, 215a345d38066cc1caa40a7bd8179f80271898b52485075a400cfdb0b9571b8c.SC2Replay
8750
8771
8794
8816
8837
8873
8894
9193
9216
9243
9315
9343
9370
9393
9414
9502
9526
9551
9613
9638
9660
9686
9707
9728
9749
9774
9802
9832
9853
9880
9901
9923
9957
9980
10329
10352
10384
10424
10462
10485
10756
10777
10800
11141
11206
11228
11267
11294
11319
11344
11366
11388
11416
11444
11465
11495
11519
11637
11678
11699
11733
11767
11795
11817
11844
11883
11924
11950
11977
12012
12037
12062
12087
12115
12151
12183
12204
12226
12248
12271
12302
12324
12347
12381
12418
12439
12462
12486
12665
12694
12724
12751
12772
12795
12835
12868
12890
12917
12952
12981
13003
13033
13056
13079
13111
13136
13159
13197
13221
13256
13278
13312
13333
13359
13384
13406
13427
13500
13535
13559
13580
13613
13647
13669
13699
13722
13745
13766
13799
13994
14023
14046
14068
14090
14125
14150
14180
14202
14225
14249
14271
14298
14324
14377
14413
14452
14580
14605
14626
14647
14683
14704
14730
14762
14791
14814
14931
14969
15014
15044
15084
15127
15148
15201
15246
15309
15361
15394
15418
15447
15476
15497
15609
15742
15763
15799
15832
15859
15910
15960
15990
16018
16039
16183
16225
16278
16311
16333
16363
16393
16415
16437
16462
16485
16506
16819
16846
16883
17283
17387
17476
17950
17974
18014
18050
18077
18101
18127
18167
18188
18225
18248
18269
18292
18314
18684
18706
18734
18808
18898
18956
18992
19016
19058
19128
19161
19235
19283
19496
19842
19872
19941
19964
20002
20032
20063
20101
20140
20178
20238
20266
20300
20323
20352
20373
20399
20428
20485
20538
20560
20622
20763
20964
20986
21300
21334
21379
21409
21452
21474
21509
21535
21565
21591
21616
21638
21659
21690
21731
21771
21792
21815
21842
21863
21897
22110
22150
22171
22199
22222
22252
22279
22698
22721
22746
22773
22956
22983
23004
23025
23046
23082
23111
23133
23165
23203
23233
23255
23294
23401
23434
23457
23496
23524
23546
23569
24039
24065
25177
25295
25316
25342
25374
25400
26595
26619
26650
26683
26708
26733
26759
26787
26827
26863
26937
27567
27611
27641
27666
27693
27727
27759
27786
27817
27839
27865
27889
27917
27940
27968
27992
28017
28618
28654
28905
28930
28952
28979
29011
29261
29289
29313
29337
29372
33080
33105
33563
33598
33625
33651
33781
33802
34142
34163
34197
34220
34488
34510
34532
34560
34591
34615
34652
34689
34865
34887
34910
34932
34960
36695
36717
36747
36772
37363
37386
37416
37454
37480
37503
37535
