# 1598, 2253aa3500e7f61eaa16e42f8c9943fc10b5b9b9b8850fd8ee9c45a0594f538d.SC2Replay
3376
4014
4037
4058
4087
4112
4145
4175
4200
4224
4250
4276
4297
4318
4840
4861
4884
4916
4938
4977
5003
5031
5095
5119
5148
5170
5195
5220
5243
5352
5375
5788
5828
5854
5876
6032
6060
6084
6110
6150
6171
6193
6219
6249
6271
6311
6346
6671
6693
6715
6737
6760
6782
6804
6825
6852
6875
6897
6931
6952
6978
7019
7259
7280
7304
7329
7359
7660
7687
7709
7744
7767
7803
7842
7869
7890
7923
7945
8380
8401
8445
8840
8871
8893
8923
8952
8981
9021
10083
10112
10149
10170
10191
10389
10414
10435
10543
10564
10598
10622
10645
10667
10689
10761
10793
10829
10850
11088
11113
11134
11253
11281
11306
