# 1727, 0a487a845fdf6507ff9628c89fc99d54a8c0ca188799fee8c387ed8da2cc5c0e.SC2Replay
7027
7052
7079
7118
7142
7164
7189
7210
7232
7255
7284
7305
8197
8221
8247
8277
8315
8347
8988
9009
9035
9072
9108
9141
9169
9206
9230
9258
9298
9336
9362
9389
9411
9438
9472
11346
11370
11393
11422
11463
11494
11530
11552
11582
11614
11639
11661
11693
11714
11742
11772
11811
11834
11994
12022
12058
12085
12106
12132
12169
12198
12280
12304
12380
12408
12444
12483
12518
12557
12581
12671
12697
12727
12765
12787
12873
12895
12918
13005
13053
13076
13114
13136
13160
13181
13217
13246
13305
13328
13352
13381
13404
13425
13449
13563
13588
13718
13935
14006
14116
14146
14179
14225
14383
14414
14437
14462
14484
14510
14536
14559
14598
14632
14659
14695
14733
14759
14780
14814
14838
14859
14881
14911
14938
14970
14993
15015
15036
15077
15121
15160
15187
15222
15248
15280
15316
15353
15381
15404
15427
15455
15488
15515
15548
15585
15618
15644
15677
15709
15738
15768
15801
15834
15868
16279
16391
16419
16454
16479
16503
16529
16568
16597
16625
16655
16687
16708
16729
16769
16793
16832
16864
16892
16915
16937
16968
16995
17033
17067
17101
17472
17518
17552
17843
17867
17888
17929
17951
17972
18005
19616
19681
19703
19771
19801
19822
19843
19899
19929
