# 226, 01e28ff72156f32cad1aed2b599e3edf8978e514cf61313081dca84c72def791.SC2Replay
3593
3633
3655
3691
3719
4280
4309
4343
4368
4407
4574
4614
4648
5135
5157
5180
5220
5267
5416
5442
5809
5837
5866
5897
5937
5958
7044
7066
7387
7424
7450
7505
7530
7561
7634
7656
7683
7704
7727
7761
7788
7812
7837
7867
7901
7933
8137
8419
8443
8469
8502
9013
9054
9139
9161
9221
9244
9269
9291
9314
9341
9372
9400
9432
9453
9499
9528
9558
9580
9608
9769
9931
9961
9999
10021
10054
10075
10174
10213
10271
10293
10338
10367
10390
10422
10446
10630
10987
11023
11123
11198
11221
11255
11316
11354
11383
11439
11463
11485
11525
11559
11601
11684
11707
11728
11758
11781
11802
11833
11924
11967
11998
12030
12051
12087
12142
12164
12196
12225
12248
12269
12292
12314
12342
12395
12595
12620
12641
12663
12744
13220
13272
