# 955, 1edb27ece5b8d417c12516a3ea386242e84ee892e0a0195eee0fd3bc2c42f750.SC2Replay
4387
4504
4543
4568
4597
4629
4657
4692
4952
4979
5005
5460
5486
5510
5540
9927
9949
9974
9995
10016
10265
10303
10338
10371
10403
10428
10451
10473
10503
10525
10547
10576
10603
10630
10663
10696
10724
10823
10844
10877
10906
10930
10963
10989
11068
11098
11126
11147
11179
11219
11248
11273
11296
11318
11350
11374
11399
11438
11478
11515
11538
11563
11586
11618
11652
11687
11719
11742
11774
11803
11834
11857
11878
11906
11934
11967
11991
12022
12048
12074
12104
12138
12163
12184
12459
12584
12624
12660
12701
12738
12774
12805
12827
12848
13324
14531
14557
14580
14609
14630
14652
14681
14721
14747
15082
15121
15151
15173
15208
15230
15251
15287
15317
15352
15378
15405
15445
15475
15509
15535
15576
15602
15635
15666
15687
15709
15746
15770
15792
15814
15838
15863
15885
15906
15932
15958
15985
16012
16041
16074
16107
16189
16607
16633
16688
17005
17028
17050
17122
17164
17188
17214
17250
17277
17300
17324
17528
17552
17583
17610
17649
17671
17698
17733
17770
17801
17830
17911
17946
17969
17990
18015
18039
18091
18112
18149
18176
18211
18235
18256
18289
18317
18344
18384
18424
18446
