# 1671, 1d8f5eeea570e38f055fca36c0e5d74c15a7fcc5dd78e602e606385475713389.SC2Replay
6559
6599
6624
6657
6842
6878
6918
6942
6976
7000
7035
7060
7091
7326
7347
7381
7415
7474
7540
7570
7600
7625
7652
7675
7833
7873
7902
7926
7948
7977
8224
8297
8339
8381
8422
8446
8501
8522
8822
8851
8878
8901
8958
8980
9011
9047
9097
9136
9158
9179
9211
9245
9270
9300
9341
9368
9389
9411
9536
9559
9585
9606
9627
9650
9672
9695
9718
9743
9776
9802
9823
9852
9873
9907
9940
9977
10004
10035
10093
10119
10141
10177
10227
10248
10269
10290
10311
10343
10502
10524
10563
10584
10631
10657
10787
10808
10835
10864
10885
10911
10940
10980
11004
11025
11065
11097
11121
11151
11177
11215
11245
11278
11427
11481
11507
11610
11638
11679
12491
12558
12582
12764
12787
12813
12841
12934
13013
13051
13303
13368
13394
13472
13501
13673
14127
14150
14206
14237
14272
14302
14543
14570
14597
14631
14664
14704
14730
