# 1191, 019cd796f25b7a8b30efe4e704767707a16bcdd44ca86e621ebcbde62f1310b7.SC2Replay
7915
7973
8014
8086
8161
8195
8224
8246
8306
8567
8644
8665
8714
8737
8790
8834
8874
8896
8944
9012
9048
9070
9094
9168
9199
9246
9301
9328
9524
9547
9585
9624
9645
9678
9740
9805
9826
9849
10016
10063
10121
10151
10243
10268
10308
10335
10376
10465
10490
10524
10553
10843
10895
10959
10985
11023
11045
11087
11329
11380
11416
11531
11574
11652
11700
12201
12273
12333
12378
12437
12466
12624
12724
12766
12798
13236
13278
13404
13427
13469
13513
13589
13656
13694
13717
13749
14419
14483
14549
14613
14634
14695
14762
14812
14894
14927
14951
14983
15976
16005
16034
16060
16091
16115
16160
16195
16222
16252
16288
16316
16349
16380
16406
16443
16471
16495
16522
16562
16587
16614
16636
16662
16683
16704
16725
16756
16790
16814
16899
16960
16985
17011
17102
17132
17188
17242
17284
17305
17338
17423
17486
17537
17567
17608
17633
17707
17734
17772
17838
17916
17953
17986
18018
18050
18077
18109
18130
18179
18275
18339
18383
18441
18483
18504
18545
18576
18621
18665
18692
18721
18839
19057
19087
19145
19170
19776
20080
20133
20164
20199
20236
20282
20303
20331
20352
20465
20492
20530
20555
20595
20629
20663
20714
20737
20799
20835
20863
20887
20992
21020
21041
21066
21263
21614
21646
21669
22015
22246
22461
22512
22561
22600
22670
23198
23229
23262
23283
23307
23336
23396
23450
23562
23588
23612
23728
23791
23821
23877
23904
23933
23963
23989
24011
24048
24092
24216
24298
24352
24393
24444
24493
24572
24593
24626
24650
24689
24725
24920
25001
25029
25065
25116
25157
25179
