# 1325, 288ef37a59871dfdc351966d6160227ae29d719cf24185f5b4aa201e9c3a1951.SC2Replay
7334
7370
7440
8230
8349
8986
9019
9450
9514
10282
10438
11411
11685
12490
12522
12553
12579
12613
12644
12676
12711
12796
12829
12918
13014
13035
13068
13090
13120
13141
13162
13183
13204
13234
13259
13284
13313
13341
13381
13421
13451
13474
13509
13537
13558
13599
13629
13652
13691
13714
13736
13776
13803
13831
13853
13877
13907
13929
13959
13986
14008
14031
14059
14083
14111
14139
14173
14207
14230
14382
14446
14477
14505
14529
14550
14572
14606
14638
14662
14684
14716
14739
14774
14810
14839
14874
14895
15567
16226
16251
16313
16886
16920
17244
17266
18603
18826
18850
19168
19267
19850
19944
19968
20487
20543
20609
20675
21034
21090
21114
21137
21167
21195
21218
21243
21264
21299
21320
21341
21362
21384
21405
21426
21460
21483
21558
21653
21693
21755
21776
21800
21885
21908
21933
22075
22126
22150
22181
22209
22231
22253
22311
22339
22380
22403
22424
22458
22479
22517
22555
22580
22607
22631
22677
22699
22721
22745
22769
22810
22836
22857
22878
22899
22929
22965
23004
23027
23063
23104
23133
23164
23203
23224
23249
23281
23306
23328
23351
23372
23395
23429
23468
23491
23519
23540
23566
23604
23638
23798
23821
23854
23878
23915
23941
23965
24001
24034
24056
24080
24101
24127
24149
24176
24200
24235
24270
24298
24320
24342
24367
24396
24428
24455
24488
24516
24543
24567
24599
24628
24654
24676
24707
24735
24765
24794
24825
24858
24881
24911
24941
24973
24994
25015
25037
25058
25083
25104
25125
25161
25202
25226
25250
25289
25310
25347
25368
25391
25413
25434
25471
25511
25544
25585
25610
25635
25657
25692
