# 1818, 0fece5c8230c97b3c1c3c113c09991b24e39aa697c0acb6375d2e263479fc18a.SC2Replay
3673
3849
3870
4177
4811
4881
4906
4939
4966
4989
5020
5109
5140
5161
5227
5248
5270
5300
5322
5343
5372
5433
5457
5487
5600
5738
5762
5787
5822
5851
5872
5985
6011
6039
6508
6529
6550
6616
6642
6676
6919
7033
7054
7075
7096
7148
7178
7358
7385
7411
7434
7458
7494
7519
7556
7577
7608
7631
7673
7728
7755
7786
7820
7859
7893
7916
7952
7984
8080
8102
8131
8159
8185
8206
8240
8279
8312
8338
8370
8392
8421
8447
8471
8498
8520
