# 1288, 0f950f16c6c1447b077905d6da3016f1a83ea9ac5f4272ec4e6b4a5b276ad3e8.SC2Replay
3803
3915
3989
4092
4316
4433
4454
4545
4639
4667
4792
4873
4964
5069
5165
5384
5440
5577
5620
5647
5670
5693
5728
5757
5788
5810
6057
6091
6122
6164
6190
6231
6258
6297
6325
6401
6426
6602
6717
6766
6801
6888
7056
7080
7110
7133
7160
7219
7240
7261
7291
7336
7363
7394
7421
7445
7478
7525
7547
7571
7592
7614
7648
7704
7726
7817
7840
7861
7882
8097
8143
8179
8719
8745
8779
8855
8878
8899
8932
8958
8991
9019
9041
9064
9086
9109
9138
9163
9201
9240
9264
9341
9404
9667
9854
9986
10036
10102
10137
10164
10196
10318
10354
