# 1592, 0dc1564f46429ec1bab10c37906003e555358390698b2930b2ef6847e9183cab.SC2Replay
4463
4495
4519
4542
4565
4919
5155
5181
5209
5233
5254
5282
5411
5479
5546
5568
6046
6257
6322
6422
6909
7090
7499
8069
8640
8695
8741
8770
8834
8902
8939
8960
8996
9017
9038
9065
9099
9122
9180
9201
9234
9273
9294
9328
9365
9402
9425
9446
9479
9509
9531
9552
9945
10462
10503
10554
10824
11101
11161
11193
11215
11237
11259
11286
11313
11339
11630
11687
11710
11736
11808
11829
11937
11976
11998
12035
12073
12107
12139
12178
12200
12231
12266
12301
12324
12363
12399
12430
12505
12573
12609
12633
12662
12693
12721
12747
12770
12798
12820
12908
12942
12965
12986
13007
13029
13060
13173
13204
13231
13270
13324
13357
13384
13405
13426
13451
13489
13512
13533
13560
13598
13633
13657
13681
13702
13723
13815
13836
13888
14046
14161
14708
14852
14980
15013
15034
15060
15104
15568
15592
15614
15635
15688
15753
15785
15809
15848
15871
15905
15935
16017
16039
16061
16107
16131
16483
16510
16538
16570
16594
16622
16679
16718
16988
17015
17036
17060
17098
17121
17142
17175
17197
17412
17433
17467
17497
17521
18286
18622
18647
18680
18719
18740
18763
18802
18831
18859
18886
18925
