# 257, 04847d4899b3d314d82ff878fca2d990f7d2b9145ff875c363e82960b92a6b3b.SC2Replay
3870
3893
4391
4412
4613
4634
4759
4879
6956
6978
7002
7023
7048
7223
7260
7284
7313
7504
7728
7751
7779
7802
7830
7853
7882
7920
7942
7965
7993
8026
8052
8108
8134
8174
8213
8250
8593
8618
9469
9504
9531
9777
9830
9925
9948
9981
10007
10835
10859
10884
10905
10928
10958
10990
11026
11056
11077
11102
11127
11168
11194
11220
11243
11268
11289
11314
11340
11361
11394
11418
11443
11469
11500
12280
13199
13526
13557
13635
13773
13838
13859
14296
14375
14419
14761
14784
15311
15371
15411
15473
16200
16234
16270
16303
16328
16353
16550
16727
17123
17145
17178
17215
17243
17304
17348
17379
17419
17450
17481
17508
17532
17619
17646
17669
17695
17722
17865
17886
17995
18054
18115
18137
18164
18304
18350
18373
18396
18417
18439
18509
18584
18611
18642
18665
18701
18728
19153
19174
19196
19220
19242
19269
19297
19329
19352
20239
20461
20483
20506
20530
20552
20574
20599
20621
20952
20990
21011
21040
21061
21082
21104
21128
21149
21170
21257
21310
21433
21795
21874
21906
21960
21989
22129
22157
22194
22257
22539
22577
22608
22629
22652
22676
22717
22746
22770
22791
22812
22837
22859
22880
22910
22933
22963
22991
23036
23057
23078
23106
23140
23180
23201
23240
23283
23309
23363
23420
23447
23476
23510
23532
23553
23574
23600
23621
23643
23669
23697
23722
23744
23799
23847
23878
23998
24035
24065
24133
24169
24191
24250
24274
24308
25407
25442
25496
25531
25570
25611
25671
25708
25769
25793
25827
25962
26008
26045
26135
26551
26687
26780
26864
26900
26934
26977
27704
27729
27777
27798
27972
28014
28218
28569
28714
28751
28775
28798
28830
28858
28924
29007
29073
29113
29142
29216
29244
29266
29290
29315
29336
29358
29382
29465
29488
29509
29532
29572
29596
29626
29659
29682
29703
29725
29760
29781
29804
29839
29861
29894
29918
29996
30057
30112
