# 943, 2a0d87cb4198fd58a8e9ab03a32ab5682fac3f238957f67a72243aef2a756b76.SC2Replay
3989
4146
4170
4201
4222
4243
4277
4402
4434
4501
4523
4544
4938
5049
5073
5094
5131
5167
5417
5438
5464
5486
5517
5538
5559
6223
6248
6285
6308
6329
6457
6498
7260
7421
7456
7485
8149
8783
8821
8955
9055
9084
9114
9147
9169
9288
9315
9337
9364
9402
9429
9452
9475
9510
10445
10466
10719
10803
10834
10860
10882
10904
10925
10983
11036
11077
11106
11128
11156
11177
11198
11220
11279
11302
11337
11361
11386
11417
11438
11561
11586
11626
11664
11690
11744
11773
11800
11826
11939
11960
12003
12031
12066
12090
12112
12279
12301
12432
12469
12523
12576
12598
12692
12738
12762
12788
13596
13624
13645
13677
13703
13727
13748
13769
13792
13815
13858
14031
14052
14251
14284
14323
14356
14381
14412
14433
14647
14851
14882
14909
14930
14973
15045
15067
15091
15112
15153
15182
15273
15295
15427
15480
15512
15540
15592
15622
15645
15678
15703
15731
15944
15965
16018
16052
16073
16096
16122
16152
16185
16211
16251
16286
16335
16375
16396
16424
16449
16554
