# 1609, 1138eb686e357d594781f11b8484a7e7cafbaca67c173ae8e998e6681adc2cfb.SC2Replay
3730
3751
3916
3972
4030
4059
4081
4104
4129
4169
4192
4225
4263
4494
4548
4569
5374
5397
5427
5452
5490
5619
5681
5809
5844
5889
6460
6483
6599
6742
6766
6818
6843
6867
6891
6922
6943
6968
6998
7024
7054
7132
7157
7266
7291
7320
7406
7440
7502
7531
7554
7578
7750
7943
8136
8163
8193
8214
8235
8269
8307
8335
8360
8386
8407
8439
8481
8503
8531
8557
8585
8608
8634
8656
8681
8708
8731
8754
8775
8796
8833
8854
8877
8908
8932
8957
8982
9005
9028
9055
