# 1726, 2139db4351a94796e3cc815f8814d675a0c8cc6eb2d5d9ecf7b54273a100dbe4.SC2Replay
3724
7845
8213
8235
8993
9014
9044
9065
9086
9112
9403
9424
9446
9620
9642
9675
9696
9720
9750
9772
9793
9827
9848
9869
9890
9914
9943
9972
9997
10019
10071
10092
10126
10147
10168
10204
10225
10397
10433
10458
10481
10504
10525
10547
10571
10592
10629
10655
10696
10737
10758
10779
10801
10823
10845
10871
10903
10987
11011
11034
11066
11094
11122
11143
11177
11198
11235
11256
11676
11706
11743
11765
11798
11831
11869
11890
11911
11938
12724
12858
12910
12963
12990
13035
13059
13087
13736
13757
13780
13803
13939
13960
13987
14012
14039
14078
14117
14143
14171
14196
14237
14258
14283
14305
14343
14366
14388
14417
14456
14483
14510
14622
14646
14675
14698
14724
14760
14824
14845
14867
14905
14931
14956
14977
15001
15037
15066
15096
15123
15145
15404
15442
16197
16218
16239
16264
16285
16325
16348
16369
16390
16411
16971
16997
17024
17049
17070
17093
17123
17144
17180
17216
17252
17276
17297
17323
17344
17366
17401
17442
17654
17676
17702
17728
17759
17791
17818
17849
17884
17906
18065
18092
18129
18150
18177
18302
18326
18364
18389
18412
18448
18481
18504
18539
18571
18601
18626
18930
18958
18987
19009
