# 259, 1aea4200c2f5275439ac82d2906bd278477733b5375125df3ed84739a9d6f863.SC2Replay
9171
9207
9233
9271
9299
9321
9355
9990
10015
11088
11114
11140
11164
11187
11228
11265
11288
11317
11344
11372
11393
11422
11443
11467
11491
11524
11555
11590
11612
11636
11657
11678
11700
11721
11747
11769
11790
12753
12774
12910
13117
13615
14265
14286
14307
14330
14367
14404
14432
14526
14554
14583
14604
14625
14657
14678
14701
14722
14751
14781
14806
14833
14963
14994
15024
15046
15111
15134
15162
15183
15204
15233
15272
15300
15343
15381
15402
15821
15862
15897
15944
16019
16045
16071
16130
16155
16176
16201
16237
16262
16327
16355
16389
16414
16453
16485
16507
16568
16604
16625
16662
16683
16711
16736
16773
16799
16829
16862
16883
16911
16945
16968
17001
17031
17061
17087
17112
17133
17162
17189
17221
17246
17273
17294
17316
17343
17376
17432
17454
17476
17498
17519
17540
17576
17601
17627
17655
17676
17711
17734
17757
17779
17800
17822
17844
17921
17959
17980
18002
18032
18055
18088
18120
18155
18177
18201
18223
18300
18340
18372
18401
18429
18450
18474
18500
18522
19121
19144
19166
19187
19220
19251
19317
19455
19591
19623
19644
19670
19711
19738
19763
19791
19825
19846
19873
19901
19935
19969
20001
20037
20059
20080
20101
20133
20170
20192
20213
20235
20261
20296
20334
20366
20388
20416
