# 1661, 0b63ae0c73f2d47c51d091a4a057a93b8961b289275161ec144957f6e5a02f2d.SC2Replay
3692
4279
4304
4326
4353
5249
5276
5302
5325
5355
5740
5761
6391
6443
6464
6527
6548
6571
6592
6624
6654
6751
6773
6797
6827
6849
6888
6909
6941
6981
7010
7220
7242
7263
7284
7309
7365
7386
7407
7628
7656
7974
7999
8032
8063
8089
8176
8206
8231
8483
8528
8554
9052
9356
9394
9418
9447
9468
9490
10531
10561
10582
10761
10782
10803
11227
11249
11281
11302
11323
11558
11591
11627
11653
11744
11772
11794
11826
11856
11884
11905
11933
12020
12191
12230
12251
12274
12303
12342
12379
12400
12428
12454
12477
12510
12537
12568
12590
12614
12652
12674
12744
12774
12798
12839
12863
12897
12926
12948
12973
12994
13023
13059
13082
13108
13131
13154
13178
13200
13221
13251
13285
13306
13337
13378
13410
13432
13453
13480
13518
13540
13565
13591
13613
13638
13672
13697
