# 786, 0cbaf7aca9c2b6c8e9bbd9c6716be0cafcb14c811f00c38c3c583928bdafd926.SC2Replay
4274
4303
4337
4358
4727
6090
6117
6144
6165
6270
6293
6319
6351
6465
6592
6614
7619
7642
7663
7719
7748
7773
7798
7822
7845
7894
7924
7951
7990
8014
8035
8073
8110
8135
8165
8276
8297
8319
8342
8381
8447
8475
9248
9300
9327
9383
9411
9564
9585
9631
9663
9756
9785
9808
9834
9857
9911
9963
9984
10027
10094
10478
10563
10624
10657
10702
10734
10794
10820
10851
10889
10911
10943
10970
10999
11028
11053
11076
11114
11135
11182
11264
11324
11359
11402
11425
11460
11482
11537
11594
11893
12030
12053
12111
12212
12374
12409
12430
12451
12472
12493
12588
12612
12651
12768
12873
12989
13235
13258
13282
13443
13482
13523
13562
13755
13787
13812
14034
14091
14250
14273
14369
14515
14582
14785
14907
15290
15423
15445
15777
15930
15974
16004
16039
16126
16249
16372
16877
16967
16993
17095
17118
17139
17166
17199
17235
17268
17304
17334
17410
17431
17461
17482
17512
17536
17567
17589
17610
17651
17674
17700
17737
17773
17803
17833
17854
17878
17901
17926
17963
17985
18010
18032
18054
18094
18122
18154
18227
18252
18289
18318
18342
18369
18393
