# 1569, 2af8fed36287722ae03b3c40bab7a0f656bce1b1f441d8af9d0dab1386352e40.SC2Replay
2665
2693
2714
2735
2822
2843
2871
3605
3627
3657
3681
3704
3729
3769
3790
3812
3834
3872
4793
4826
4847
4885
4919
4940
4963
4987
5008
5029
5051
5082
5103
5128
5168
6071
6121
6143
6793
6870
7374
7481
7520
7546
7577
7606
7928
7988
8039
8119
8158
8188
8217
8252
8276
8351
8372
8574
8640
8661
8682
8704
8729
8754
8791
8819
8840
8862
8884
8906
8930
8959
8981
9009
9030
9053
9078
9100
9121
9157
9193
9214
9237
9270
9292
9314
9337
9375
9400
9423
9445
9470
9509
9539
9563
9793
9815
9839
9900
9927
9951
9976
10563
10586
10620
10646
10669
10698
10727
11146
11379
11417
11457
11480
11505
11546
11713
11779
12023
12055
12370
12391
12419
12643
12718
12756
12783
12817
12843
12871
12932
12954
13323
13356
13459
13482
13511
13547
13573
13612
