# 1171, 1e1eec23b90e4f02e4eb0c7029cbb8da9cb89eba0990aff5086b55c8a5c297f2.SC2Replay
5242
5265
5301
5419
5456
6130
6163
6267
6297
6318
7304
7328
7350
7373
7394
7425
7446
7475
7499
7524
7545
7930
7962
7984
8006
8037
8075
8110
8134
8193
8217
8258
8293
8322
8358
8398
8419
8649
8671
8706
8738
8759
8790
8828
8849
8872
9533
9563
9594
9620
9647
9688
9709
9731
9768
9791
9815
10277
10305
10613
10635
10657
10782
10804
10843
11017
11043
11450
11473
11501
11561
11585
11606
11639
11661
12232
12283
13150
13176
13199
13324
13416
13486
13510
13539
13565
13587
13841
13868
13893
14026
14142
14164
14187
14435
14459
14499
14537
14572
14606
14627
14649
14670
14691
14713
14735
14767
14789
14810
14831
14865
14887
14922
14943
14978
15006
15046
15081
15102
15127
15165
15197
15230
15266
15293
15320
15357
15398
15427
15450
15471
15499
15527
15548
15583
15612
15647
15673
15694
15716
15748
15791
15812
15851
15880
15904
15940
15962
15988
16027
16051
16072
16093
16146
16181
16204
16246
16269
16299
16339
16362
16388
16428
16459
16482
