# 1045, 24e8bd3caf2e72f7418baf8fab65f62c25cf8db20a7c8952978730f8a758746e.SC2Replay
6652
6676
6725
6859
6881
6984
7024
7049
7072
7098
7121
7142
7173
7372
7405
7427
7465
7492
7515
7543
7572
7603
7634
7663
7687
7708
7731
7894
8081
8107
8128
8164
8207
8237
8263
8318
8360
8387
8422
8445
8574
8606
8632
8740
8763
8784
8808
8838
8866
8901
10832
10859
10899
10938
10975
10996
11028
11061
11138
11313
11404
11428
11456
11483
11515
11542
11563
11622
11648
11673
11697
11718
11739
11780
11820
11853
11875
11904
11944
11981
12026
12051
12085
12137
12168
12195
12236
12268
12290
12320
12360
12388
12441
12464
12497
12546
12570
12976
13008
13623
13655
13697
13861
13893
13918
13943
14066
14669
14690
15444
15484
15510
15531
15552
15585
15614
15637
15659
15753
15775
15807
15840
15871
15902
15928
15965
15987
16017
16056
16082
16119
16140
16164
16202
16225
16279
16304
16343
16374
16401
16448
16481
16513
16534
16555
16783
16806
16832
16869
16892
16924
16964
16986
17007
17093
17129
17156
17177
17198
17286
17318
17345
17381
17412
17447
17478
17515
17539
17560
17585
17607
17629
17654
17676
17698
17725
18054
18076
18097
18167
18196
18748
18808
18931
18959
18984
19019
19045
19085
19109
19143
