# 567, 14370e1d443e4e8b1be66aa967d6d13ebeddfc1aeb1af05b8d70df47ae904e6e.SC2Replay
2982
3010
3112
3175
3276
3311
3370
3393
3421
3469
3545
3580
3619
3649
3707
3753
3789
3973
3994
4025
4339
4368
4399
4430
4458
4518
4552
4573
4595
4628
4665
4698
4720
4779
5096
5146
5184
5210
5233
5294
5320
5351
5383
5567
6237
6284
6313
6447
6484
6597
7259
7297
7325
7353
7377
7398
7425
7526
7547
7569
7932
7978
8391
8454
8518
8554
9523
9881
9902
9930
9968
9989
10020
10049
10204
10240
10268
10297
10326
10352
10417
10439
10482
10512
10545
10887
10924
10970
11194
11217
11245
11271
11300
11321
11351
11372
11408
11547
11571
11640
12704
12745
13374
13399
13442
13477
13645
14013
14043
14100
14153
14176
14203
14244
14389
14424
14452
14493
14547
14580
14631
14676
15204
15254
15278
15311
15337
15372
15409
15441
15467
15495
15525
15550
15571
15612
15634
15656
15691
15718
15742
15769
15791
15814
15835
15864
15898
15929
15967
15988
16015
16041
16062
16097
16122
16148
16183
16217
16238
16261
16287
16407
16434
16458
16481
16509
16535
16559
16590
16941
