# 25, 002b6f0395b08f21eecdf427fcc84ed758c9fdd7cf6de30c50ec4ca28c41cf93.SC2Replay
4647
5518
5981
6003
6031
6066
6245
6266
6362
6709
6831
7086
7136
7266
7287
7481
7502
7578
7599
7640
7662
7693
7716
7738
7762
7784
7808
7846
7899
7928
7959
7985
8018
8058
8084
8118
8140
8168
8215
8237
8261
8292
8313
8350
8373
8395
8417
8443
8467
8501
8543
8585
8608
8633
8659
8681
8709
8731
8766
8956
8988
9014
9037
9068
9104
9125
9147
9170
9209
9243
9264
9299
9320
9407
9507
9550
9581
9615
9652
9776
9798
9841
9934
10017
10043
10180
10225
10303
10342
10378
10403
10443
10488
10528
10647
11003
11046
11075
11096
11150
11443
11483
11507
11533
11561
11592
11616
11640
11667
11690
11711
11735
11757
11784
11805
11826
11854
11886
11970
12003
12088
