# 669, 1519b873933da98a5fc2968022ef996fc68b803eb808a49175dad90874cdf7e4.SC2Replay
3827
3851
3948
3981
4002
4046
4262
4287
4309
4349
4381
4405
4476
4536
4563
4584
4606
4639
4693
4724
4745
4791
4838
4885
4918
4963
5021
5047
5091
5194
5246
5277
5301
5335
5379
5410
5432
5457
5490
5512
5533
5559
5582
5619
5647
5677
5700
5721
5755
5784
5857
5892
5950
5995
6046
6078
6154
6649
6685
6707
6760
6783
6824
6848
6880
6912
6935
6979
7205
7237
7278
7302
7369
7426
7458
7490
7538
7600
7624
7684
7747
7775
7801
7883
7917
7958
7984
8006
8038
8100
8130
8153
8203
8379
8418
8456
9056
9371
9392
9437
9470
9510
9540
9563
9608
9666
9727
9778
9799
9829
9850
9886
9908
9932
9956
9977
9999
10038
10078
10114
10148
10179
10209
10236
10257
10278
10305
10329
10357
10396
10429
10461
10485
10550
10575
10596
10627
10663
10693
10720
10751
10778
10808
10836
11614
11653
11677
11709
11749
11778
13375
13406
13428
15248
15282
15334
15361
15396
15432
15647
15680
15701
15722
15753
