# 401, 26d36bea781904a81779d5f6f8558183a9ad1875313f41902734a71f2e2b8f6a.SC2Replay
6711
6733
6754
6782
7418
7439
7466
7489
7511
7769
7797
7818
7839
8061
8086
8337
8359
8381
9052
9079
9168
9215
9421
9466
9567
9588
9609
10743
10764
10800
10837
10987
11026
11184
11467
11496
11534
11562
11590
11735
11767
11789
11876
11914
11935
11964
11992
12020
12049
12071
12107
13396
13427
13455
13503
13524
13545
13567
13600
13621
13646
13916
14144
14204
14301
14338
14712
14760
14794
15207
15241
15414
15496
15525
15549
15596
15654
15781
15812
15833
15854
15875
15896
15921
15959
15999
16021
16043
16075
16997
17027
17424
17647
17674
17700
17740
17771
17816
17838
17871
17895
17933
17973
18000
18022
18046
18067
18105
18146
18172
18201
18226
19518
19546
19577
19599
19628
19649
19670
19704
19736
19765
19787
19815
19837
19938
20191
20223
20255
20279
20304
20326
20350
20921
20945
20975
21000
21034
21411
21434
21455
21479
21512
21533
21557
21583
21611
21635
21667
21707
21976
22005
22040
22102
22128
22166
22518
22539
22565
22590
22617
22644
22669
22704
22736
23249
23276
23302
23342
23374
23411
23432
23453
23574
23595
23646
23668
23709
23734
23770
23811
23949
23982
24004
24029
24052
24165
24205
24345
24383
24406
24440
24465
24503
24531
24556
24585
24610
24634
24659
24707
24730
24782
24811
24863
24892
25024
25050
25071
25094
25115
25140
25236
25264
25285
25306
25330
25361
25396
25417
25487
25512
25544
25571
25593
25616
25642
25676
25717
25738
25770
25792
25817
25854
25889
25920
25949
25973
25997
26032
26054
26093
26126
26152
26177
26211
26235
26256
26287
26308
26333
26354
26417
26446
26483
26520
26541
26575
26597
26620
26643
26667
26692
26723
26745
26766
26794
26822
26844
26865
26902
26930
26954
26976
27002
27023
27062
27087
27126
27153
27185
