# 76, 118fe8545a3cedc8ee82d6b4cfba95d2c41ee27a9447782ac6d44d4cfcdc0d3c.SC2Replay
132
244
344
459
1244
1502
1691
1903
2300
2624
2650
2883
2932
2962
3107
3407
3450
3578
3654
3717
3789
3853
3976
4010
4070
4585
4633
4719
4749
4801
4871
4896
5031
5061
5100
5144
5230
5344
5403
5580
5617
5640
5667
5715
5771
5859
5931
6093
6127
6157
6190
6219
6240
6304
6358
6468
6592
6630
6665
6783
6819
6847
6948
6975
7027
7050
7077
7119
7217
7280
7425
7474
7506
7627
7652
7692
7918
8023
8111
8194
8314
8351
8404
8494
8552
8577
8664
8831
8928
8958
9043
9069
9253
9357
9450
9534
9594
9720
9757
9792
9858
9905
9942
10029
10125
10183
10223
10446
10811
10845
10908
11093
11162
11190
11215
11236
11259
11304
11351
11453
11495
11517
11696
11744
11765
11825
11873
11918
12046
12226
12394
12574
13266
13302
13665
13707
13821
14182
14254
14279
14369
14784
14910
15132
15251
15355
15534
15565
15598
15633
15676
15701
15724
15745
15783
15816
15841
15903
15925
15955
16053
16124
