# 1230, 1b0c92bdeeff98bf1858bccfbfbbc34b0c4df2e9419840b7b2a48b2c1e742529.SC2Replay
4431
4633
4655
4694
4726
4771
4807
4848
5023
5091
5119
5147
5171
5195
5277
5307
5336
5357
5379
5538
5559
5582
5746
5767
5791
5814
5854
5877
5902
5926
5963
5984
6010
6051
6087
6124
6150
6175
6200
6228
6261
6289
6310
6340
6363
6385
6461
6485
6523
6732
6799
6830
6854
6890
6917
6958
6980
7020
7049
7074
7096
7118
7159
7183
7244
7266
7291
7318
7342
7364
7386
7414
7435
7467
7504
7543
7566
7596
7618
7647
7669
7694
7724
7749
7770
7805
7831
7855
7890
8093
8122
