# 1772, 0ba7ee65296a2f9f1246954d5ddbbbd8c2e5a7e7a0355bcab9ec3d408abcd657.SC2Replay
4495
4637
4667
4697
4757
4961
5002
5035
5056
5077
5099
5247
5281
5303
5337
8567
8598
8623
8644
8674
8950
8981
9004
9037
9066
9095
9119
9141
9163
9237
9259
9281
9305
9665
9704
9730
9751
9792
9820
9845
9879
9904
10022
10067
10100
10132
10156
10177
10198
10239
10263
10426
10465
10505
10533
10574
10597
10633
10668
10690
10742
10763
10788
10826
10851
10889
10911
10934
10972
11178
11210
11237
11277
11378
11412
11436
11507
12250
12286
12309
12425
12472
12522
12576
12608
12797
12823
12849
12871
12911
12960
12993
13016
13046
13107
13138
13164
13192
13220
13244
13280
13316
13337
13380
13413
13437
13487
13510
13547
13568
13593
13651
13706
13759
13868
13897
13925
13955
13978
14006
14045
14071
14094
14120
14149
14177
14208
14244
14265
14290
14315
14348
14376
14417
14439
14507
14603
14630
14715
15062
15153
15215
15417
15450
15472
15507
15540
15561
15592
15613
15645
15667
15693
15717
15742
15769
15810
15837
