# 1844, 1d26b3dd85f1ae460f363768136a00c736fc94861eaf4e8db5d30e583513d44b.SC2Replay
10086
10110
10131
10152
10183
11675
11723
11746
11776
11812
11844
11922
11963
11996
12034
12905
13020
13048
13088
13119
13145
13195
14136
14209
14390
14415
14443
14503
14534
14706
14743
14787
14848
15183
15211
15438
15497
15532
15572
15608
15645
16022
16063
16096
16126
16162
16209
16270
16782
17085
17127
17215
17262
17309
18434
18460
18491
18521
18543
18588
18632
19248
19313
19407
19524
19567
19823
19892
20503
20541
20564
20599
20629
20654
20685
20709
20738
20762
20790
20812
20989
21031
21054
21075
21100
21128
21297
21320
21345
21366
21396
21418
21457
21502
21531
21556
21580
21602
21625
21647
21669
21690
21712
21737
21765
21799
21852
22084
22122
22161
22190
22212
22253
22389
22435
22486
22514
22548
22586
22625
22674
22797
22960
22986
23019
23093
23153
23205
23231
23274
23295
23329
23411
23446
23475
23526
23600
23621
23647
23680
23716
24067
24090
24125
24159
24185
24211
24234
24263
24294
24315
24356
24382
24415
24561
24593
25034
25068
25106
25131
25161
25186
25208
25316
25340
25367
25391
25438
25513
25543
25979
26027
26073
26107
26144
26173
26224
26272
26310
26342
26401
26438
26518
26547
26569
26632
26850
26880
26902
26935
26957
26986
27009
27035
27065
27105
27132
27160
27184
27205
27666
27688
27709
27742
27766
27799
27820
27843
27864
27885
27910
27939
27974
27999
28025
28049
28088
28127
28150
28184
28206
28238
28260
28292
28675
28754
28791
28813
28845
28932
28957
28994
29032
29062
29090
29113
29141
29168
29196
29228
29251
29480
29513
29565
29624
29685
29727
29789
29824
29849
29884
29919
29956
30294
30447
30562
30606
30635
30672
30738
30828
30859
30886
30915
30944
30986
31080
31155
31192
31214
31237
31258
31306
31348
31378
31404
31427
31496
31548
31604
31628
31661
31696
31725
31750
31780
31802
31825
31861
31882
31906
31928
31955
31977
32043
32077
32117
32304
32358
32381
32434
32462
32502
32535
32569
32595
32616
32643
32665
32728
32762
32790
32812
33325
33377
33607
33659
33697
33732
33772
33800
33827
33852
33976
34007
34030
34598
34631
34666
34740
34762
35125
35159
35214
35238
35261
35284
35344
35368
35390
36078
36197
36226
36453
36475
36506
36533
36574
36605
36645
36684
37068
37095
37125
37146
37167
37192
37264
37285
37401
37623
37655
37715
37762
37797
37881
37909
37971
38105
38150
38189
38210
38247
38274
38338
38419
38463
38491
38522
38586
38623
38746
38767
38796
38833
38884
38927
38949
39114
39139
39166
39187
39213
39238
39261
39288
39325
39366
39391
39418
39480
39652
39687
39708
39729
39935
39962
40000
40954
41104
41133
41167
