# 265, 047b1cd88c7fb27e0a352f54d62cf466603cc9ff6e658aeb2dbcb5b39e1f8d86.SC2Replay
6815
6836
6857
6878
6899
6921
6950
7497
7522
7545
7568
7824
7859
7892
8414
8450
8483
8544
8570
9007
9514
9549
9572
9611
9632
9662
9684
10304
10326
10354
10425
10446
10527
10917
10940
11036
11070
11091
11387
11435
11461
11491
11518
11544
12222
12250
12288
12636
12723
12749
12770
12794
13191
13355
13376
13534
13597
13998
14019
14042
14074
14096
14288
14322
14346
14371
14399
14424
14449
14480
14555
14577
14601
14775
14866
14887
15193
15318
15342
15372
15412
15436
15634
15669
15691
15713
15739
15764
15788
15811
15833
15856
15887
16224
16249
16321
16347
16424
16445
16466
16497
16523
16544
16991
17014
17036
17057
17078
17145
17173
17907
17928
17954
17978
18219
18243
18264
18387
18418
18447
18536
18558
18599
18622
18751
18783
18804
18827
18856
18894
18920
18980
19259
19400
19986
20007
20041
20114
20147
20237
20264
20334
20438
20461
20486
20507
20653
20676
20707
20730
20752
20790
21016
21038
21331
21354
21422
21443
21469
21492
21515
21550
21783
21839
21871
21910
21945
21987
22012
22036
22062
22091
22113
22146
22181
22208
22248
22274
22307
22331
22385
22551
22980
23207
23269
23328
23361
23485
23519
23552
23579
23601
23623
23657
23690
23721
23744
23784
23821
23852
23886
23908
23946
23968
24002
24029
24059
24082
24114
24148
24218
24239
24290
24312
24333
24354
24390
24425
24449
24530
24553
24730
24751
24790
24811
24832
25383
25415
25455
25476
25566
25590
25622
25646
25905
25926
25960
25984
26205
26240
26262
26283
26306
26346
26571
26592
26623
26652
26685
26726
26748
26952
26976
27001
27189
27211
27233
27260
27593
27626
27660
27736
27775
27799
27829
27856
27877
27997
28027
28048
28074
28105
28133
28157
28274
28297
28327
28358
28394
28422
28443
28468
28489
28512
28534
28564
