# 906, 21e130879af07d792ad36ed01f94c9b6525f0ea3a32fd7d639f609b9b5343b5a.SC2Replay
5012
5033
5514
5536
5570
5611
5636
5663
5687
5708
6075
6099
6122
6159
6180
6203
6465
6703
6739
6767
6799
6870
6891
6925
6959
6998
7024
7181
7218
7286
7309
7363
7385
7411
7520
7554
7823
7844
7877
8411
8433
8466
8548
8649
8671
8695
8722
8745
8766
8796
8820
8842
8867
8900
8923
8945
8966
9005
9087
9185
9208
9229
9259
9280
9303
9333
9591
9672
9733
9762
9793
9818
9844
9878
9904
9934
10017
10160
10220
10410
10434
10457
10485
10517
10738
10764
10892
11054
11312
11657
11681
11818
11974
12169
12211
12495
12954
13029
13223
13266
13293
13405
13502
14012
14481
14508
14530
14806
14861
14882
14903
14939
14975
15000
15036
15059
15093
15114
15137
15185
15216
15240
15275
15296
15317
15638
15668
16268
16351
16458
16482
16506
16528
16616
16637
16660
16698
16734
16773
16801
16831
16855
16878
16901
16922
17110
17149
17745
18014
18035
18058
18198
18231
18265
18292
18313
18337
18358
18615
18639
18661
18683
18941
19000
19032
19061
19083
19106
20265
20413
20442
20687
20734
20756
20906
20930
21126
21153
21174
21195
21224
21249
21277
21302
21335
21364
21388
21440
21463
21492
21514
21642
21737
21782
21804
21837
21861
21888
21915
22407
22428
22452
22486
22510
22533
22554
22575
22656
22680
22701
22728
22762
23003
23024
23051
23074
23110
23131
23152
23187
23227
23249
23271
23303
23441
23476
23499
23552
23653
23675
23711
23749
23785
23812
23833
23855
23878
23937
23986
24012
