# 1085, 212c67f3689ecdb6c94996a3f104e53ff7ed8b6884114f1627a1e44cf8ffe6a0.SC2Replay
3828
3852
3873
3902
3930
3953
3984
4013
5455
5570
5591
5616
5660
5686
5819
5849
5880
5929
5950
5984
6005
6026
6049
6072
6093
6119
6141
6169
6250
6277
6300
6322
6356
6380
6584
6625
6648
6681
6831
6852
6886
6926
6952
6988
7012
7049
7088
7111
7134
7170
7256
7286
7334
7356
7382
7408
7525
7717
7740
7763
7803
7825
7854
7886
7912
7936
7966
8011
8483
8550
8586
8617
8643
8713
8921
8946
8998
9026
9068
9098
9136
9164
9211
9246
9544
9574
9599
9622
9648
9674
9697
9729
9838
9972
10445
10478
10518
10544
10571
10683
10742
10768
10789
10813
11294
11339
11363
11451
11475
11525
11579
11663
11937
11982
12018
12056
12077
12118
12158
12185
12234
12305
12327
12356
12418
12444
12482
12751
12777
12798
12846
12897
13159
13199
13233
13303
13329
13355
13380
13405
13457
13483
13505
13545
13567
13598
13626
13832
13884
13963
13999
14033
14128
14160
14192
14223
14249
14278
14310
14388
14413
14450
14479
14503
14530
14564
14587
14617
14691
14835
14885
14952
15040
15078
15128
15178
15302
15353
15377
15398
15531
15608
15635
15828
15867
15891
15912
15935
15956
15977
16000
16041
16063
16090
16115
16157
16306
16380
16676
16736
16823
17195
17326
17780
17952
18045
18149
18194
18303
18341
18380
18426
18468
18532
18614
18656
18942
18980
19016
19115
19877
20144
20170
20197
20229
20321
20361
20383
20404
20425
20550
