# 542, 2ae583634e9f2ff257e3d9e35a332eb76a84c0a7c1c1dbe5fa75d5d918e1429b.SC2Replay
4734
4756
4788
4949
5002
5190
5211
5234
5266
5289
5341
5365
5388
5518
5585
5611
5634
5656
5684
5715
5795
5832
5859
5986
6015
6039
6125
6149
6294
6321
6380
6583
6609
6650
6679
7321
7356
7381
7406
7437
7468
7507
7532
7572
7593
7616
7657
7680
7704
7738
7762
7786
7812
7834
7862
7887
7916
7940
7965
7997
8023
8047
8073
8095
8116
8143
8165
8189
8223
8246
8279
8301
8333
8360
8385
8425
8459
8490
8515
8536
8568
8591
8626
8665
8696
8717
8738
8759
