# 328, 14faef7549dae2f131de767b6e2614534eab326493f0127d5117cdf0ffb466b8.SC2Replay
18748
18774
18797
18829
18868
18896
18922
18945
21906
21936
21960
21992
22015
22041
22062
22083
22105
22130
22154
22175
22211
22239
22260
22292
22327
22352
22381
22403
22439
22465
22487
22511
22535
22557
22578
22605
22642
22675
22716
22746
22783
22804
23151
23176
23216
23237
23286
23317
23365
23636
23665
23688
23713
23746
23779
23800
23821
23842
23906
23927
23961
24004
24051
24074
24855
24962
24984
25012
25043
25065
25177
25206
25247
25278
25308
25330
25352
25375
25401
25422
25452
25483
25508
25529
25568
25597
25618
25649
25673
25699
26135
26159
26196
26225
26328
26359
26384
26405
26432
26453
26583
26607
26644
26729
26750
26834
26861
27055
27104
27127
27158
27183
27221
27242
27266
27301
27338
27507
27528
27550
27576
27599
27629
27662
27701
27728
27750
27775
27801
27823
27845
27870
27910
27942
27978
28008
28045
28085
28109
28132
28169
28195
28216
28239
28419
28475
28498
28530
28554
28575
28605
28627
28649
29022
29043
29065
29096
29117
29147
30087
30110
30131
30569
30595
30621
30652
30677
30706
30729
30768
30792
30818
30841
30866
30887
30917
30938
30959
30995
31028
31049
31071
31094
31123
34432
34453
34490
34518
34552
34580
34620
35202
35228
35251
35277
35303
35326
35350
35374
35400
35425
35452
35480
35509
35537
35578
35599
35631
35653
35691
35712
35736
36861
36896
37683
37709
37733
37759
37785
37806
37828
37849
37877
37911
37944
37965
37986
38074
38102
38142
38180
38215
38288
38320
38357
38381
38405
38429
38470
38498
38538
38569
38593
38619
38650
38688
38728
38751
38772
38805
38829
38850
38881
38908
38932
38960
38981
39009
39036
39057
39091
39122
39146
39175
39207
39229
39253
39287
39309
39340
39363
39393
39419
39447
39485
39517
39554
39576
39616
39645
39671
39696
39720
39745
39775
39796
39819
39850
39873
39901
39924
39948
39969
40003
40026
40056
40098
40135
40175
40196
40217
40312
40337
40385
40419
40450
40482
40520
40559
40580
40606
40634
40802
40831
40855
40885
40906
40930
40951
40977
41003
41033
41069
41139
41174
41213
41239
41265
41286
41319
41346
41387
41413
41457
41482
41513
41537
41662
41705
41727
41750
41775
41810
41837
41858
41911
41948
41972
42013
42038
42059
42088
42109
42130
42156
42181
42207
42235
42267
42328
42349
42371
42396
42421
42442
42467
42490
42516
42542
42569
42591
42624
42653
42677
42736
42757
42779
42801
42826
42847
42870
42898
42920
42972
43028
43067
43092
43113
43165
43212
43250
43286
43309
43407
43428
43482
43511
43544
43607
43654
43733
43759
43787
43809
43832
43862
43900
43923
43953
43974
43996
44018
44050
44079
44103
44125
44165
44193
44228
44269
44300
44325
44352
44382
44403
44424
44451
44485
44512
44538
44565
44606
44633
44673
44708
44734
44759
44783
44811
44848
44870
44892
44913
44934
44984
45030
45056
45079
45103
45138
45167
45199
