# 380, 04756ba07642211e783ec2a6ee564558c731cab1e81f87301a2343a41ab124d4.SC2Replay
3910
5350
8835
8857
8898
8921
8946
8972
8999
9024
9045
9074
9102
9133
9156
9177
9199
9227
9258
9282
9304
9327
9365
9392
9422
9607
9828
9862
9899
10027
10063
10096
10136
10183
10643
10678
10716
10739
10760
10783
10822
10850
10872
10895
10928
10962
11006
11072
11097
11128
11150
11256
11278
11310
11419
11442
11463
11494
11770
11800
11830
11876
11898
11941
11980
12284
12331
12695
12733
13050
13133
13155
13192
13645
13672
13697
13746
13790
13811
13880
13919
13947
13971
13993
14025
14059
14084
14110
14146
14174
14207
14230
14256
14336
14358
14392
14430
14461
14492
14520
14649
14676
14700
14865
14895
14921
14952
14991
15025
15540
15577
15600
15623
15644
15672
15693
15714
15737
15775
15801
15824
16168
16192
16390
16411
16444
16469
16490
16512
16535
16563
16614
16666
16708
16777
16852
16885
16908
16933
16955
16988
17052
17362
17384
17406
17430
17464
17494
17585
17624
17654
17675
17698
17726
17754
17778
17803
17827
17864
17907
17937
17964
18001
18039
18073
18150
18171
18192
18214
18241
18264
18298
18319
18355
18402
18486
18508
18581
18606
18641
18716
18765
18789
18815
18848
18970
18995
19016
19050
19206
19360
19397
19437
19503
19525
19553
19583
19614
19650
19734
19759
19783
20299
20321
20355
20376
20402
20432
20484
20507
20545
20566
20587
20608
20640
20678
20702
20723
20744
20780
20801
20838
20879
20911
20936
20967
21011
21622
21674
22697
22720
22749
22771
22793
22833
22855
22888
22913
22948
