# 1238, 0715faf3ab658163edf6aafef6530a979f2665b3199c3f933b8f5954a8011eef.SC2Replay
6114
6142
6171
6201
6239
6262
6285
6306
6328
6353
8140
8161
8196
8233
8254
8279
8387
9270
9293
9361
9388
11852
11893
11921
11964
11988
12011
12040
12071
12103
12130
12155
12184
12249
12301
12322
12351
12399
12422
12455
12479
12504
12562
12598
12638
12674
12706
12730
12751
12781
12803
12824
12846
12868
12908
12932
12953
12995
13017
13039
13074
13155
13201
13284
13305
13330
13373
13408
13437
13461
13488
13511
13541
13566
14170
14410
14448
14480
14556
14586
14632
14678
14701
14736
14764
14802
14831
14913
14948
15001
15040
15068
15111
15277
15301
15323
15348
15383
15409
15440
15461
15491
15520
15543
15565
15590
15625
15666
15693
15729
15774
15990
16094
16127
16171
16289
16310
16333
16364
16398
16419
16443
16479
16500
16615
16644
16668
16695
16718
16829
16913
16934
16955
16977
17015
17045
17071
17102
17130
17167
17200
17226
17247
17291
17312
17339
17363
17398
17437
17493
17515
17582
17616
17666
17687
17708
17751
17776
17806
17849
17875
17930
17967
18000
18024
18049
18089
18113
18139
18167
18188
18210
18239
18262
18288
18323
18364
18386
18415
18445
18471
18499
18522
18547
18574
18607
18638
18665
18895
18936
18971
19224
19250
19298
19321
