# 1774, 25b43d33f9f3c726477aa1eacecfb80836777e6ab2d927d4be95c5e5c447dd11.SC2Replay
5084
5109
5131
5162
5190
5226
5275
5313
5346
5374
5407
5441
5465
5486
5524
5566
5589
5616
5648
5670
5699
5734
5768
5814
5854
5892
5917
5943
5983
6010
6056
6089
6116
6142
6168
6193
6221
6247
6269
6291
6339
6362
6389
6414
6436
6461
6482
6517
6548
6573
6619
6659
6694
6716
6749
6787
6827
6852
6879
6901
6923
6944
6972
7009
7050
7075
7102
7128
7152
7173
7194
7230
7261
7293
7326
7356
7427
7448
7469
7493
7520
7544
7574
7609
7646
7680
7716
7738
7760
7808
7840
7861
7885
7909
7933
7978
8004
8025
8049
8072
8099
8139
8162
8184
8216
10620
10642
10745
10766
11446
11472
11509
11533
11557
11578
11601
11636
