# 780, 10456914c9eaf387a74d3b54166d0214b8cecc4dc647fe098e870668243c32e6.SC2Replay
3848
3869
3890
3917
3943
3977
4007
4029
4056
4084
4116
5283
5476
5542
5660
5684
5716
5752
5785
5893
5920
5959
5992
6024
6045
6194
6335
6437
6484
6549
6582
6614
6644
6667
6692
6714
6736
6760
6784
6808
6831
6853
6880
6905
6941
7381
7412
7445
7476
7503
7535
7558
7685
7741
7776
7799
8012
8067
8103
8130
8158
8213
8249
8275
8313
8338
8368
8390
8424
8465
8493
8515
8555
8579
8601
8623
8652
8685
8721
8751
8784
8806
8835
8862
8890
9057
9079
9130
9158
9182
9204
9235
