# 1277, 20181192bae8fe363af5e1c729d9bde6e971416ded710834935b77d5cb41adab.SC2Replay
4793
4818
4854
4882
4907
4931
7185
7206
7229
7255
7279
7303
7359
7434
7484
7519
7549
7583
7606
7670
7748
7772
7794
7817
7853
7874
7917
7955
7987
8008
8062
8239
8268
8361
8392
8441
8470
8497
8548
8575
8614
8638
8679
8700
8721
8742
8763
8784
8816
8837
8928
8983
9068
9091
9126
9156
9181
9210
9235
9257
9283
9345
9601
9691
9712
9877
9916
10003
10270
10356
10418
10476
10558
10596
10641
10667
10791
10822
10868
10894
10917
10954
10981
11011
11102
11145
11171
11225
11279
11307
11377
11604
11676
11724
11749
11780
11809
11831
11859
11887
11909
11955
11981
12006
12030
12089
12128
12151
12187
12212
12249
12270
12291
12313
12363
12563
12674
12715
12820
12848
12908
12933
12973
12995
13026
13060
13089
13112
13133
13165
13186
13208
13234
13310
13442
13489
