# 352, 27f108f6748ec6abe2e317de797d03fed4f0d8f47543f987805dcf70ca05ead4.SC2Replay
3161
3196
3217
3248
3836
6032
6059
6081
6102
6126
6148
6180
6207
6229
6255
6277
6299
6320
6353
6376
6400
6439
6460
6481
6502
6525
6549
6570
6676
6698
6744
6802
6828
6852
6955
6996
7032
7070
7095
7116
7534
7572
7594
7615
7636
7664
7686
7722
7746
7794
10728
10925
10961
11010
11055
11090
11116
11172
11193
11343
11384
11420
11449
11490
11515
11537
11752
11836
12116
12137
12163
12198
12233
12261
12285
12315
12338
12361
12390
12414
12442
12466
12494
12521
13452
13495
13541
13567
13602
13625
13656
13683
13726
13749
13901
13930
14008
14030
14060
14082
14105
14312
14471
14493
14515
14542
14577
14602
14991
15012
15034
15406
15461
15493
15528
15550
15622
15720
15796
15819
15848
15871
15901
15943
15994
16027
16054
16081
16559
16586
16680
16850
17087
17127
17153
17190
17211
17250
17278
17302
17323
17344
17367
17394
17428
17462
18063
18089
18134
18224
18252
18675
18776
18813
18836
18937
19246
19290
19325
19402
19428
19588
19612
19651
19684
19722
19757
19781
19820
19858
19879
19905
19934
19956
19986
20011
20035
20114
20137
20163
20186
20299
20349
20373
20409
20443
20464
20487
20510
20569
20598
20652
20681
20722
20761
20783
20810
21242
21264
21285
21322
21344
21365
22914
22946
22972
22993
23016
23038
23059
23087
23113
23135
23173
23199
23221
23244
23265
23306
23329
23366
23388
23421
23442
23480
23508
23547
23568
23589
23611
23656
23692
23716
23848
23886
23930
23982
24020
24086
24152
24179
24233
24293
24321
24345
24548
24639
24681
24703
24774
