# 1749, 0cd3cf0ecdf80fa071f020587a30a9f7c5ef6ce9fb4a0b202b89acc20c2bfe6e.SC2Replay
4869
4891
4930
4971
4995
5026
5223
5248
5272
5351
9211
9302
9530
9561
9584
9608
9631
9654
9684
9705
9793
9820
9845
9871
10249
10290
10315
10347
10373
10395
10418
10443
10464
10497
10519
10548
10841
10865
10890
10913
10949
10970
10992
11014
11035
12545
12573
12595
12617
12639
12661
12682
13564
13587
13789
13985
14006
14028
14063
14197
14234
14256
14282
14303
14339
14376
14408
14434
14793
14815
15060
15159
15466
15493
15525
15552
16254
16356
16381
16404
16442
16610
16688
16859
16881
16904
16928
16977
17007
17138
17376
17400
17424
17448
17480
17525
17602
17725
18069
18095
18117
18297
18361
18432
18570
18626
18692
18719
18757
18792
18813
19148
19235
19256
19281
19324
19349
19503
19552
19575
19596
19633
19654
19693
19716
19737
19771
19794
19816
19841
19867
19893
19919
19944
19979
20002
20033
20061
20107
20134
20158
20199
20222
20245
20272
20301
20323
20359
20382
20411
20451
20475
20503
20541
20569
20599
20622
20643
20891
20914
20962
20995
21024
21055
21096
21117
21151
21180
21206
21236
21259
21317
21343
21629
21663
21798
21866
21931
21962
21986
22018
22042
22063
22084
22120
22147
22174
22195
22238
22261
22434
22462
22502
22534
22561
22587
22764
22964
23018
23044
23071
23097
23120
23150
23171
23203
23243
23269
23290
23324
23353
23463
23502
23540
23573
23608
23630
23715
23740
23761
23787
23809
23848
23878
23903
23933
23961
23982
24006
24029
24052
24083
24119
24140
24165
24196
24224
24264
24295
24324
24351
24379
24405
24437
