# 421, 1742761c6ac28fc01ec757ed59266ea3be1d5d643a97052ddb9de4684efef952.SC2Replay
5031
5053
5342
5375
5396
5417
5443
5468
5500
5529
5557
5578
5600
5622
5645
5666
5689
5721
5750
6410
6443
6465
6488
6509
6550
6580
6719
9086
9111
9133
9160
9762
10734
10760
11129
11159
11546
11928
11966
11996
12023
12056
12221
12254
12603
12626
12648
12669
12690
12722
13524
13551
13980
14021
14046
14115
14143
14176
14201
14247
14272
14298
14337
14364
14481
14657
15098
15120
15144
15310
15369
15392
15415
15440
15476
15745
15771
16006
16027
16048
16135
16888
16910
16936
16967
16988
17359
17391
17431
17452
17473
17534
17559
17693
17925
17971
17994
18027
18270
18300
18335
18358
18454
18488
18512
18546
18576
18610
18640
18663
18692
18718
18741
18765
18805
18838
18871
18904
18936
18977
19009
19042
19064
19085
19110
19132
19209
19231
19333
19524
19584
19616
19653
19674
19700
19729
19754
19777
19800
19831
19852
19873
19913
19936
19957
19981
20016
20037
20064
20104
20153
20196
20220
20253
20275
20491
20579
20602
20648
20679
20706
20779
20818
20841
20874
20899
20933
21190
21226
21248
21438
21461
21834
21855
21878
21910
21934
22107
22184
22206
22239
22261
22294
22323
22364
22403
22436
22465
22495
22519
22541
22574
22599
22631
22668
22697
22720
22746
22784
22914
22938
22963
22992
23013
23035
23066
23093
23122
23149
23170
23223
23257
23283
23321
23353
23376
23400
23427
23456
23497
23524
23559
23580
23602
23626
23647
23668
23700
23728
23760
23796
23828
23850
23891
23928
24110
24140
24166
24188
24215
24242
24277
