# 743, 20384a7f79d0a4bb175c14955ca9dde6807b271e9dea0ca1d6909b57d63c7a99.SC2Replay
3581
3650
3676
3710
3773
3806
3849
4399
4482
4504
4599
4730
5113
5150
5176
5197
5228
5288
5309
5342
5365
5393
5418
5439
5474
5531
5571
5663
5687
5770
5843
5879
5923
5954
5990
6045
6073
6097
6141
6180
6201
6235
6280
6301
6392
6567
6603
6657
6720
6743
6802
6832
6939
6993
7093
7197
7291
7333
7431
7477
7582
7605
7654
7724
7844
7951
7989
8019
8462
8687
8709
8734
8764
8822
8935
8956
9074
9109
9180
9201
9225
9255
9294
9318
9347
9368
9394
9422
9448
9472
9502
9526
9549
9573
9600
9622
9660
