# 848, 1d4eedda87c490d6d9251837b52901b95b3fca85356ad06d475e4f45174437a6.SC2Replay
4446
4471
4505
4871
4905
4931
5130
5316
5352
5400
5486
5709
6087
6108
6133
6160
6184
6220
6241
6264
6382
6411
7000
7262
7296
7318
7343
7365
7387
7907
9647
9763
9800
9938
10190
10382
10446
10749
11130
11462
11864
12094
12170
12381
12434
12830
14554
14691
14712
14735
14856
14880
14907
14946
14968
14995
15026
15057
15084
15105
15142
15172
15193
15424
15459
15485
15506
15540
15563
15595
15627
15657
15679
15700
15724
15968
16003
16025
16083
16121
16144
16171
16397
16457
16492
16538
16694
16792
16967
17067
17096
17125
17156
17191
17218
17310
17331
17352
17375
17423
17457
17482
17523
17546
17567
17588
17609
17640
17663
17688
17709
17737
17763
17784
17810
17832
17858
17879
17900
17923
18040
18062
18085
18109
18132
18163
18185
18219
18242
18266
18287
18310
18339
18368
18389
18411
18434
18457
18481
18642
18745
18766
18801
18824
18854
18876
18902
18929
18953
18977
19004
19036
19057
19081
19117
19141
19167
19191
19215
19249
19275
19296
19318
19344
19378
19412
19444
19472
19499
19522
19550
19572
19593
19624
19646
19680
19702
19725
19762
19795
19819
20016
20046
20070
20095
20122
20152
20182
20222
20244
20265
20293
20316
20339
20366
20402
20432
20464
20497
20527
20549
20571
20621
20705
20741
20798
20828
20865
20888
