# 1764, 298f74444235502beeb5d87f0faa46b5b0991581112813ce0dfbd7bbf3ae2280.SC2Replay
3237
3258
3725
4023
4044
4070
4091
4116
4145
4168
4190
4223
4260
4810
4839
4865
4887
4916
4951
4976
4998
5858
5916
5938
5975
6005
6042
7020
7041
7207
7228
7249
7270
7291
7313
7348
7388
7415
7441
7479
7506
7537
7564
7596
7618
7646
7669
7693
7714
7736
7762
7783
7805
7835
7856
7877
7898
7922
7948
7971
8010
8031
8052
8075
8097
8125
8160
8196
8225
8254
8291
8319
8409
8453
8477
8510
8552
8590
8619
8643
8685
8708
8729
8750
8781
8812
8851
8872
8894
8915
8948
8974
9090
9125
9146
9171
9229
9250
9288
9327
9361
9399
9459
9782
9831
9865
10049
10070
10093
10117
10141
10176
10254
10275
10297
10318
10339
10393
12052
12073
12100
12142
12209
12410
12451
12705
12756
12809
12886
13166
13206
13230
13279
13320
13347
13374
13504
13686
13731
13901
13938
13968
13993
14017
14103
14312
14347
14370
14410
14449
14523
14567
14600
14638
14659
14690
14715
14783
14946
14983
15173
16619
16651
17186
17215
17236
17272
17602
17626
17650
17671
17695
17731
17753
17789
17823
17848
18085
18113
18139
18161
18188
18215
