# 727, 1680f22c19236830a75343a3e9ed140892717d8d3456a9b060caff34e68ce578.SC2Replay
4538
4560
4606
4630
4651
4672
4705
4754
4803
4855
4961
4985
5021
5070
5091
5135
5228
5279
5301
5733
5788
5893
5933
6337
6522
6595
6768
6790
6811
6848
6873
7066
7104
7131
7158
7285
7312
7338
7369
7390
7419
7906
7931
7963
8249
8289
8354
8394
8423
8649
8670
8710
8731
8765
8789
9125
9148
9169
9190
9219
9241
9278
9319
9342
9368
9399
9423
9446
9467
9496
9536
9573
9597
9623
9644
9666
9707
9738
9761
9797
9818
9848
9869
9890
9915
9944
9974
10012
10044
10065
10086
10108
10140
10162
10195
10219
10243
10277
10307
10328
10375
10398
10430
10452
10503
