# 547, 022ef975f53a2ea7ee3df1a808ec8186a3277f94c873eca11fff3a34e7a1d7f9.SC2Replay
4646
4698
4722
4746
4855
4877
4899
5259
5281
5305
5329
5351
5501
5559
5591
5621
5806
5837
5932
5959
5986
6017
6051
6090
6275
6300
6620
6663
6698
6723
6754
6785
6818
6850
6889
6910
7030
7053
7080
7103
7129
7358
7382
7408
7431
7459
7503
7536
7566
7602
7631
7654
7675
7706
7729
7755
7870
7896
7922
7958
7986
8035
8065
8098
8121
8146
8201
8238
8270
8294
8322
8353
8385
8530
8561
8678
8780
8817
8858
8898
8919
8941
8975
9006
9035
9060
9095
9147
9170
9203
9499
9559
9607
9647
9694
9736
9759
9783
9809
9830
9875
9899
9920
9954
9991
10081
10105
10142
10180
10203
10242
10267
10450
10485
10524
10663
10694
10720
10743
10772
10798
10833
10857
10890
10915
10940
10962
10983
11297
11403
11591
11624
11651
11689
11713
11774
11797
11840
11925
12225
12251
12272
12331
12421
12636
12676
12720
12764
12801
12939
12962
13166
13540
13566
13589
13613
13905
13934
