# 1799, 1346144220cf2b77dcaca84b50db948067811f6a951adb8bdf04dfa33e82f079.SC2Replay
7466
7494
7519
7552
7576
7611
9770
9796
9831
9854
9875
9898
9922
9980
10007
10033
10054
10152
10811
10840
10864
10888
10916
11177
11204
14285
14309
14336
14372
14971
15013
15034
15073
15095
15127
15174
15207
15243
15332
15398
15430
15466
15641
15663
15725
15763
15800
15889
15918
15939
15998
16029
16086
16116
16142
16185
16215
16269
16291
16323
16372
16799
16822
16862
16921
16958
16980
17011
17061
17100
17121
17166
17207
17232
17260
17311
17350
17385
17411
17433
17466
17491
17517
17551
17572
17607
17634
17743
17770
17827
17854
17883
17907
17929
17951
17978
18000
18023
18060
18094
18136
18162
18187
18222
18261
18282
18303
18326
18451
18489
18515
18537
18593
18767
18918
19514
20278
20302
20402
20445
20477
20546
20571
20600
20631
20661
20686
21053
21075
21107
21145
21166
21225
21249
21282
21307
21329
21361
21394
21427
21451
21474
21499
21530
21551
21586
21607
21646
21673
21705
21772
21801
21822
21861
21882
21904
21929
21951
21978
21999
22035
22060
22091
22119
22144
22198
22225
22390
22443
22476
22501
22545
22572
22613
22681
22735
22758
22780
22807
22830
22852
22874
22895
22918
22954
22991
23025
23047
23081
23104
23125
23147
23185
23216
23246
23270
23295
23328
23351
23609
23650
23685
23708
23748
23772
23795
23816
23948
23972
23996
24024
24047
24075
24096
24126
24154
24175
24196
24222
24245
24285
24313
24341
24459
24484
24506
24531
24569
24591
24614
24637
24672
24694
24717
24740
24761
24786
24819
24840
24878
24912
24933
24966
24996
25020
25041
25066
25093
25128
25166
25391
25415
25456
25482
25504
26200
26221
26248
26270
26293
26314
26340
26365
