# 40, 046797d3393088c1bd30fd3285844362a08062d3f01f33d22adaea5988f54c10.SC2Replay
1555
1584
1700
1762
1868
2042
2163
3081
3108
3129
3150
3178
3675
3766
3831
3877
3971
4115
4425
4861
4900
4937
5058
5086
5112
5190
5447
5494
5535
5575
5634
5686
5765
5799
5892
5954
5980
6103
6140
6178
6206
6227
6268
6289
6311
6342
6366
6388
6489
6737
6946
6979
7024
7163
7201
7548
7579
7609
7637
7677
7723
7765
7822
7852
7889
7924
7954
7980
8006
8046
8074
8101
8126
8147
8176
8200
8228
8249
8274
8295
8320
8778
8865
9109
9326
9452
9480
9538
9704
9727
9846
9886
9960
9981
10022
10056
10133
10188
10230
10253
10282
10317
10347
10389
10419
10445
10515
10540
10572
10598
10628
10655
10700
10810
10851
10874
10952
11008
11059
11086
11156
11200
11246
11318
11349
11391
11440
11461
11518
11570
11605
11646
11682
