# 1493, 0e06c9abc5e4fff8bef4ff883b6200410009770acac603fa08663b967ac7391a.SC2Replay
3983
4423
4450
4473
4508
4535
4557
4578
4602
4625
4661
4689
4710
4732
4757
4781
4804
4826
5443
6188
6210
6289
6351
6400
6446
6478
6509
6645
6680
6702
7935
7957
7984
8006
8036
8064
8156
8462
8538
8562
8588
8629
8656
8696
8731
8763
8796
8836
8857
8888
8912
8933
10629
10671
10695
10721
10804
10887
10925
11065
11088
11110
11131
11170
11199
11264
11290
11314
11336
11418
11440
11468
11568
11605
11644
11716
11762
11787
11843
11880
11933
12018
12059
12080
12107
12211
12240
12272
12295
12323
12352
12376
12398
12616
12650
12683
12754
12776
12797
12986
13056
13085
13243
13411
13479
13509
13532
13624
13782
13826
13871
13990
14225
14620
14679
14732
14754
15021
15135
15163
15221
15397
15428
15457
16700
16731
16935
16975
17163
17394
17415
17443
17471
17552
17692
17720
17925
18022
18092
18270
18378
18577
18599
18639
18664
18697
18724
18748
18772
18793
18822
18843
19083
19104
19130
19154
19359
19421
19444
19472
19512
19556
19627
19660
19699
19729
19750
19772
19803
19844
19869
20438
20582
20607
20700
20727
20843
20868
20889
20912
21043
21065
21086
21856
22241
22608
22632
22848
22869
22892
22914
22954
22986
23016
23046
23068
23176
23197
23231
23300
23321
23644
23676
23704
23727
23756
23788
23826
23850
23883
23906
23934
23956
23978
24001
24022
24049
24070
24111
24138
24174
24201
24230
24264
24300
24324
24345
24368
24395
24423
24444
24465
24504
24525
24547
24583
24609
24635
24659
24680
24717
24740
24762
24793
24858
24880
24913
24938
24962
24995
25016
25037
25062
25098
25121
25153
25187
25213
25236
25269
25290
25312
25352
25383
25404
25425
25446
25501
25522
25744
25892
25913
25938
26068
26106
26129
26165
26197
26235
26271
26297
26319
26340
26369
26502
26528
26550
26573
26596
26679
26937
26977
27001
27038
27063
27084
27325
27347
27372
27393
27423
27447
27471
27493
27528
27550
27577
27599
27624
27647
27670
27701
27736
27758
27779
27805
27826
27865
27887
27923
27955
27992
28016
28037
28062
28088
29043
29123
29148
31188
31720
31766
31791
31818
31892
31915
31979
32038
32060
32082
32310
32347
32373
32461
32485
32514
32548
32569
32593
32642
32663
32690
32715
32744
32780
33110
33143
33165
33186
33211
33247
33272
33295
33319
33345
33379
33403
33424
34039
34065
34428
35009
35049
35072
35093
35852
35874
35898
35928
35949
35981
36008
36775
36800
36821
36851
36954
36990
37076
37099
37120
38510
38536
38564
38592
38630
38667
38698
38720
38742
40514
41032
41053
41148
41215
41237
41325
41353
41377
41409
41431
41453
41493
41518
41539
41566
41601
41625
41656
41692
41716
41750
41774
41795
41818
41849
41890
41912
42495
43102
43129
43152
43176
43216
