# 390, 21c53ed1a0409418be0bb5aae61aedd6f1c328dd0c483f58bb34d6d0fa45f4a9.SC2Replay
3216
3253
3289
3313
3334
3369
3392
3429
4805
4863
4884
5111
5200
5236
5471
5670
5693
5720
5751
5777
5801
5833
5864
5889
5918
6167
6266
6287
6314
6336
6357
6384
6414
6494
6663
6685
6713
6742
6767
6788
6811
6834
6855
6896
6927
6951
6974
7005
7043
7074
7097
7381
7403
7442
7482
7515
7536
7577
7599
7620
7714
7836
7861
7889
7922
7949
7974
8005
8159
8221
8247
8285
8314
8337
8362
8394
8416
8476
8498
8519
8597
8618
8639
8673
8703
8744
8768
