# 1623, 2613dee4172081f84342359f0ce29588e1b50bcd5809cf3fff3f1c3fa3c6aee8.SC2Replay
3858
5237
5298
5329
5353
5375
5402
5427
5451
5510
5547
5585
5695
5735
5759
6541
6567
6588
6615
6644
6666
6687
6848
6875
6906
6942
6983
7022
7043
7064
7405
8216
8290
8318
8350
8378
8406
8440
8462
8483
8533
8554
8575
8598
8630
8668
8701
8722
8759
8786
8831
8861
8883
8916
8942
8964
8993
9073
9099
9126
9147
9230
9283
9306
9332
9373
9407
9461
9493
9525
9550
9585
9607
9628
9656
9691
9790
9812
9846
9903
9935
9967
9993
10019
10115
10137
10434
10476
10524
10639
10730
10803
10840
10889
10939
10975
11014
11090
11126
11377
11399
11421
12341
12362
12841
12864
12939
13054
13120
13221
13246
13282
13417
13457
13531
13552
13575
13604
13625
13663
13703
13724
13748
13769
13824
13859
13998
14019
14043
14064
14097
14126
14153
14198
14311
14339
14474
14506
14554
14687
14708
14731
14757
15040
15067
15636
15659
15681
15786
15808
15831
15902
15933
15954
16304
16335
16359
16612
16686
16726
16753
16781
16822
16862
16889
16910
16939
16960
16985
17016
