# 1850, 04a2d0b53080c93ef44e7bb7502c98899fe86d0b41dc56aaa7cd3191d2d82655.SC2Replay
9705
9730
9756
9781
9807
9835
9872
9897
10251
10281
10416
10452
10485
10522
10547
10569
10590
10895
10924
11025
11053
11078
11101
11326
11351
11376
11492
11513
11543
11701
11724
11748
11774
11798
12004
12031
12052
12082
12109
12141
12175
12212
12297
12327
12366
12394
12417
12439
12460
12488
12514
12544
12657
12679
12701
12723
12744
12766
12799
12836
12873
12894
12915
12937
12968
12989
13027
13048
13076
13116
13139
13172
13193
13216
13252
13284
13319
13379
13402
13817
13845
13866
13888
13921
13951
13978
14002
14554
14576
14599
14624
14645
14671
14695
14723
14763
14793
14819
14847
14868
14892
15096
15119
15142
15164
15202
15228
15255
15295
15316
15347
15374
15404
15431
15457
15482
15694
15715
15738
15831
15853
15879
15901
15928
15961
16003
16024
16053
16082
16104
16128
16150
16179
16207
16235
16263
16287
16997
17019
17040
17063
17085
17127
17148
17172
17200
17222
17247
17275
17302
17334
17372
17393
17416
17437
17474
17498
17522
17556
17654
17675
17718
17745
17769
17796
17817
17859
17892
17937
17958
17983
18006
18123
18150
18172
18213
18251
18285
18306
18335
18360
18387
18427
18452
