# 1146, 056ed05e9bcb323363896c530857606df1ec200d28c07309c1b2eb5a5944c507.SC2Replay
1129
1160
1745
1789
1925
2709
2870
2896
3009
3070
3115
3505
3680
3727
3751
4153
4241
4265
4351
4385
4488
4529
4560
4785
4833
4899
4921
4979
5006
5127
5209
5234
5354
6563
6587
6611
6632
6654
6676
6704
6733
6762
6787
6817
6854
7094
7117
7154
7570
7870
7902
7923
7961
7986
8013
8051
8073
8110
8136
8160
8182
8208
8238
8263
8297
8333
8355
8380
8402
8474
8495
9768
9794
9819
9843
9864
9898
9931
9952
9978
10056
10078
10112
10142
10212
10240
10315
10336
10374
10395
10422
10447
10473
10500
10527
10715
10751
10778
10819
10997
11019
11046
11069
11260
11299
11337
11360
11381
11402
11440
11475
11502
11524
11547
11569
11870
11905
11927
11950
