# 670, 0264d57a2dde6242575b3cc237cc8b7e89fdb1ce2890ef70e67f8f0aa8eca16f.SC2Replay
2762
2784
2811
2834
2858
3573
3605
3634
3670
3699
3722
3762
3783
3807
3874
3898
3926
3947
4031
4052
4087
4167
4206
4259
4322
4359
4385
4415
4437
4467
4507
4536
4565
4590
4615
4651
4674
4698
4724
4749
4776
4805
5002
5027
5050
5076
5104
5126
5147
5171
5195
5226
5263
5540
5561
5582
5604
5633
5673
5707
5731
5761
5794
5841
5862
5917
5948
5983
6025
6056
6089
6111
6136
6173
6207
6298
6334
6356
6378
6403
6430
6459
6486
6521
7868
9271
9725
9764
9793
9816
9845
9872
9912
9935
9969
10003
10024
10048
10074
10098
10119
10154
10177
11222
11243
11266
11297
11319
11351
11377
11418
11448
11481
11513
11544
11728
11751
11782
11809
11841
11862
11978
