# 422, 1be42917e4b2faff666950635806b3865f37369715c801e8233372c0d41147ad.SC2Replay
3299
3363
3384
3423
3447
3469
3495
3516
3540
3579
3601
3954
3985
4037
4060
4224
4261
4300
4335
4359
4393
4510
4534
5165
5203
5241
5465
5491
5519
5556
5579
5604
5630
5663
5976
5999
6021
6048
6075
6100
6121
6147
6175
6255
6281
6319
6484
6505
6526
6547
6579
6606
6630
6651
6689
6713
6743
6779
6802
6824
6848
6871
6894
6920
6961
6991
7029
9055
9094
9115
9140
9170
9198
9230
9252
9287
9323
9367
9388
9409
9439
9470
9507
9528
9558
9589
9615
9639
9662
9688
9709
10739
10763
10785
10809
10841
10865
10890
10930
10952
10973
10996
11017
11040
11064
11089
11115
11178
11202
11240
11277
11300
11322
11356
