# 965, 2a17c48368b8b816513cccd5786dc9eb4a2aa0928aa007d63204eabe0650f3cc.SC2Replay
5714
5735
5759
5784
6210
6364
6627
6835
6967
8997
10129
10151
10215
10245
10963
10984
11024
11052
11073
11094
11117
11138
11159
11187
11208
11229
11255
11276
11297
11427
11451
11482
11504
11528
11559
11586
11610
11645
11684
11713
11740
11761
11782
11827
11848
11881
11907
11947
11977
12004
12025
12047
12073
12095
12116
12143
12170
12193
12217
12238
12261
12283
12305
12330
12354
12375
12409
12448
12486
12520
12544
12579
12614
12646
12678
12707
12733
12764
12785
12817
12849
12882
12917
12952
12987
13023
13050
13083
13118
13146
13187
13209
13232
13255
13286
13309
13336
13359
13382
13409
13433
13454
13481
13507
13540
13570
13592
13630
13651
13677
13698
13733
13769
13806
13845
13884
13910
13931
13967
13993
14024
14051
14092
14116
14146
14170
14210
14240
14273
14305
14336
14364
14385
14420
14442
14464
14489
14516
14545
14569
14602
14626
14648
14675
14701
14724
14758
14781
