# 433, 0d34986d626742f909da54f33e4b88c5ea931a4b2d8a8401a24682bfc062a80b.SC2Replay
10579
10604
10625
11077
11111
11133
11179
11215
11255
11564
11594
11617
12366
12395
12419
12625
12647
12680
12710
12802
12825
12863
12886
13050
13102
13126
13155
13176
13212
13250
13291
13316
13342
13381
13936
13964
13987
14012
14038
14335
14359
14381
14404
14431
14456
14478
14509
14554
14611
14636
14666
14876
14905
14928
15080
15115
15147
15176
15370
15398
15462
15487
15510
15534
15557
15578
15601
15629
15983
16007
16031
16060
16087
16138
16164
16351
16399
16438
16485
16514
16538
16574
16598
16623
16653
16761
16823
16853
16906
16938
16965
16987
17031
17066
17118
17154
17178
17209
17249
17273
17480
17512
17571
17606
17647
17684
17720
17752
17781
17891
17918
17948
17977
18022
18044
18074
18100
18124
18147
18173
18199
18418
18458
18565
18592
18633
18656
18686
18730
18765
18798
18826
18862
18909
18934
18963
19009
19050
19153
19177
19218
19242
19841
19862
19885
19907
19934
19963
19985
20025
20050
20074
20284
20306
20456
20477
20510
20532
20568
20908
21368
21406
21428
21463
21487
21515
21539
21567
21933
21962
22028
22086
22446
22500
22530
22558
22581
22604
22631
22749
22780
22822
22847
22885
22910
22944
22969
23018
23041
23062
23086
23156
23187
23288
23416
23471
23494
23517
23540
23946
23967
23998
24028
24064
24102
24133
24171
24203
24234
24264
24293
24317
24424
24515
24555
24583
24607
24628
24649
24680
24717
24742
24768
24801
24835
24859
24883
25060
25086
25115
25136
25157
25184
25207
25236
25261
25451
25475
25511
25536
25646
25668
25705
25744
26416
26443
26478
26499
26520
26542
26564
26591
26616
26652
26675
26703
26725
26762
26789
26810
26831
26852
26890
26920
26951
26979
27000
27023
27045
27085
27115
