# 549, 00946d28a29ecae2245621752a6f230e83875265379e4d7c35c94e6d51ff25e4.SC2Replay
5327
5365
5812
5841
5881
5904
5927
5952
8055
8076
8100
8123
8158
8345
8372
8413
8681
8706
8727
8757
8780
8802
9690
9714
9977
10005
10032
10053
10093
10130
10152
10333
10355
10387
10410
10440
10461
10513
10546
10677
10705
10726
10761
10797
10822
10845
10886
10914
10938
10978
11004
11025
11064
11088
11126
11157
11193
11215
11411
11445
11472
11508
11534
11557
11578
11619
11646
11668
11691
11729
11755
11776
11799
11824
11859
11887
11913
11941
11976
11997
12035
12061
12083
12108
12133
12162
12186
12224
12259
12282
12307
12348
12374
12398
12430
12453
12474
12502
12523
12550
12571
12599
12620
12667
12773
12795
12837
12870
12893
12933
12968
12994
13143
13165
13191
13217
13240
13268
13289
13408
13483
13504
13537
13573
13597
13618
13659
13683
13707
13735
13773
13890
13934
13963
13992
14017
14042
14129
14153
14181
14215
14249
14275
14316
14342
14380
14405
15042
15064
15091
15114
