# 785, 27f384b98597ece9df1dbf63446429ec7a3cd4fc7fc2fc615538b085748a34dd.SC2Replay
4142
4168
4189
4213
4242
4266
4304
4332
4361
4382
4404
4428
4469
4495
4517
4538
4566
4592
4614
4636
4667
7145
7171
7322
7346
7576
7660
7940
7966
8058
8079
8118
8147
8191
8226
8247
8332
8371
8400
8423
8462
8485
8512
8551
8576
8609
8726
8750
8840
8868
8894
8917
8947
8985
9021
9044
9066
9089
9119
9154
9192
9495
9518
9781
9831
9852
10044
10065
10086
10136
10164
10197
10218
10257
10281
10305
10332
10353
10495
10751
10776
11408
11430
11503
11676
11698
11720
11748
12029
12059
12081
12115
12150
12177
12332
12363
12384
12405
12437
12462
12495
12517
12539
12564
12586
12623
12663
12693
12723
12751
12775
12811
12837
12863
12884
12919
12953
12986
13011
13038
13370
13405
13552
13579
13620
13658
13683
13705
13738
13759
13790
13824
13859
13953
15321
15348
15372
15411
15445
15473
15496
15521
15542
15755
15792
15966
15994
16024
16059
16080
16121
16150
16175
16200
16230
16257
16279
16301
16323
16346
16375
16398
16420
16441
