# 1677, 1c81eeeb3ab197d64a84f54da2aea70439fdb6af6ffd399fab7a047342113b5b.SC2Replay
6037
6090
6127
6160
6220
6241
6545
6655
7937
8555
8589
8676
8777
8801
8831
8852
8976
9012
9040
9078
9106
9135
9222
9249
9288
9704
9944
9992
10014
10040
10061
10087
10123
10861
11046
11095
11498
11639
11667
11692
11865
11892
11923
11962
12062
12165
12276
12317
12343
12373
12403
12424
12445
12466
12502
12541
12564
12593
12651
12675
12704
12756
12777
12798
12851
12875
12906
12933
12960
13054
13105
13522
13546
13574
13602
13623
13648
13688
13756
13784
13951
13976
14022
14049
14110
14136
14169
14259
14281
14325
14351
14382
14461
14571
14606
14661
14711
14733
14774
14795
14869
14893
14924
14946
14967
14996
15028
15049
15125
15167
15223
15291
15346
15369
15399
15420
15447
15570
15592
15616
15651
15736
15773
15810
15834
15866
15887
15942
15980
16001
16027
16052
16093
16114
16162
16186
16225
16246
16267
16308
16341
16378
16418
16440
16485
16507
16528
16551
16590
16968
16999
17020
17041
17119
17153
17191
17212
17235
17258
17298
17334
17357
17387
17409
17439
17471
17496
17517
17545
17571
17612
17633
17654
17686
17720
17743
17769
