# 357, 1eab495e4ae4766b277319f32965324d7c82597f5dc087cbe438314191dd90af.SC2Replay
4115
4140
4167
4188
4209
4233
6717
6889
6912
6995
7020
7049
7084
7108
7142
7163
7184
7215
7244
7463
7792
7822
8189
8211
8232
8323
8344
8365
8387
8408
8429
8677
8712
8740
8766
8939
9036
9122
9149
9179
9224
9256
9316
9737
9760
9795
9816
9837
9865
9886
9907
9930
9956
9978
10019
10041
10066
10099
10121
10157
10184
10206
10227
10264
10296
10332
10418
10442
10463
10484
10524
10552
10662
10687
10708
10732
10753
10775
10803
10836
10864
10933
10976
11001
11023
11294
11324
11347
11368
11483
11517
11589
11612
11665
11689
11721
11743
11766
11798
11824
11847
11875
11899
11989
12016
12046
12179
12201
12223
12255
12284
12317
12352
12377
12398
12794
12840
12862
12894
12924
12946
12975
13003
13030
13051
13083
13116
13154
13188
13215
13237
13341
13366
13391
13412
13433
13469
13494
13799
13826
13853
13878
13916
14479
14617
14648
14679
14794
14871
14892
14916
14950
14977
14999
15035
16494
16528
16557
16581
16603
16629
16667
16688
16716
16738
16768
16798
16845
16885
