# 900, 27b44964a8742fd305fe5ee930f7244cf6ed904e0464b3df41154b1daffe9c15.SC2Replay
5384
5423
5444
5518
5560
5584
6045
6067
6101
6128
6220
6252
6282
6303
6327
6352
6376
6620
6649
6682
6854
6940
6961
7191
7215
7448
7469
7492
7513
7540
7562
7766
7795
7817
7853
8222
8244
8266
8503
8524
8546
8574
8597
8618
8663
8692
8713
8734
8770
9094
9134
9157
9179
9208
9234
9347
9429
9452
9791
9814
9839
9863
9901
9931
9956
9978
10005
10029
10150
10171
10212
10233
10254
10285
10309
10345
10370
10402
10441
10473
10494
10515
10536
10670
10699
10732
10756
10817
10856
10877
10905
10926
10963
11018
11132
11219
11406
11428
12194
12298
12323
12347
12372
12395
12419
12455
12779
12805
12831
12864
12891
12913
12943
12973
13092
13117
13138
13771
13796
13820
13844
13866
13890
13919
13940
14150
14184
14205
14234
14257
14283
14309
14334
14402
14459
14492
14920
14942
15504
15662
15683
15704
15739
15764
15799
16186
16216
16244
16266
16293
16316
16525
16547
16572
16709
16735
16764
16791
16836
16873
17011
17051
17073
17098
17137
17167
17188
17209
17231
17257
17278
17303
17333
17374
