# 1515, 2898c2d9198dc18252f1314d6deb2f7fac62705ce8be71f2990f56e88778ae88.SC2Replay
3752
3776
3800
3821
3850
3876
3909
3931
3952
4002
4026
4059
4096
4118
4144
4177
4460
4484
4514
4604
4760
4782
4806
4829
4865
4890
4954
4979
5018
5048
5081
5117
5146
5167
5189
5221
5243
5267
5322
5352
5392
5413
5436
5457
5479
5504
5540
5573
5608
5629
5651
5676
5715
5962
5984
6006
6031
6076
6106
6128
6189
6210
6243
7075
7262
7288
7316
7337
7382
7405
7475
7499
7532
7553
7575
7679
7708
7734
7803
7826
7866
7895
7921
8855
8881
8906
9226
9248
9269
9293
9783
9938
10151
10312
12349
12380
12425
12449
12496
12537
12571
12607
12648
13124
13150
13236
13260
13285
13307
13332
13365
13393
13421
13463
13526
13571
13632
13667
13693
13889
13955
13982
14010
14042
14107
14135
14177
14212
14245
14269
14301
14375
14402
14690
14730
14756
14787
14844
14890
14936
14986
15009
15040
15073
15101
15125
15156
15184
15224
15252
15277
15298
15320
15365
15400
