# 426, 05632af7b743ab216a494681923aca3fd1300ee2060722f91002ce877aa05660.SC2Replay
4612
4634
4667
4700
4721
4745
11889
11911
11951
11981
12005
12029
12052
12102
12124
12150
12173
12215
12246
12280
12797
12820
12842
12874
12896
12932
12981
13004
13033
13054
13114
13143
13171
13195
13220
13245
13266
13291
13318
13349
13377
13400
13435
13458
13488
13510
13532
13558
13583
13604
13683
13708
13730
14605
14632
15003
15024
15063
15090
15121
15157
15178
15207
15228
15255
15286
15315
15336
15359
15382
15691
15712
15746
15769
15792
15897
15926
15991
16690
16934
16965
16991
17017
17092
17124
17148
18290
18332
19084
19503
19614
19695
19878
19968
19992
20021
20063
20098
20124
20149
20312
20400
20431
20463
20493
20611
20641
20662
20684
20706
20736
20759
20845
21017
21049
21071
21106
21133
21156
21693
21723
21746
21767
22669
22699
22727
22750
22779
23255
23294
23748
23778
23799
23823
23844
23871
23892
23913
23940
23969
23994
24030
24051
24072
24095
24126
24165
24206
24228
24252
24279
24300
24323
24349
24380
24401
24422
24458
24488
24528
24557
24578
24606
24641
24666
24692
24714
24747
24784
24814
24855
24877
24902
24930
24953
25011
25032
25055
25078
25099
25120
25141
25162
25200
25236
25261
25286
25315
25347
25375
25412
25436
25461
25490
25517
25538
25568
25590
25620
25644
25665
25768
25795
25821
25858
25883
25912
25935
25965
25986
26012
26039
26238
26363
26385
26458
26482
26508
26535
26556
26577
26602
26634
26655
26685
26720
26755
26781
26818
26847
26878
26912
26937
26960
26981
27005
27029
27053
27077
27099
27140
27161
27190
27219
27252
27280
27715
27736
27805
27841
27866
27960
27982
28012
28041
28064
28092
28123
28155
28180
28209
28247
28285
28318
28346
28380
28401
28423
28450
28483
28504
28536
28557
28578
28619
28649
28672
28711
28734
28764
28795
28830
28870
28910
28936
28961
28987
29022
29054
29075
