# 1232, 1c2bdfdf438b226d29262976d1b04586248b6fee1cf79d09232c52cd065f26ba.SC2Replay
4158
4213
4243
4271
4332
4480
4552
4582
7788
7810
7833
7859
7891
7930
7952
7977
7998
8035
8056
8079
8133
8159
8245
8286
8712
8735
8774
8804
8826
8852
8875
8900
8956
8978
9000
9036
9061
9322
9350
9371
9401
9422
9452
9482
9509
9533
9628
9669
9691
9712
9737
9774
9803
9826
9849
9871
9893
9914
9936
9957
9994
10021
10047
10075
10105
10131
10152
10177
10201
10237
10270
10291
10312
10345
10372
10413
10436
10457
10478
10499
10523
10552
10573
10594
10630
10668
10690
10713
10739
10763
10791
10825
10863
10884
10908
10940
10966
10995
11018
11040
11064
11103
11137
11162
11189
11217
11250
11284
11305
11329
11358
11379
11402
11439
11472
11493
11515
11545
11566
11591
11621
11658
11694
11717
11754
11782
11855
11893
