# 908, 0edcc6c8b2dc29fca091425055f229fc43c1e735e7f813b2d1378d457756dc8a.SC2Replay
7327
8763
8789
8810
8831
10044
10066
10089
12095
12135
12171
12203
12239
12269
12303
12329
12364
12391
12415
12436
12465
12496
12551
12572
12598
12628
12655
13093
13118
13142
13166
13199
13227
13251
13274
13296
13317
13354
13381
13548
13570
13594
13615
13639
13674
13697
13725
14454
15228
15255
15287
15312
15337
15362
15386
15412
15446
15485
15512
15539
15575
15597
15637
15819
15845
15872
15897
15919
16160
16193
16221
16305
16557
16579
16602
16641
16674
16711
16983
17012
17043
17077
17117
17139
17160
17182
17215
17255
17284
17315
17342
17363
17396
17425
17464
17485
17515
17537
17558
17580
17615
17641
17663
17827
17848
17871
17898
17926
17965
17987
18009
18034
18055
18082
18107
18141
18179
18209
18232
18256
18277
18303
18342
18382
18420
18443
18478
18500
18531
18633
18654
18682
18704
18725
19289
19314
19353
19374
19395
19421
20059
20082
20106
20142
20167
20196
20220
20270
20294
20323
20354
20379
20409
20430
20555
20577
20607
21212
21248
21328
21364
21589
21620
21645
21810
21833
21854
21885
21923
21962
23822
23853
23880
23903
23925
23946
23969
24009
24245
24272
24377
24416
24443
24543
24571
24609
24647
24676
24701
24740
24772
24798
24830
24851
24872
24893
24921
24948
24972
25007
25042
25064
25085
25111
25143
25164
25186
25217
25246
25278
27384
27405
27435
27459
27480
27518
28422
28456
28478
28501
28539
28560
28830
28855
28879
28900
28940
28969
28990
29011
29039
29072
29155
29183
29218
29289
29320
29347
29459
29480
29502
29529
29551
29572
29605
29626
29647
29669
30762
32073
32108
32135
32157
32179
32200
32221
32250
32275
32311
32345
32373
32396
32417
32450
32474
32499
32526
32551
32629
32659
33191
33231
33257
33367
33389
33420
33455
33495
33594
33617
33655
33680
33702
33724
33749
33783
33804
33829
33852
33875
33907
33948
33972
33994
34021
34046
34071
34104
34128
34150
34171
34194
34226
34249
34276
34301
34620
34653
35089
35120
35284
35341
35489
35530
35558
35585
35610
35645
35671
35696
35722
35748
35784
35814
35841
35874
35895
35926
35956
35978
36000
36039
36062
36087
36116
36145
36186
36213
36243
36270
36291
36312
36338
36362
36447
36469
36493
36515
36543
36564
36585
36606
36631
36657
36678
36907
36929
36957
36979
37000
37028
37053
37076
37115
37137
37176
37199
37221
37246
37279
37308
37333
37382
37415
37439
37460
37491
37514
37551
37578
38112
38133
38154
38178
38208
38231
38258
38280
38431
38459
38484
38521
38779
38814
38848
38880
38923
38954
38985
39018
39042
39165
39200
39222
39246
39268
39291
39313
39346
39368
39389
39417
39452
39475
39504
39538
39559
39581
39610
39649
39676
39699
39739
39763
39787
39808
39831
40072
40508
40534
40561
42359
42383
