# 579, 11c25489a7611793ca5ced8e794ed63c92872e0f5abac02b71fbf321a0ece938.SC2Replay
4459
4480
4820
5095
5124
5163
5189
5211
5248
5272
5296
5317
5395
5426
5470
5497
5527
5551
5939
5976
6004
6025
6047
6079
6100
6121
6182
6211
6264
6436
6457
6642
7234
7255
7276
7330
7351
7382
7517
7538
7559
7650
7671
7692
7715
7812
7853
7885
7909
7934
7961
8666
8687
8716
8740
8763
8789
8811
9003
9024
9045
9102
9207
9241
9390
9412
9643
9679
9766
9822
9851
9910
9940
9962
9992
10021
10112
10134
10161
10296
10410
10434
10455
10480
10672
10825
10866
10889
10912
10956
10997
11037
11067
11446
11469
11545
11582
11604
11643
11671
11693
11723
12093
12124
12286
12403
12425
12458
12492
12575
12739
12886
12913
12939
12967
13004
13050
13073
13100
13126
13148
13169
13194
13226
13262
13298
13329
13354
13383
13411
13439
13512
13536
13579
13608
13629
13660
