# 1519, 13a0a364b0c0cc77a5dc01fbae1cab748ee8435053e972f6aa23fbd83c9ac434.SC2Replay
4707
5377
5398
5429
5451
5481
5896
6118
6391
6433
6468
6914
6944
6968
7032
7065
7088
7201
7234
7490
7514
7536
7557
7579
7608
7645
7666
7701
7729
7755
7789
7810
7832
7853
7880
7901
7953
8281
8338
8366
8490
8512
8577
8599
8658
8696
8718
8740
8766
8794
8820
8862
8981
9012
9081
9584
9682
9709
9731
9753
9775
9796
9827
9866
10120
10150
10175
10203
10236
10265
10290
10329
10384
10439
10474
10505
10571
10598
10620
10641
10677
10745
10810
10846
10901
10936
10961
10982
11009
11034
11058
11083
11124
11234
11286
11320
11347
11369
11515
11550
11576
11600
11622
11658
11969
12231
12267
12308
12332
12353
12374
12395
12424
12446
12485
12700
12723
12893
13264
13291
13312
13337
13360
13433
13470
13491
13512
13638
13688
13720
13753
13776
13915
14260
14281
14335
14433
14486
14508
14539
14573
14597
14618
14639
14698
14772
14816
14839
14861
14882
14903
14924
15162
15197
15221
15243
15539
15592
15623
15661
15683
15704
15735
15973
16039
16060
16082
16103
16181
16238
16262
16568
16594
16616
16640
16667
16693
16788
16834
16856
16998
17019
17052
