# 90, 0457b0119f4d00ac0b89cbd65c77f08667211333dd48eec398702647d14170da.SC2Replay
3467
3506
3537
3559
3613
4527
4565
4588
4758
4847
4871
4919
4948
4974
5011
5049
5073
5102
5124
5149
7097
7175
7197
7218
7264
7312
7421
7442
7477
8203
8232
8273
8298
8339
8365
8397
8418
8441
8469
8490
8512
8533
8555
8579
8602
8633
8662
8697
8722
8747
8768
8792
8814
8841
8867
8889
8924
8947
8972
8999
9031
9053
9075
9096
9128
9155
9183
9221
9246
9267
9288
9319
9340
9361
9693
9727
9750
9771
9795
9816
9842
9883
9920
9941
9968
9990
10014
10046
10068
10090
10116
10146
10185
10223
10244
10267
10299
10334
10368
10396
10433
10471
10497
10521
10542
