# 1669, 27ffd1044de5c02e200b7fb52d4e239f8a5094b8f6e231f4f5e5e988a4fb06eb.SC2Replay
2717
2758
2786
2828
2849
2904
3096
3119
3307
3347
3381
3404
3428
3450
3473
3505
3534
3555
3576
3600
3621
3645
3668
3709
3741
3765
3791
3830
3851
3874
3896
3925
3946
3969
4008
4029
4523
4554
4589
4610
4634
4655
4678
4708
4731
4752
4779
4808
4832
4853
4877
5299
5320
5345
5376
5397
5419
5443
5471
5509
5530
5578
5746
6543
6577
6598
6619
6651
6689
6715
6741
6765
6792
6825
6889
7103
7417
7490
7582
7604
7712
7767
8391
8436
8463
8519
8571
8755
8791
8812
8841
8887
8926
9011
9835
9856
9877
9941
9978
10011
10054
10094
10321
10342
10782
10844
10886
10912
10933
10958
10989
11157
11202
11227
11267
11581
11604
11784
11848
11885
11913
11950
11973
12001
12043
12084
12507
12619
12656
12697
12727
12764
12788
12917
13511
13538
13559
13636
13661
14024
14223
14260
14370
14479
14503
14573
14686
