# 250, 0a8f3429454fc861477d363e4fab86b53e311e36d80a73add68dc1bd51340f87.SC2Replay
4855
4887
4967
4998
5081
5109
5215
5242
5265
5388
5477
5555
5629
5694
5718
5768
5862
5888
5985
6007
6082
6115
6143
6164
6190
6227
6314
6340
6364
6398
6447
6528
6549
6624
6677
6738
6803
6828
6885
6912
6937
6961
6992
7014
7039
7065
7132
7175
7205
7227
7250
7372
7400
7428
7551
7593
7632
7703
7762
7790
7821
7855
7900
7942
7984
8005
8060
8108
8132
8188
8228
8252
8276
8307
8328
8355
8376
8409
8439
8466
8490
8516
8545
8570
8609
8638
