# 887, 2498f9948cecf5e6e8a3b8e443402870c0f99e00c31d193067f081948fb7bee9.SC2Replay
3346
3368
4628
4661
4685
4748
4797
4843
4866
4897
4940
4970
4992
5033
5059
5089
5115
5136
5165
5200
5226
5252
5973
5995
6020
6047
6076
6103
6124
6147
6175
6210
7494
7521
7542
7686
7711
7797
7942
7974
8001
8022
8653
8679
8712
8737
8767
8788
8814
8835
9101
9129
9159
9180
9202
9228
9928
9987
10022
10060
10087
10174
10197
10366
10461
10629
10710
10737
11029
11069
11183
11221
11291
11424
11445
11476
11503
11532
11577
11602
11697
11782
11947
12001
12090
12121
12155
12206
12270
12293
12316
12337
12402
12439
12551
12593
12630
12704
12755
12985
13183
13212
13234
13259
13296
13338
13508
13536
13558
13580
13602
13633
13660
13684
13714
13745
13778
13806
13830
13854
14062
14188
14235
14264
14299
14340
14678
14900
15182
15372
15393
15518
15562
15610
15980
16014
16049
16471
16513
16562
16590
16630
16696
16772
16928
17450
17477
17510
17853
17877
17927
17984
18038
18059
18081
18112
18158
18183
18238
18295
18318
18354
18376
18404
18426
18447
18471
18504
18533
18559
18583
18605
18656
18685
18730
18782
18825
18847
18894
18918
18991
19014
19039
19069
19091
19131
19156
19199
19243
19271
19361
19452
19475
19563
19600
19621
19822
19855
19961
20041
20064
20085
20111
20132
20160
20195
20230
20252
20282
20312
20337
21327
21353
21376
21414
21438
21459
21493
21517
21962
21998
22030
