# 1226, 0ac5c2aae059424b56f312c0bf7c67d3751c607c80f5240dd29827788f179af4.SC2Replay
3543
3816
3846
4101
4132
4196
4220
4250
4394
4416
4441
4544
4983
5007
5093
5226
5248
5464
5555
5590
5617
5639
5682
5714
5746
5805
5852
5888
5913
5987
6038
6192
6217
6264
6331
6378
6428
6471
6540
6612
6933
7212
7584
7694
7854
7885
7906
7929
7989
8012
8033
8054
8077
8114
8136
8172
8207
8248
8273
8314
8355
8376
8398
8419
8440
8461
8482
8513
8535
8567
8605
8636
8657
8678
8699
8733
8761
8785
8811
8844
8867
8894
8917
8939
8979
9006
9047
9068
9109
9144
9171
