# 167, 0dfd60421fa7ca56ff61e24f9b5602b788bffa0dbcb9ed325975f1bb27ad1f28.SC2Replay
3282
3377
3417
3523
3744
3809
3901
3995
4017
4040
4061
4095
4119
4766
4911
5067
5103
5127
5504
5526
5555
5581
5612
5640
5678
5702
5734
5759
5791
5815
5847
7094
7115
7139
7180
7202
7236
7266
7290
7329
7355
7468
7492
7528
7551
8473
8498
8519
8542
8569
8591
8622
8646
8678
8703
8725
8749
8848
8884
8933
8971
9010
9043
9067
9090
9112
9138
9663
9700
9733
9760
9798
9832
9857
9888
9910
9936
9965
10119
10813
10867
11359
11390
11418
11452
11474
11499
11521
11547
11582
11612
11636
11668
11704
11831
11856
11877
11918
11939
12909
12932
12954
13151
13185
13395
13421
13445
13475
13497
13531
13705
13739
13762
13788
13812
13834
13855
13877
13964
13986
14013
14035
14058
14079
14100
14138
14177
14201
14224
14333
14464
14485
14512
14535
14557
14581
14611
14642
14673
14696
14728
14749
14770
14803
14837
14867
14901
14925
14964
