# 1117, 1b69f8206ec47eb3268f3adc01ad25ff1f7491c0e257ad3dc28b37b37d138900.SC2Replay
5115
5185
9000
9032
9053
9083
9108
9135
9166
9188
9210
9234
9260
9281
9303
9326
9353
9374
9406
9428
9456
9479
9509
9535
9562
9593
9620
9644
9665
9690
9715
9746
9787
9825
9850
9877
9918
9941
9978
10004
12433
12464
12499
12540
12569
12593
12614
14021
14042
15219
15241
15383
15405
15431
15694
15717
15743
15770
16020
16058
16079
16100
16121
16143
16172
16194
16232
16259
16285
16319
16357
16381
16411
16433
16473
16503
16524
16545
16568
17679
17962
18068
18104
18127
18285
20450
20479
20505
20542
20824
20855
21249
22023
22044
22066
22242
22304
22548
22569
22780
23518
23760
24141
24170
24213
24235
24256
24278
24309
24333
24358
24397
24421
24444
24474
24506
24547
24572
24599
24621
24652
24684
24712
24740
24965
25053
25886
26735
27277
27320
27341
27378
27401
27424
27539
27570
27591
27612
27650
27737
27764
27785
27940
27963
27988
28027
28053
28080
28113
28171
28204
28232
28263
28290
28311
28337
28359
28394
28415
28436
28464
28499
28529
28589
28642
28680
28722
28758
28794
28815
28841
28869
28890
28912
28955
28981
29004
29032
29053
29077
29103
29154
29212
29233
29257
29283
29321
29363
29388
29433
29458
29525
29549
29575
29597
29621
29644
29671
29696
29731
29754
29796
29824
29848
29870
29898
29919
29956
29983
30008
30045
30070
30103
30128
30149
30171
30193
30226
30251
30277
30305
30356
30381
30403
30429
30460
30487
30512
30563
30594
30618
30655
30701
30742
30771
30812
30855
30883
30922
30946
30970
31011
31051
31083
31106
31146
31173
31194
31215
31252
31280
31316
31347
31377
31400
31430
31452
31483
31522
31550
31601
31856
31880
31904
31926
31947
31968
31992
32039
32073
32103
32140
32164
32189
32214
32255
32287
32320
32342
32364
32484
32583
32740
32802
32825
32883
32915
32938
32966
33056
33290
33428
33456
33477
33498
33531
33854
33885
33907
33932
33954
34147
34168
34214
34248
34270
34295
34320
34349
34375
34404
34445
34489
34536
34584
34608
34650
34688
34712
34744
34778
34827
34905
34927
34948
34971
34992
35080
35125
35197
35218
35276
35301
35340
35410
35544
35571
35638
35670
35694
35943
35965
36081
36102
36154
36184
36207
36233
36389
36454
36476
36501
36523
36551
36572
36593
36614
36654
36690
36733
36791
36817
36840
36869
36906
36943
36982
37019
37043
37066
37196
37218
