# 1831, 18a8eda84df77342ff1329764efd332e6283fb75831a2f536212d7bb0a189ad6.SC2Replay
12989
13014
13040
13061
13099
13125
13149
13174
13200
13228
13250
13288
13312
13339
13369
13401
13423
14730
14760
17617
17640
17671
17700
17721
20136
20170
20191
20214
20235
20258
20283
20304
20325
21845
23452
23473
23498
23608
23639
23660
24021
24044
24068
24089
24113
24140
24170
24194
24218
24246
24267
24289
24330
24352
24373
24401
24426
24447
24475
24504
24527
24552
24573
24602
24630
24654
25712
25736
25758
26248
26274
26299
26325
26352
26379
26403
26437
26476
26508
26530
26552
26580
26614
26635
26658
26681
26707
26728
26749
26772
26804
26834
26855
26884
26907
27000
27026
27050
27076
27111
27141
27163
27197
28193
28221
28242
28264
28285
28308
28459
28484
28520
28543
28568
28597
28626
28664
29170
29193
29233
29255
29278
30276
30515
30545
30576
30601
30622
30647
30672
30698
30721
30742
30765
30909
30932
30970
31006
31042
31076
31107
31132
31171
31211
31233
31268
31304
31331
31355
31390
34084
34105
34140
34169
34199
34237
34261
34284
34309
34335
34361
34385
34409
34438
34460
34481
34502
34525
34566
34597
34628
34652
34673
34694
42546
42575
42604
42629
42654
42675
42698
42725
42757
42787
42808
42831
42853
42878
43676
43699
43722
43748
43780
43808
43841
43865
43886
44255
44281
44310
44332
44354
44389
44418
44456
44477
44500
44531
44564
46384
46407
48695
50293
51070
51099
51139
51160
51184
51208
51235
51268
51291
52011
52032
52054
52091
52112
52141
52173
52196
52222
52259
52292
52317
52343
52372
52393
52433
52459
52481
52512
52533
52554
52579
52601
52626
52647
52681
52704
52732
52756
52789
52827
52861
52885
52908
52934
52969
53000
53021
53043
53066
53099
53132
53153
53174
53199
53235
53264
53285
53306
53328
53350
53381
53419
53440
53462
53494
53515
53539
53572
53594
53618
53641
53668
54221
54247
54435
54457
54482
54510
54544
54565
54593
54630
54655
54973
55004
55026
55048
55073
55096
55118
55139
55178
55218
55250
55274
55302
55822
55843
55865
55894
55927
55953
55976
56106
56133
56168
56190
56211
56239
56275
56304
56328
56392
56422
56471
56492
56519
56578
56605
56633
56657
56678
56712
56745
56796
56822
56843
56869
56890
56911
56969
56995
57046
57102
57130
57184
57228
57249
57287
57331
57371
57410
57443
57484
57522
57547
57573
57673
57695
57717
57743
57770
57805
57834
57864
57930
57979
58004
58067
58131
58161
58202
58438
58475
58514
58544
58598
58628
58661
58772
58797
58851
58874
58911
58937
58959
58984
59023
59047
59093
59149
59181
59203
59233
59264
59287
59320
59350
59379
59407
59787
59828
59849
59878
59915
59945
59974
60005
60031
60059
60090
60131
60155
60181
60361
60394
60418
60443
60470
60498
60519
60555
60578
60600
60621
60659
60682
60704
60793
60816
60838
60859
61011
61063
61095
61123
61151
61177
61212
61247
61269
61296
61318
61339
61383
61408
61469
61493
61521
61545
61938
61974
62388
62417
62445
62466
62494
62516
62556
62595
62619
62640
63026
63057
63090
63113
63400
63425
63455
63480
63509
63536
63582
63668
63689
63710
63748
63773
63797
63830
63853
63874
63901
63928
63971
64078
64144
64167
65012
65033
65066
65087
65108
65130
65156
65179
65210
65233
65254
65296
65374
65400
65639
65666
65725
65761
65793
65814
65851
65910
65970
66004
66101
66125
66146
66177
66230
66265
66342
66387
66410
66432
66462
66490
66521
66559
66608
66632
66672
66713
66777
66809
66960
67069
67099
67152
67224
67265
67297
68162
68201
68237
68258
68282
68314
68336
68361
68400
68436
68464
68495
68522
68560
68587
68617
68653
68691
68712
68733
68756
68781
68806
68833
68872
68895
68920
68941
68962
68988
69013
69042
69073
69107
69129
69437
69489
69527
69569
69605
70193
70219
70245
70267
70291
70316
70348
70373
70413
70581
70608
70664
70694
70721
70744
70765
70827
70851
70876
70901
70924
70946
70968
71012
71097
71162
71193
71259
71341
71427
71472
71513
71575
71598
71710
71741
71961
71987
72011
72035
72075
72102
72135
72166
72230
72307
72350
72413
72453
72476
72532
72637
72663
72704
72730
72759
72793
72815
72862
72914
72946
72972
72994
73015
73036
73060
73084
73106
73139
73161
73186
73207
73228
73250
73280
73305
73330
73356
73386
73408
73430
73451
73473
73504
73537
73569
73597
73650
73672
73712
73745
73775
73798
73839
73872
73896
73917
73938
73959
73981
74014
74041
74065
74086
74119
74152
74180
74201
74226
74262
74298
74319
74342
74369
74391
74414
74435
74458
74480
74510
74547
74646
74686
74712
74736
74757
74816
74839
74860
74881
74944
74994
75016
75047
75130
75152
75176
75219
75247
75367
75405
75433
75488
75531
75562
75765
75801
75873
75894
75922
75972
76036
76090
76112
76153
76183
76360
76389
76581
76602
76657
76845
76889
76918
76975
77001
77027
77071
77095
77126
77158
77180
77212
77236
77260
77281
77312
77333
77361
77395
77432
77464
77491
77512
77534
77563
77590
77621
77646
77678
77708
77729
77768
77790
77811
77848
77874
77899
77939
77972
78001
78069
78124
78145
78186
78228
78310
78356
78391
78412
78433
78466
78540
78562
78602
78628
78660
78694
78715
78759
78807
78850
78887
78921
78975
79107
79140
79169
79242
79279
79339
79389
79421
79503
79579
79609
79655
79686
79721
79751
79783
79878
79911
80233
80257
80303
80341
80387
80409
80475
80516
80538
80565
80591
80617
80656
81482
81553
81621
83278
83325
84406
84456
84514
86914
86936
87423
87463
87537
87567
87622
87690
88198
88232
88260
88301
88328
88364
88406
88700
88726
88799
88821
88857
88894
88936
89009
89045
89076
89238
89573
89638
89713
89747
89785
89886
89907
89949
89984
90015
90041
90068
90151
90199
90222
90276
90301
90385
90411
90446
90474
90555
90605
90715
90756
90791
90831
90878
90932
90988
91026
91055
91077
91101
91128
91184
91285
91322
91349
91391
91412
91444
91475
91513
91544
