# 343, 123856779473362acb389ea74a73a54473c3be2c443ccffe39af49a1e892f173.SC2Replay
4257
4286
4337
5728
6156
6191
6298
6476
6497
8257
8280
8303
8325
8364
8761
8787
8811
8832
8853
8882
9009
9032
9064
9464
9485
9506
9541
9562
9583
10323
10385
10415
10519
10549
10570
10806
10850
10882
10928
10974
11376
11413
11451
11474
11496
11528
11555
11804
11900
12191
12217
12238
12263
12291
12336
12359
12388
12427
12450
12576
12599
12628
12871
12905
13029
13056
13079
13161
13195
13226
13432
13453
13476
13497
13525
13555
13578
13604
13625
13653
13691
13723
13750
13975
14000
14029
14061
14084
14108
14132
14153
14328
14373
14411
14446
14471
14496
14531
14558
14582
14603
14626
14812
14841
14865
14890
14929
14967
14990
15030
15058
15080
15101
15128
15152
15182
15213
15241
15264
15288
15328
15359
15384
15417
15439
15478
15506
15534
15574
15601
15636
15660
15692
15722
15755
15782
15806
15828
15849
15877
15899
15920
15956
15989
16014
16039
16063
16084
16105
16133
16169
16191
16225
16258
16282
16313
16335
16361
16386
16407
16429
16451
16478
16511
16535
16558
