# 928, 29210830bf7037dd8f38d5b315a63e0d1f6bcef658d127efb00884d2301c823c.SC2Replay
7407
7437
7470
7503
7775
7797
7820
7861
7884
7905
8047
8072
8103
8128
8152
8173
9148
9170
9197
9228
9258
9409
10403
10425
10456
10506
10563
10588
10620
10641
10667
10690
10716
10757
10783
10805
10836
10868
10905
10926
10980
11003
11026
11061
11088
11118
11156
11178
11199
11225
11246
11268
11290
11311
11332
11356
11394
11424
11446
11471
11492
11517
11542
11575
11608
11644
11666
11697
11728
11760
11799
11829
11852
11881
11905
11946
11990
12051
12320
12347
12379
12415
12440
12472
12493
12520
12543
12590
12631
12664
12687
12715
12736
12941
13081
13102
13123
13148
13262
13303
13343
13371
13411
13433
13464
13524
13548
13589
13622
13646
13667
13688
13726
13747
13788
13826
13857
13884
13916
13937
13958
13984
14015
14040
14067
14092
14115
14138
14161
14189
14210
14237
14276
14297
14344
14369
14397
14418
14439
14460
14608
14631
14655
14734
14779
14806
14827
14868
15005
15249
15412
15438
15460
15483
15506
