# 1812, 097ffed356e63ff421c4a03bd8b3cb0c072a35eefe9b5003358e5830afbf8517.SC2Replay
4830
4852
4886
4908
4936
4957
4978
5010
5037
5067
5094
5115
5136
5171
5192
5217
5239
5821
5842
5877
5909
5946
5979
6003
6032
6063
6086
11528
11549
11570
11617
11648
11679
11702
11731
11823
11921
11945
11966
12046
12380
12412
13360
13394
13416
13456
13503
16439
16481
16532
16553
16601
16647
16695
16746
16799
16877
16909
16934
16972
17010
17042
17082
17103
17484
17512
17723
17766
17803
17839
17883
18028
18058
18101
18163
18204
18227
18261
18310
18544
18572
18594
18617
18651
18674
18695
18716
18844
18872
18928
18949
18977
19001
19027
19064
19098
19120
19145
19173
19206
19231
19260
19291
19322
19352
19378
19401
19424
19451
19472
19493
19518
19603
19633
19667
19688
19709
19731
19760
19911
19942
19965
19987
20018
20041
20077
20113
20149
20170
20191
20228
20257
20283
20304
20337
20366
20398
20421
20443
20466
20506
20532
20557
20582
20617
20642
20681
20711
20735
20837
20861
20891
20916
20949
20973
21003
21024
21057
21096
21127
21163
21200
21226
21252
21279
21320
21349
21373
21396
21426
21448
21470
21491
21520
21547
21568
21598
21621
21649
21686
21721
21754
21790
21817
21849
21877
21898
21930
21953
21980
22009
22040
22075
22326
22350
22378
22399
22420
22449
22473
22504
22530
22597
22626
22898
22926
22948
22974
22998
23029
23052
23077
23103
23128
23514
23540
23566
23589
23640
23662
23683
23710
23733
23754
23784
23820
23858
23898
23934
23973
24035
24062
24087
24108
24133
24159
24191
24226
24256
24292
24317
24719
24750
24771
24796
24833
24859
24883
24905
24929
24953
24994
25075
25113
25136
