# 1208, 20ed115af934b528c03302dba94b45c92c36b48e9f8bcfedc1271c9d0ead6aa1.SC2Replay
7180
7208
7234
7258
7317
7396
7418
7445
7466
7760
7781
7802
7927
8163
8188
8212
8305
8837
8863
8891
8912
8933
8961
8995
9021
9042
9064
9088
9118
9158
9282
9343
9375
9406
9430
9668
10484
10654
10838
10955
11103
11134
11244
11266
11299
11516
11544
11618
11652
11675
11707
11735
11953
11974
12001
12413
12442
12509
12608
12635
12753
12780
12812
12842
12867
13171
13232
13273
13294
13385
13407
13444
13499
13635
13732
13762
13944
13975
14001
14028
14050
14073
14101
14187
14310
14331
14352
14380
14411
14434
14846
14894
15056
15096
15313
15336
15357
15379
15402
15426
15451
15766
15807
15857
16093
16121
16219
16267
16292
16332
16361
16383
16404
16444
16468
16493
16531
16552
16574
16596
16625
16653
16675
16698
16763
17111
17446
17468
17491
17535
17671
17707
17732
17908
17931
17960
17981
18011
18037
18071
18217
18264
18330
18407
18456
18500
18539
18600
18642
18760
18949
19263
19299
19323
19347
19368
19400
19433
19456
19478
19500
19584
19703
20045
20085
20120
20144
20335
20458
20479
20503
20529
20564
20586
20607
20639
20670
20695
20757
20830
20957
20982
21006
21032
21058
21088
21110
21141
21164
21191
21212
21239
21267
21291
21330
21351
21377
21402
21436
21468
21493
21526
21547
21575
21615
21645
21675
21697
21725
21753
21779
21815
21842
21863
21884
21912
21944
21970
21995
