# 1003, 1c57b09482ae25ada2c5d15df99d56ba3d667932964c1b179671cada2ccba8c8.SC2Replay
5080
5114
5153
5182
5206
5251
5291
5484
5521
5545
5571
5597
5632
5670
5699
5845
5878
5901
5934
5965
6002
6031
6063
6110
6164
6234
6357
6393
6442
6501
6536
6586
6610
6653
6784
6838
6867
6905
6931
6952
6982
7003
7059
7100
7169
7245
7273
7311
7338
7370
7397
7418
7508
7552
7606
7638
7680
7784
7815
7853
7894
7919
7954
7999
8023
8056
8532
8581
9011
9051
9091
9124
9161
9187
9208
9236
9264
9305
9347
9440
9478
9525
9550
9573
9650
9673
9707
9729
9762
9790
9814
9989
10014
10047
10086
10122
10150
10210
10232
10253
10279
10314
10335
10375
10405
10438
10626
10652
10676
11217
11249
11288
11483
11508
11567
11596
11617
11655
