# 1714, 271d9caea1231503a17a28e60bc63c140d21f496871c58a659df132e9c37ab90.SC2Replay
4008
4032
4056
4088
4124
4146
4175
5696
6516
7164
7204
7231
7281
7306
7630
7765
7885
7929
7968
7999
8021
8055
8083
8120
8143
8176
8201
8222
8298
8332
8372
8410
8438
8757
8786
8944
8976
9046
9101
9127
9148
9171
9208
9250
9314
9352
9463
9520
9745
9793
9850
9975
10010
10097
10255
10338
10376
10484
10512
10594
10620
10645
10768
10814
10848
10927
11189
11226
11253
11392
11448
11509
11557
11611
11668
11817
11860
11950
12015
12043
12129
12226
12254
12283
12312
12451
12475
12501
12523
12544
12586
12618
12648
12678
12714
12738
12776
12799
12851
12898
12930
12952
12976
13009
13650
13678
13717
13746
13800
13834
13856
13881
13919
13944
13973
14006
14038
14068
14107
14136
14170
14196
14519
14553
14579
14623
14817
14848
14870
14894
14919
14952
14987
15013
15046
15074
15103
15167
15195
15216
15245
15282
15304
15332
15358
15379
15400
15423
15463
15486
15682
15705
15887
15925
15988
16094
16129
16153
16222
16318
16343
16380
16426
16462
16547
16591
16665
17065
17094
17152
17188
17221
17260
17306
17331
17352
17373
17427
17514
17657
17716
17740
17774
17860
17882
17928
17973
18005
18042
18065
18122
18243
18272
18309
18335
18360
18396
18439
18531
18632
18702
18748
18773
18812
18848
18943
18975
19008
19034
19100
19122
19161
19200
19265
19290
19313
19441
19478
19520
19633
19689
19788
19818
19891
20169
20218
20314
20417
20566
20614
20643
20678
20743
20765
20807
20829
20883
20906
20974
21004
21209
21236
21294
21317
21356
21388
21477
21527
21564
21659
21762
21810
22618
22654
22744
22773
22804
22833
22865
22896
25044
25066
25087
25109
25133
25155
