# 1761, 20c3c68e9ee69fca568c2434682eb9c1411df0bd628e3729c4b59ba1b1eba7d2.SC2Replay
4391
4971
5001
5046
5067
5833
6030
6060
6084
6106
6136
6157
6217
6251
6286
6308
6345
6374
6410
6431
6453
6480
6504
6533
6554
6582
6772
6960
7121
7159
7194
7454
7643
7831
7867
7891
8020
8179
8207
8396
8421
8453
8477
8557
8579
8820
8842
8867
8899
8936
8958
8985
9045
9193
9215
9238
9262
9288
9309
9340
9365
9421
9526
9548
9578
9613
9646
9667
9698
9728
9750
9774
9802
9823
9847
9868
9892
9916
9977
10006
10047
10076
10130
10157
10190
10215
10252
10288
10574
10611
10753
10777
10836
10860
10895
11014
11039
11066
11093
11144
11382
11412
11451
11479
11518
11539
11563
11588
11697
11721
11750
11783
11887
11912
11934
11958
11984
12007
12122
12160
12316
12345
12384
