# 1272, 05d84917847aa768fdae453ed9c14b53092f5900e6737fa51b8d5ebdef6decbe.SC2Replay
7930
7952
7998
8329
8363
8385
8499
8526
8640
8693
8715
8739
9610
10041
10072
10251
10487
10854
10891
10929
10950
11462
11483
11504
11591
11752
11774
11922
11943
11971
11994
12036
12059
12085
12119
12421
12505
12643
12664
12685
12709
12743
12814
12835
12864
12905
12959
12983
13140
13305
13332
13369
13394
13436
13509
13531
13561
13586
13612
13640
13714
13740
13761
14207
14229
14253
14276
14297
14346
14378
14417
14438
14459
14518
14552
14574
14596
14618
15090
15133
15158
15179
15211
15496
15522
15640
15677
15698
15720
15741
15763
15801
15823
15844
15866
15892
15919
15946
15969
15990
16013
16212
16503
16525
16563
16595
16625
16650
16691
16731
16758
16782
16810
16831
16919
17002
17282
17303
17324
17347
17368
17407
17432
17471
17492
17580
17620
17642
17663
17870
17900
17937
18147
18169
18210
18242
18264
18385
18587
18818
18842
18865
18886
19070
19115
19137
19162
19184
19205
19235
19725
19766
19801
19823
19845
19866
19887
20087
20108
20130
20233
20254
20344
20369
20393
20420
20445
20484
20505
20544
20568
20590
20611
20633
20661
20686
20716
20750
20783
20819
20859
20884
20911
20933
20961
20984
21077
21104
21145
21181
21203
21253
21274
21411
21434
21455
21482
21516
21560
21593
21621
21687
21792
21814
21837
21928
21949
21970
21994
22031
22059
22093
22120
22145
22180
22204
22225
22251
22274
22296
22370
22393
22565
22586
22618
22649
