# 1777, 07407d20f1cd19c9fadc713e5068288f51053ce88172cb995039757c6d0c28a3.SC2Replay
6751
6784
6806
6831
6853
6887
6926
6965
7247
7268
7307
7346
7915
7936
7964
7996
8026
8049
8087
8123
8157
8451
8472
8533
8564
8672
8697
8728
8759
8780
8802
8854
8877
8902
9107
9138
9160
9186
9217
9332
9432
9464
9523
9592
9613
9639
9710
9749
9782
9811
9883
10144
10322
10343
10368
10389
10412
10490
10513
10534
10855
10963
10998
11105
11275
11304
11539
11560
12054
12080
12103
12126
12150
12178
12201
12230
12252
12277
12301
12337
12366
12400
12428
12467
12674
12695
12784
12813
12850
12871
12898
12939
12960
12981
13004
13037
13061
13083
13106
13139
13164
13188
13226
13249
13471
13492
13518
13539
13697
13729
13750
13771
13797
13818
13846
13868
13903
13928
13952
13974
13995
14028
14056
14091
14119
14153
14181
14213
14254
14279
14309
14336
14369
14410
14431
14467
14496
14524
14561
14584
14606
14642
14663
14700
14726
14748
14774
