# 334, 11df171abbcca716827da66bed759ba99eaefd50520c619d31cd496b0d22402a.SC2Replay
5109
5244
5477
5663
5734
5773
5871
5903
6034
6291
6370
6497
6596
6714
6752
7107
7396
7417
7448
7476
7499
7526
7547
7568
7590
7625
7648
7672
7693
7717
7750
7782
7806
7827
7959
8246
8364
8545
8821
9052
9147
9319
9383
9416
9465
9770
9819
10404
10767
10827
10877
10908
11102
11154
11200
11545
11601
11625
12152
12935
13004
13044
14094
14321
14485
14506
14531
14572
14604
14634
14655
14678
14705
14888
14910
14943
14982
15004
15035
15057
15089
15118
15141
15165
15188
15213
15243
15267
15308
15349
15378
15411
15447
15469
15492
15513
15535
15556
15577
15598
15619
15717
15746
15773
15795
15816
15838
15863
15896
15936
15970
16003
16026
16049
16073
16096
16132
16154
16179
16202
16231
16256
16295
16320
16342
16382
16405
16426
16466
16487
16524
16546
16572
16598
16621
16645
16667
16691
16723
16744
16771
16795
16832
16872
16904
16934
16962
16985
17009
17031
17053
17082
17106
17138
17162
17188
17209
17247
17274
17298
17321
17343
17377
17408
17431
17453
17475
17499
17521
17542
17563
17587
17617
17646
17674
17703
17724
