# 1109, 29b19faf55f2067ce69134bd7c5f2c3514c92a9cd315695e51c8e39ab79a1d81.SC2Replay
4656
4684
4706
4742
4801
4827
4848
4876
5650
5680
5703
5742
5766
6522
6562
6587
6722
6747
6773
6804
7042
7084
7192
7271
7299
7427
7457
7505
7528
7600
7652
7693
7726
7747
7912
7933
7961
7982
8090
8141
8461
9461
9545
9651
9718
9785
9837
10010
10069
10175
10198
10277
10304
10330
10384
10405
10466
10490
10535
10557
10579
10618
10646
10674
10779
10817
10860
10930
10954
10975
11047
11071
11100
11152
11220
11248
11506
11540
11745
11829
11890
11928
11983
12064
12169
12230
12292
12412
12566
12620
12650
12692
12740
12778
12807
12863
12898
12954
13025
13080
13134
13252
13312
13379
13401
13427
13450
13488
13595
13769
13945
14136
14179
14205
14300
14341
14363
14387
14412
14437
14459
14485
14508
14531
14554
14580
14609
14630
14652
14676
14701
14785
14808
14845
14866
14893
14917
14943
14965
14997
15024
15065
15097
15119
15144
15171
15196
15230
15259
15291
15330
15364
15396
15423
