# 392, 2082df90a8dd708e89700d65cdec90ea02849e067a386a3d1c11eb332b4c4a01.SC2Replay
3714
5332
5354
5375
5402
5432
5463
5647
5851
5879
5902
5924
5945
6752
6781
6811
6840
7000
7037
7066
7092
7113
7608
7632
7656
7677
7708
7734
7756
7788
7885
7928
8020
8069
8104
8155
8176
8276
8329
8477
8619
8669
8694
8716
8738
8761
8798
8838
8862
8892
8926
9073
9159
9191
9516
9539
9566
9600
9637
9659
9681
9713
9734
9773
9796
9824
9846
9881
9910
10026
10058
10163
10283
10309
10476
10504
10525
10557
10578
10611
10633
10663
10687
10717
10739
10763
10784
10805
10827
10856
10881
10913
10940
10973
10996
11018
11275
11312
11336
11838
11908
11934
12073
12100
12130
12442
12485
12524
12550
12576
12611
12644
12680
12701
12723
12762
12789
12820
12844
12925
12952
12978
13002
13030
13051
13087
13109
13135
13157
13178
13213
13240
