# 1120, 1f7425d525123596ee04613c4317df8b883ccabb6a51b8b84fb8e9e7c540152f.SC2Replay
5851
5874
5896
6332
6418
6536
6594
6642
6695
6717
6903
6982
7208
7240
7278
7322
7440
7564
7585
7612
7647
7838
7861
7885
7916
8045
8085
8108
8141
8163
8203
8224
8245
8268
8293
8323
8347
8372
8407
8442
8463
8496
8524
8545
8567
8588
8611
8632
8673
8695
8719
8753
8777
8800
8928
8965
8991
9020
9045
9156
9187
9216
9247
9278
9313
9809
9831
9854
9961
10188
10215
10250
10274
10302
10326
10359
10393
10474
10501
10532
10553
10580
10803
10843
10880
10902
10928
10968
10990
11011
11191
11213
11245
11270
11405
11426
11449
11474
11514
11535
11560
11581
11735
11768
11797
11835
11859
11882
11913
11936
11963
11985
12017
12051
12074
12295
12954
12984
13011
13050
13084
13109
13132
13158
13180
13221
13253
13274
13296
13552
13573
13600
13634
13670
13698
13719
13750
14371
15930
15952
15974
16009
16041
16069
16090
16111
16243
16278
16319
16354
16387
16411
16435
16744
16785
16816
16850
16879
16920
16941
16968
17002
17023
17049
17085
17108
17131
17153
17697
17720
17752
17781
17813
17846
17879
18200
18257
18409
18492
18528
18610
18727
18801
18850
18888
19067
19175
19323
19449
19629
19653
19680
19788
19809
19838
19859
19893
19914
19946
19973
20008
20208
20229
20250
20282
20595
20648
20721
20760
20786
20838
20867
20901
20930
20960
21019
21150
21568
21602
21624
21656
21900
21921
21952
21975
22722
22832
22900
22940
22979
