# 324, 28d81bef53035ab55887f32be58628427e2c386d7198c95a760df1d719e35ae0.SC2Replay
4778
4801
6013
8606
8631
8654
8707
10926
11472
11493
11514
11535
11560
11589
11612
11633
11654
11677
11873
11898
12039
12060
12088
12117
12148
12170
12202
12230
12255
12276
12310
12333
12360
12396
12435
12456
12544
12572
12601
12701
12724
12750
12884
12907
12929
12953
12985
13057
13081
13104
13129
13157
13192
13306
13339
13376
13399
13420
13442
13464
13495
13524
13559
13595
13625
13652
13690
13718
13755
13783
13808
13831
13854
13880
13934
13959
13981
14005
14026
14055
14087
14110
14135
14175
14203
14225
14255
14470
14498
14521
14553
14617
14646
14675
14698
14719
14744
14765
14798
14829
14853
14877
14903
14929
14950
14988
15010
15106
15145
15173
15563
15700
15724
15764
15798
15829
15863
15896
15925
15947
15968
15989
16025
16051
16072
16095
16118
16142
16168
16202
16225
16263
16288
16315
16344
16366
16387
16503
16557
16590
16611
16648
16675
16698
16725
16751
17430
17454
17477
17516
17548
17831
17871
17895
17921
17956
17983
18011
18038
18061
18082
18131
18152
18174
18215
18239
18266
18307
18338
18374
18402
18430
18453
18477
18509
18540
18630
18706
18772
18809
18831
18891
18914
18962
18987
19025
19312
19466
19499
20533
20555
20645
20743
20768
20796
20819
20860
20892
20914
20939
20964
20986
21010
21046
21071
21101
21136
21161
21210
21231
21259
21283
21314
