# 489, 128286ef6ec89d1c49fc879f2ee7fc6816c52be71fda3e8d7037d54ca4ea7ce7.SC2Replay
4444
4465
4818
5313
5434
5492
5521
5561
5593
5620
5664
5691
5713
5739
5776
5801
5834
5860
5891
5913
5934
5959
5980
6006
6028
6056
6082
6132
6194
6223
6244
6294
6363
6427
6464
6569
6596
8860
8881
8921
8944
8976
9001
9033
9073
9100
9127
9150
9435
9496
9521
9556
9584
9618
9647
9710
9767
9817
9846
9872
9942
10000
10023
10057
10082
10104
10136
10170
10192
10218
10261
10292
10324
10351
10375
10413
10442
10476
10511
10544
10569
10591
10630
10675
10710
10754
10847
10874
10902
10930
10960
10987
11037
11257
11287
11340
11366
11391
11421
11467
11497
11525
11579
11613
11640
11692
12024
12045
12070
12101
12122
12152
12174
12397
12432
12680
12715
12745
12771
12803
13254
13306
13327
13413
13472
13525
13556
13585
13608
13641
13675
13709
13743
13990
14199
14223
14304
14333
14371
14415
14461
14518
14557
14600
14647
14678
14699
14722
14749
14786
14815
14857
14943
14972
14993
15014
15041
15068
15093
15115
15138
15167
15192
15232
15271
15311
15335
15356
15377
15407
15448
