# 196, 0306e6aaa8222933a32ad73321f2fed0bd263597ed42cdb67d2895b585c4d762.SC2Replay
3640
3663
3720
3744
3772
3810
3836
3865
3887
3925
3955
3978
4450
4471
4495
4523
4548
4580
4611
4649
4684
4715
4738
4765
5144
5229
5393
5869
5920
6072
6170
6211
7138
7179
7200
7224
7257
7290
7327
7351
7378
7400
7421
7442
7465
7497
7518
7550
7578
7606
7641
7664
7685
7714
7746
7769
7792
7813
7837
7869
7902
7931
7953
7978
8004
8036
8064
8098
8126
8147
8171
8195
8220
8248
8279
8309
8331
8359
8380
8403
8438
8466
8493
8517
8547
8585
8608
8637
8661
8702
8895
9286
9308
9808
9837
9858
9879
9910
9938
