# 802, 2acc8fd14721b0cdc7e66b027e7a50303892365164bd9d97c9e6d4fec4d62725.SC2Replay
4185
4334
4387
4408
4436
4458
4487
4512
4547
4568
4599
4624
4646
4669
4696
4726
4755
4790
4824
4845
4872
5135
5158
5181
5219
5241
5324
5518
5546
5834
5888
5962
6118
6237
6290
6381
6412
6614
6881
6980
7067
7125
7213
7234
7270
7306
7339
7364
7385
7416
7451
7473
7506
7533
7566
7587
7608
7654
7687
7722
7744
7768
7829
7851
7872
7910
7950
7980
8276
8305
8806
8832
8855
8876
8902
8952
9166
9602
9627
9654
9675
9699
9722
9744
9778
9801
9838
9877
9911
9932
9958
9979
10007
10034
10061
10085
10123
10156
10177
10211
10235
10257
