# 200, 04dbf9d735b6ae531e7c91a79b10360c9bb307ff9da9a812051d4f904c56cb0c.SC2Replay
9437
9480
9510
9569
9671
9713
9766
9852
9885
9918
10002
10214
10258
10359
10421
10446
10585
10617
10728
10794
10855
10904
11014
11036
11107
11169
11212
11519
11550
11594
11743
11788
11815
11857
11899
11926
12093
12121
12146
12460
12485
12517
12582
12769
12818
12940
12966
12997
13182
13204
13230
13257
13304
13358
13381
13432
13455
13514
13581
13611
13656
13778
13801
13994
14017
14043
14067
14094
14115
14246
14323
14390
14429
14452
14477
14505
14537
14573
14611
14632
14660
14681
14709
14736
14771
14802
14823
14846
14869
14899
14920
14948
14974
15002
15032
15072
15103
15134
15163
15187
15208
15231
15259
15285
15310
15332
15353
15381
15403
16116
16347
16414
16470
16515
16577
16615
16673
16762
16820
16899
16927
16980
17006
17125
17173
17198
17238
17270
17291
17332
17393
17425
17450
17471
17494
17520
17561
17587
17620
17708
17734
17787
17808
17831
17859
17887
17911
17933
17954
17976
17998
18019
18050
18089
18115
18137
18160
18200
18222
18245
18269
18309
18333
18367
18401
18425
18460
18481
18516
18549
18573
18652
18676
18704
18729
18750
18791
18818
18843
18868
18903
18943
18973
19006
19035
19061
19086
19107
19138
19173
19209
19235
