# 533, 08dc6165a5459d070f496c0fbe1bf09c272bcb9af1e60fea190921944a6c4550.SC2Replay
5617
5646
5675
6081
6570
6595
6622
6644
6667
6690
6730
7371
7402
7430
7463
7939
8060
8220
8244
8277
8298
8320
8342
8380
8411
8436
8474
8505
8526
8566
8599
8635
8656
9182
9871
9954
10019
10234
10472
10662
10686
10716
10741
10763
10786
10815
10840
10864
11025
11170
11349
12212
12324
12410
12582
12603
12626
12647
12672
12699
12724
12762
12859
12881
12911
12932
12962
12989
13010
13181
13209
13232
13273
13301
13339
13365
13752
13800
13821
13842
13865
13896
13918
13940
13971
14005
14027
14048
14069
14091
14118
14146
14168
14190
14220
14255
14287
14310
14338
14370
14404
14425
14446
14475
14503
14533
14554
14677
14778
14839
14907
14928
14953
14975
15013
15038
15069
15090
15112
15134
15162
15195
15217
15255
15276
15302
15327
15354
15377
15404
15437
15467
15493
15517
15551
15668
15731
15839
15872
15901
15931
15997
16031
16151
16208
16311
16338
16372
16570
16604
16640
16667
16690
16717
16756
16789
16817
16842
16867
16901
16925
16947
16969
16992
17020
17041
17067
17096
17124
17145
17169
17196
17230
17262
17295
17317
17355
17384
17413
17447
17482
17504
18323
18344
18366
18398
18420
18455
18482
18516
18552
18577
18695
18725
