# 958, 1c94a1521cfd7b1d9c0c9fc1401a07f51614d63af2f49a6ecc9cc4fe046d91f6.SC2Replay
7478
7553
7587
7608
7636
8466
8495
8519
8541
8562
8867
8895
8916
9021
9750
9905
10024
10047
10083
10600
10635
10671
10695
10721
10755
10787
10818
10851
10884
10908
10930
10976
10999
11020
11042
11067
11386
11407
11428
11450
11471
11507
11528
11553
11578
11605
11630
11654
11683
11707
11728
11755
11778
11800
11827
11848
11869
12045
12067
12091
12115
12160
12181
12203
12224
12260
12281
12321
12355
12390
12445
12467
12488
12509
12530
12797
12819
12843
12865
12886
12907
12940
12961
12983
13013
13035
13056
13077
13100
13124
13148
13176
13205
13231
13253
13283
13306
13336
13396
13418
13439
13531
13559
13599
13627
13660
13683
13707
13732
13758
13801
13826
13864
13905
13978
14014
14038
14060
14090
14111
14138
14179
14201
14223
14257
14291
14325
14349
14371
14395
14417
14440
14467
14496
14528
14567
14590
14612
14653
14679
14720
14747
14772
14808
14833
14863
14887
14912
14933
