# 777, 290383999c79e310b110ce64f16b68f63a9e5bc18c5ea5026ae0034cfc704afd.SC2Replay
3400
3422
3579
3601
4280
4467
5819
5846
5870
5904
5926
6011
6045
6069
6096
6120
6153
6178
6199
6231
6259
6280
6301
6325
6629
6654
6685
6706
6743
6765
6788
6812
6838
6877
6903
6930
6958
6995
7016
7043
7223
7246
7273
7395
7416
7438
7466
7500
7529
7550
7571
7597
7620
7703
7727
7786
7857
7883
7938
7960
8241
8264
8285
8518
8539
8567
8607
8642
8671
8692
9476
9505
9530
9553
9723
9744
9765
9820
9852
9873
9917
9950
9989
10022
10059
10083
10107
10133
10159
10188
10213
10238
10263
10339
10363
10387
10415
10436
10459
10532
10575
10604
10650
10690
10729
10757
10780
10808
11771
11792
11814
11835
11856
11897
11918
11939
11960
11981
12011
12036
12058
12096
12217
12252
12276
12917
12938
12966
13861
13897
13923
13951
13972
13994
14016
14045
14080
14105
14126
14159
14182
14213
14235
14563
14594
14615
14645
14666
14690
14760
14783
14814
14853
15320
15360
15382
15427
15468
15497
15521
15556
16351
16374
16395
16430
16461
16501
16530
16553
16589
16610
16631
16673
17480
17504
17611
