# 575, 17585926e65c454bc4e01ae19b4464935a9b023a8831c64e54da05782e15724f.SC2Replay
9292
9322
9344
9365
9388
9414
9850
9871
9899
9934
9962
9985
10023
10056
10084
11184
11207
11229
11256
11523
11974
12002
12024
12061
12083
12104
12132
12159
12190
12221
12242
12267
12291
12315
12352
12380
12418
12457
12479
12501
12528
12549
12571
12592
12613
12640
12662
12684
12718
12739
12775
12816
12846
12880
12921
12945
12972
13002
13026
13056
13133
13166
13206
13240
13263
13285
13307
13328
13362
13394
13433
13455
13494
13526
13552
13577
13599
13621
13648
13679
13711
13735
13759
13781
15111
15136
15159
15190
16150
16172
16193
16216
16244
16295
16330
16355
16395
16820
17059
17083
17106
17130
17152
17178
17207
17240
17263
17284
17385
17416
17443
17479
17533
17554
17592
17616
17640
17662
17760
17791
17814
17843
17864
17897
18038
18077
18116
18141
18171
18192
18221
18242
18263
18443
18471
18493
18514
18543
18577
18598
18627
18648
18673
18698
19274
19309
19350
19376
19398
19419
19451
19744
19783
19822
19849
19877
19911
19934
19974
19996
20017
20038
20059
20082
20107
20128
21334
21365
21392
21428
21458
21484
21520
21545
21566
21593
21619
21644
21674
21704
21741
21770
21791
21836
21867
21889
21963
21988
22014
22048
22075
22098
22121
22143
22210
22233
22254
22280
22309
22339
22361
22383
22412
22445
22472
22498
22526
22554
22580
22603
22637
22663
22697
22718
22739
22763
22802
22828
22852
22884
22924
22951
22972
22993
23018
23041
23078
23106
23132
23153
23176
