# 248, 25e4ad3726b1e2d3e0ccc4ba87f250d2f5b946f6236752bfa1ee4498a59e6ef1.SC2Replay
9811
9841
12535
12652
12680
12701
12735
12757
12778
12799
12826
12857
12930
12954
12976
13013
13039
13061
13083
15077
15115
15142
15163
15437
15461
15483
15505
15535
15594
18871
18897
18918
18945
18967
18988
19016
19037
19076
19102
19125
19150
19183
19248
20222
20719
20807
20997
21033
21057
21087
21219
21953
21976
22037
22595
22624
22647
22670
22691
22714
22750
22776
22798
22830
22855
23029
23052
23089
23113
23248
23287
23312
23334
23369
23396
23418
23452
23473
23498
23524
23551
23573
23595
23624
23664
23692
23726
23750
23789
23811
23832
23855
23878
23899
24044
24075
24153
24174
24205
24254
24296
24318
24340
24361
24384
24405
24444
24525
24546
24582
24646
24685
24719
24747
24779
24805
24827
24912
24946
24973
25001
25026
25049
25084
25107
25134
25205
25370
25898
26009
26426
26450
26566
26587
26623
26699
26733
26754
26776
26797
26829
26907
27000
27021
27125
27151
27174
27217
27283
27311
27347
27371
27392
27424
27464
27488
27530
27572
27596
27623
27648
27670
27694
27731
27766
27787
27811
27842
27882
27908
27933
27978
28003
28025
28046
28071
28092
28122
28169
28191
28213
28252
28278
28400
28458
28562
28595
28619
28653
28694
28723
28759
28786
28819
28862
28980
29051
29112
29136
29166
29190
29251
29286
29320
29376
29397
29445
29488
29509
29538
29559
29599
29699
29769
29792
29907
29943
29969
30011
30042
30617
30638
30677
30701
30738
30788
30826
30856
30880
30913
30942
30970
31031
31072
31113
31142
31244
31394
31448
31499
31534
31555
31576
31649
31673
31712
31736
31761
31789
31818
31853
31950
31979
32000
32025
32202
32236
32292
32337
32360
32395
32497
32642
32684
32714
32746
32769
32794
32830
32875
32900
32925
32967
33009
33056
33085
33115
33145
33179
33212
33235
33263
33304
33340
33378
33453
33474
33611
33633
33677
33870
33891
33922
33959
34004
34291
34340
34366
34393
34415
34436
34535
34558
34675
34844
34876
34910
34932
34954
34975
35012
35050
35202
35241
35271
35292
35699
35725
35749
35786
35856
36032
36056
36133
36511
36535
36565
36596
36628
36662
36686
36714
36741
36764
36786
36812
36957
36979
37003
37108
37137
37161
37198
37238
37441
37466
37488
37516
37746
37781
37803
37831
37855
37893
37915
37936
38057
38080
38110
38135
38157
38178
38199
38223
38245
38617
38643
38832
38855
38991
39013
39045
39084
39233
39275
39351
39439
39503
39699
39735
39764
39785
39807
39829
40127
40156
40184
40206
41217
41252
41282
41315
41343
41369
41409
41430
41471
41492
41519
41545
41566
41591
41627
41660
41851
41873
41896
41921
41947
41971
42091
42113
42144
42168
42189
42211
42232
42264
42291
42320
42356
42378
42409
42435
