# 1545, 1d2fbe0f7a2b334f0f3ac5a18903f75b85f2d95479d1086bbdefc03b8ac93786.SC2Replay
3555
3800
3832
4360
4451
4473
4494
4531
4667
4801
4834
4866
5638
5704
5728
5756
5891
5927
5966
6001
6037
6064
6317
6350
6374
6529
6641
6667
6692
6713
6734
6763
6784
6812
6851
6898
6978
7024
7058
7113
7135
7262
7301
7351
7394
7458
7480
7530
7560
7581
7614
7676
7700
7724
7748
7775
7810
7851
7882
7905
7934
7968
7996
8036
8060
8088
8351
8404
8439
8467
8501
8527
8579
8620
8656
8720
8745
8767
8819
8843
8864
8963
8994
9029
9077
9115
9181
9643
9683
10018
10061
10110
10255
10301
10366
10393
10425
10446
10478
10499
10525
10583
10627
10659
10680
10703
10758
10785
11380
11401
11619
11641
11765
11787
12053
12088
12164
12193
12217
12238
12376
12398
12420
12444
12485
12519
12549
12577
12598
12889
12914
12940
12964
13122
13151
13172
13196
