# 663, 06b113c61d79226c2cc28bdbb18d5caecf4fa3c27f4652c290a2428f3886ea8a.SC2Replay
4567
4588
4616
4651
4675
4696
4734
4756
4779
4802
6225
6246
6270
6304
6337
6364
6385
6422
6445
6467
6543
6571
6972
6995
7052
7081
7131
7181
7397
7467
7501
7561
7583
7631
7667
7730
7756
7788
7810
7849
7928
7951
7974
8004
8026
8101
8169
8191
8231
8271
8309
8330
8365
8619
8658
8682
8709
8738
8834
8892
8966
9052
9095
9140
9163
9400
9421
9442
9471
9493
9515
9549
9576
9598
9635
9658
9687
9708
9743
9771
9793
9830
9870
9898
9982
10042
10073
10098
10132
10167
10190
10216
10243
10279
10308
10343
10378
10404
10431
10462
10490
10516
10537
10560
10587
10614
10661
