# 544, 023d475263d6d6741ee45f9e13b59f8efc5f2238346de3734cc8441a98c374b7.SC2Replay
5535
5560
5583
5615
5641
5669
5812
5833
5953
5979
6005
6116
6201
6840
6876
7703
7724
7759
7855
7892
7919
8555
8582
8627
8657
8679
8700
8721
8757
8778
8799
8824
8847
8869
8890
8911
8947
8968
9143
9166
9191
9212
9236
9545
9731
10010
10172
10222
10243
10284
10325
10364
10390
10412
10435
10462
10494
10610
10640
10669
10761
10973
11006
11043
11075
11105
11132
11265
11288
11317
11348
11389
11456
11492
11524
11555
11579
11602
12035
12197
12524
12548
12570
12594
12743
12776
12809
12849
13069
13094
13589
13617
13656
13828
13866
13932
13972
13993
14022
14113
14184
14241
14663
14959
15005
15107
15275
15340
15403
15496
15524
15570
15629
15658
15717
15744
15789
15813
15886
16096
16117
16409
16516
16546
16577
16604
16728
16749
16770
16970
17131
17158
17198
17429
17462
17489
17516
17647
17694
17782
17895
18010
18051
18118
18373
18502
18725
18890
19022
19172
19212
19243
19433
19653
19687
19780
20165
20187
20211
20242
20420
20453
20475
20517
20929
20950
20982
21012
21047
21301
21531
21563
21591
21613
21653
21691
21772
21877
21958
22031
22062
22125
22423
22450
22471
22498
22605
22933
22960
22997
23027
23054
23091
23120
23155
23193
23215
23237
23261
23298
23323
23357
23378
23429
23670
23701
24019
24152
24249
24297
24347
24390
24493
24606
24640
24678
24727
24863
24897
25038
25072
25106
25171
25301
25388
25417
25460
25616
25841
25913
26153
26185
26521
26560
26614
26650
26678
26714
26746
26768
26789
26829
26858
26895
26919
26941
26977
26999
27022
27043
27084
27107
27134
27171
27313
27504
27529
27555
27580
27601
27622
27655
27680
27704
28143
28177
28217
28304
28472
28493
28515
28547
28586
28610
28651
28673
28696
28719
28742
28770
28795
28828
28936
29179
29222
29254
29300
29499
29524
29550
29574
29604
29634
29665
29690
29713
29735
29763
29788
29827
29855
29900
30006
30258
30285
30660
