# 1248, 1c3ea24aa7f6e021f695618034f3847d8aead647567c48b51643356ffed8e02f.SC2Replay
2639
2825
3295
3352
3638
3670
3692
4083
4112
4140
4166
4200
4288
4324
4347
4805
4827
4851
4872
4903
4929
4952
4989
5019
5043
5250
5280
5315
5346
5370
5451
5480
5514
5538
5561
5588
5624
5658
5680
5705
5738
5785
5810
5838
6058
6085
6118
6149
6234
6255
6277
6329
6358
6389
6426
6450
6518
6539
6560
6583
6618
6654
6675
6696
6734
7057
7078
7251
7272
7303
7490
7519
7548
7581
7654
8625
8650
8671
8795
8820
8856
8886
8916
9157
9178
9199
9475
9501
9533
9570
9591
9627
9663
9694
9720
9751
9780
9810
9840
