# 406, 19ff48c48886abbdac3f1ed1a55724fb4028fca565c36a3041b62a7702b98c69.SC2Replay
1996
2019
2042
2069
3440
3461
4218
4239
4339
4363
4395
4416
4447
4470
4724
4749
4821
4843
5126
5147
5189
5213
5351
5378
5504
5525
5683
5706
5779
6998
7060
7140
7230
7571
7594
7621
7729
8092
8157
8257
8491
8515
8550
8579
8601
8638
10143
10178
10272
10753
10774
10808
10836
10857
10880
10917
10943
11311
11335
11391
11415
11436
11463
12030
12058
12115
12149
12279
12383
12433
12456
12483
12506
12717
12763
12784
12806
12827
12910
12935
12964
12998
13035
13140
13165
13191
13223
13249
13279
13310
13346
13516
13552
13590
13621
13653
13694
13720
13741
13766
13802
13865
13891
13928
13964
13998
14019
14049
14075
14104
14135
14160
14182
14387
14410
14434
14461
14483
14505
14594
14615
14640
14664
14692
14733
14766
14790
14824
14850
14871
14992
15029
15053
15092
15129
15157
15210
15233
15257
15286
15315
15338
15360
15401
15434
15460
15485
15516
15538
15563
15590
15614
15649
15677
15718
15755
15800
15824
