# 288, 03fe33851adb365d8fe83ee074115958cc2bfd0356050f8ef0e203df31e8fe3b.SC2Replay
4721
4753
4777
4808
4830
6909
6939
6975
6998
7022
7065
7086
7683
8021
8083
8111
8147
8533
8556
8590
8848
8879
8902
8925
8946
8995
9031
9076
9560
9584
9607
9631
9659
9694
9716
9740
9833
9857
9882
9912
9951
9981
10018
10040
10081
10574
10601
10628
10674
10700
10983
11029
11289
11319
11341
11371
11432
11468
11844
11872
11912
11940
11973
12011
12032
12079
12110
12155
12183
12213
13303
13331
13503
13536
13596
13625
13653
13704
13737
13955
13978
14099
14138
14179
14217
14246
14272
14296
14318
14889
14917
14968
14996
15038
15080
15116
15171
15563
15592
15622
15649
15692
15720
15746
15772
16022
16053
16083
16105
16250
16279
16303
16585
16615
16638
17417
17463
17491
17524
17555
17587
17615
17638
17697
17837
17860
18635
18678
18704
18736
18758
18786
18814
18840
18869
18890
20068
20094
20132
20160
20195
20225
20482
20509
20853
20879
20901
20933
21096
21155
21178
21199
21224
21248
21269
21628
21651
21752
21780
21801
21822
21843
21868
21889
21911
21932
21960
22012
22453
22479
22500
22524
22552
22573
22992
23026
23050
23776
23808
23833
23862
23883
23913
23934
23955
23979
24020
24045
24083
24118
24145
24169
24190
24225
24261
24301
24332
24358
24380
24402
24443
24468
24489
24521
24557
24591
24614
24636
24677
24778
24799
24979
25006
25035
25066
25090
25118
25143
25166
25199
25222
25248
25271
25321
25355
25376
25412
25433
25505
25529
25557
25593
25616
25643
25681
25716
25743
25768
25799
25820
25850
25886
25912
25949
26061
26082
26112
26177
26200
26234
26269
26308
26332
26361
26384
26409
26430
26462
26485
26506
26527
26562
26595
26623
26645
26742
26763
26801
26822
26926
26947
26971
27007
