# 315, 0a7233f02bb0ff7c5471d2bf4fcd31007c2def530a252d9926a9d3b9446a2e02.SC2Replay
6781
6965
6990
8267
8294
8315
8339
8366
8387
8514
9039
9078
9118
9145
9175
9196
9222
9256
9277
9309
9335
9372
9394
9422
9448
9482
9515
9538
9573
9595
9616
9645
9673
9698
9725
9754
9884
9916
10019
10050
10077
10098
10131
10161
10202
10238
10259
10296
10337
10366
10392
10420
10452
10473
10494
10515
10694
10716
10738
10893
10917
10939
10960
10982
11009
11037
11061
11102
11138
11161
11182
11203
11228
11259
11280
11309
11348
11369
11401
11426
11457
11482
11518
11557
11579
11604
11625
11652
11673
11695
11728
11761
11796
11818
11839
11861
11897
11921
11958
11989
12011
12034
12072
12094
12119
12145
12176
12201
12223
12262
12286
12309
12340
12365
12389
12415
12452
12477
12510
12541
12566
12595
12624
12657
12686
12721
12742
12769
