# 1001, 176fb3d9276b28ecd61aaa4637166e76c9b69616690786161025cfcb089f7077.SC2Replay
2853
2879
2915
2955
3659
3758
3783
3811
3838
4253
4280
6440
6463
6497
6559
6581
6603
6628
6653
6689
6891
6953
7098
7160
7184
7267
7333
7373
7394
7432
7564
7748
7790
7816
7842
7951
8142
8311
8375
8401
8431
8670
9169
9195
9343
9416
9623
9673
9694
9715
9745
9769
9793
9819
9841
9865
9918
9994
10130
10159
10247
10287
10318
10344
10400
10481
10620
10655
10740
10802
10942
11033
11087
11206
11250
11282
11306
12242
12326
12474
13009
13097
13181
13283
13357
13435
13518
13575
13601
13623
13655
13681
13782
13937
14102
14129
14289
14310
14348
14513
14633
14800
14823
14856
14891
14920
14942
14963
15016
15070
15801
15853
15897
16031
16054
16110
16136
16169
16396
16463
16507
16537
16571
16677
16698
16719
16801
16826
16852
17104
17307
17558
17585
17606
17627
17714
17754
17777
17856
17944
17985
18019
18056
18096
18312
18345
18404
18430
18541
18898
19026
19108
19137
19166
19200
19243
19266
19296
19478
19500
19523
19580
19605
19628
19661
19685
19721
19804
19825
19853
19879
19918
19947
19979
20019
20040
20063
20090
20111
20134
20155
20365
20436
20457
20598
20682
21111
21248
21300
21472
21558
21703
21725
21747
21778
21810
22148
22186
22207
22233
22260
22507
22533
22567
22588
22616
22638
22664
22698
22737
22758
22784
22806
23324
23618
23659
23711
23760
23793
23834
23884
23950
24286
24311
24335
24357
24385
24415
24448
24469
24491
24512
24581
24604
24631
24664
25018
25040
25070
25097
25118
25145
25167
25193
25259
25284
25316
25337
25363
25447
25468
25489
25513
25536
25563
25584
