# 1795, 2214e054089598891b828b029bf79d8f9c86866e43192a61e560ac672708e1b5.SC2Replay
3209
3233
3451
3473
3501
3527
3559
3588
3615
3637
3733
3783
3805
3831
3941
4220
4247
4292
4316
4352
4383
4419
4509
4553
4593
4626
4665
4687
4718
4739
4771
4794
4834
4873
4962
5027
5054
5083
5120
5141
5257
5280
5353
5432
5459
5523
5547
5576
5641
5665
5707
5741
5778
5804
5827
5953
6069
6097
6131
6155
6183
6335
6356
6527
6558
6585
6683
6712
6994
7018
7080
7105
7191
7231
7309
7331
7473
7518
7554
7578
7599
7627
7802
7957
7985
8024
8112
9468
9563
9586
9611
9632
9655
9794
9821
9845
9907
9930
10013
10054
