# 459, 28a4ae9fc686d0e79659510ca73ff7b0822d3e23129297732919d2996cb66b77.SC2Replay
2338
2364
2391
2428
8064
8089
8112
8139
8165
8386
8412
8451
8479
8516
8553
8575
8601
8632
8654
8677
8711
8735
8758
8781
8814
8836
8857
8887
8908
8931
8959
8980
9047
9068
9090
9111
9151
9178
9200
9237
9258
9279
9300
9321
9350
9379
9404
9430
9474
9671
9692
9713
9735
9764
9786
9811
10138
10164
10186
10239
10278
10300
10323
10348
10378
10413
10446
10467
10510
10541
10579
10607
10715
10746
10870
10892
10933
10954
11118
11315
11370
11400
11421
11448
11470
11505
11526
11549
11576
11635
11662
11688
11712
11733
11765
11786
11813
11919
11942
11968
11994
12029
12051
12078
12109
12132
12153
12187
12228
12257
12284
12305
12332
12741
12763
12803
12980
13022
13044
13102
13172
13194
13221
13242
13263
13284
13319
13386
13445
13497
13659
13697
13722
13744
13768
13805
13826
13850
13876
13901
14041
14562
14622
14668
15052
15130
15153
15174
15195
15233
15267
15291
