# 272, 0e0957297ad3c04ee770b5ee000964cd5954f4e4c83b5c57854ae99f3b0377fc.SC2Replay
2159
2181
2207
2231
2986
3008
3068
3916
3937
3959
3980
4016
4066
4089
5719
5740
5772
5999
6024
6048
6069
6090
6127
6148
6175
6207
6228
6469
6492
6533
6571
6604
6634
6794
6844
6867
6889
6923
6952
7028
7061
7083
7134
7167
7189
7274
7298
7334
7358
7532
7561
7600
7622
7656
7681
7705
7737
7761
7785
7808
7835
7861
7896
7937
7960
8241
8347
8372
8393
8420
8447
8470
8694
8723
8870
8892
9029
9051
9080
9111
9147
9192
9222
9244
9265
9306
9352
9375
9400
9432
9457
9478
9500
9522
9561
9595
9618
9651
9673
9711
9751
9774
9812
9835
9913
9957
9980
10011
10049
10086
10108
10133
10160
10190
10215
10244
10271
10343
10518
10548
10573
10615
11940
11969
12014
12036
12062
12087
12120
12157
12180
12220
12247
12565
12586
12616
12638
12659
13072
13108
13154
13175
13200
13222
13246
13270
13300
13330
13379
13941
13966
13996
14021
14045
14070
14107
14557
14658
14681
14712
14737
15440
15914
16045
