# 1386, 256dcb3cf568c869f1ccf6e89430a19d5698e38ef78f2da6efa8c074e971121e.SC2Replay
2828
2862
2892
2916
2947
2992
3024
3188
3220
3241
3274
3309
3336
3364
3396
3418
3455
3490
3515
3546
3568
3590
3637
3668
3700
3739
3761
3787
3830
3854
3883
3923
3965
3990
4017
4268
4309
4343
4497
5149
5935
5967
5999
6026
6053
6079
6116
6139
6603
6631
6653
6695
6718
6760
6787
6822
6846
6886
6920
6944
6965
6993
7014
7035
7058
7513
7550
7956
7977
8005
8031
8054
8082
8380
8405
8449
8490
8519
8551
8587
9365
9393
9427
9465
9489
9530
9557
9589
9985
10019
10047
10069
10163
10187
10209
10666
10692
10713
10735
10757
10789
10832
10854
10879
10903
10924
10950
10980
11003
11034
11072
