# 1224, 02576453395f84ce7b8b12ceb02f2879f62978cc2a305b6db8f774ffbc13943b.SC2Replay
4479
4500
4521
4557
4592
4613
4634
4656
4679
4702
5610
5633
5656
5678
5699
7779
7800
7822
7843
7872
7931
7952
8124
8145
8166
8256
8287
8360
8400
8440
8486
8961
9001
9056
9078
9099
9156
9178
9203
9226
9254
9288
9329
9357
9396
9429
9453
9476
9498
9596
9619
9642
9666
9729
9793
9864
9886
9908
9948
10048
10157
10187
10215
10244
10348
10379
10445
10466
10494
10515
10536
10573
10606
10630
10669
10704
10729
10752
10774
10798
10820
10850
10879
10900
10953
11044
11071
11161
11215
11242
11263
11290
11313
11350
11372
11393
11424
11446
11493
11516
11544
11571
11603
11656
11677
11721
11745
11782
11809
11847
11869
11904
11934
11959
11994
12058
12086
12118
12140
12175
12231
12257
12306
12359
