# 20, 107813424c5d6b77fc11c781ba81f6b910441500b4599f1c2614350bbec49f0b.SC2Replay
5912
5940
5962
5983
6008
6029
6052
6091
6116
6139
6162
6199
6220
6248
6273
6298
6330
6709
6747
6769
6795
6832
6879
6941
6968
7010
7109
7130
7151
7176
7288
7309
8900
8969
9097
9178
9204
9225
9249
9644
9781
9828
9883
9907
9931
9967
10008
10047
10105
10132
10221
10272
10300
10331
10354
10383
10412
10487
10538
10610
10657
10691
10727
10797
10871
10961
11005
11029
11129
11171
11219
11256
11302
11385
11428
11475
11498
11535
11572
11642
11672
11699
11833
11868
11902
11933
11961
11995
12059
12119
12729
12755
12809
12859
12894
12933
12956
12994
13015
13328
13354
13377
13401
13424
13458
13503
13524
13550
13579
13633
13661
13715
13745
13777
13827
13848
13869
13891
13920
13943
13981
14008
14060
14084
14115
14141
14201
14225
14253
14296
14368
14403
14424
14454
14477
14513
14538
14563
14604
14651
14680
14701
14722
14769
14801
14822
14860
14927
14969
