# 1293, 0d3286fdc8128722a0a524f84abcf0fda638b190ef5cc85f1ddcbd39bf0e352f.SC2Replay
4424
4464
4504
4525
4611
5798
6167
6224
6262
6566
6592
6807
7610
7631
7652
7678
7699
7735
7759
7803
8298
8319
8350
8406
8427
8536
8563
8595
8616
8642
8669
9628
9671
9714
10534
10557
10584
10605
10749
10787
10822
10846
10870
10951
10992
11021
11263
11293
11395
11433
11478
12094
12116
12137
12161
12544
12579
13046
13177
13231
13989
14040
14100
14147
14199
14875
14901
14940
14965
14986
15008
15804
16836
16857
16897
16926
16953
16983
17007
17043
17065
17088
17111
17559
17583
17617
17648
17669
18149
18322
18349
18373
18401
18428
18457
19076
19132
19163
19197
19439
19466
19488
19519
19576
20019
20052
20080
20106
20173
20221
20254
20276
20301
20332
20369
20571
20648
20700
20723
20799
20864
20885
20906
20962
20994
21066
21507
21533
21561
21591
21619
21643
21666
21687
21725
21758
22105
22191
22436
22470
22500
22562
22588
22640
22662
22695
22720
22750
22783
22822
22906
22927
22949
22983
23006
23043
23067
23098
23133
23161
23199
23221
23259
23296
23334
23372
23398
23610
23636
23704
23738
23775
23797
23836
23857
23879
23901
23927
23948
23975
23997
24020
24057
24098
24119
24140
24180
24203
24235
24256
24285
24314
24335
24365
24462
24483
24629
24663
24700
24723
24765
24806
24829
24861
24896
24917
24941
24962
24986
25022
25060
25087
25109
25132
25154
25193
25219
25255
25276
25298
25320
25345
25367
25394
25528
25557
25580
25604
25656
25694
25719
25744
25781
25822
25845
25866
25890
25911
25932
25970
25993
26015
26050
26076
26115
26156
26192
26458
26487
26528
26555
26578
26605
26630
26651
26672
26702
26737
26761
26793
26818
26849
26870
26897
26925
26955
26986
27009
27030
27055
