# 1667, 16867d8b40b54c172f91e4aad18c78118ea0ea573fa271733e910ceb03f460d4.SC2Replay
5110
5133
5156
5188
5218
5247
5268
5289
5320
5349
5455
5478
5508
5544
5591
5620
6071
6114
6135
6164
6555
6581
6612
7100
7261
7285
7821
7844
8053
8080
8106
8168
8190
8768
8953
8981
9026
9072
9099
9123
9155
9180
9206
9232
9263
9284
9380
9702
9739
9766
9792
9823
9851
9877
9899
9926
9950
9973
10020
10048
10073
10102
10129
10159
10188
10209
10231
10253
10282
10326
10351
10382
10414
10442
10478
10499
10520
10551
10577
10654
10694
10716
10739
10763
10788
10828
10851
10905
10937
10974
10997
11029
11053
11082
11109
11149
11186
11571
11607
11632
11657
11688
12890
12914
12938
12967
13027
13052
13081
13118
13151
13172
13194
13219
13240
13270
13315
13375
13396
13480
13509
13543
13584
13626
13670
13696
13722
13760
13790
13813
13840
13880
13916
13946
13967
13989
14195
14216
14240
14266
14306
14330
14352
14390
14413
14454
14518
14539
14574
14611
14651
14681
14708
14734
15116
15153
15175
15196
