# 756, 13fb34ff8784f4eac6cfe453997e219b9077dd49b48c000e1fc2879c010b25d3.SC2Replay
3789
3810
6464
6746
7161
7347
7389
7472
8167
9588
9611
9648
9680
9704
9746
9774
9856
9887
9919
9973
10001
10022
10053
10092
10140
10191
10224
10245
10569
10612
10644
10673
10713
10734
10779
10861
10885
10912
10938
10974
11008
11030
11053
11085
11130
11181
11296
11325
11354
11378
11415
11440
11492
11516
11564
11587
11637
11692
11717
11739
11792
11825
11855
11885
12047
12071
12119
12149
12193
12224
12276
12299
12338
12374
12416
12496
12529
12574
12616
12637
12664
12691
12723
12778
12799
12822
12843
12876
13009
13041
13076
13117
13146
13168
13210
13250
13279
13302
13333
13365
13409
13439
13470
13492
13518
13548
13580
13622
13665
13691
13737
13768
13804
13852
13874
13915
13937
13966
14001
14022
14047
14079
14109
14144
14174
14205
14242
14267
14310
14333
14366
14401
14456
14483
14519
14561
14596
14634
14677
14701
14724
14755
14798
14820
14848
14874
14902
14936
14970
15024
