# 1656, 14537b2a6a02a50cb2d0f912d3980ddb87767f2352428be1a8579d36b877cc76.SC2Replay
3409
3436
5597
6060
6081
6556
6705
6729
6760
6783
7028
7052
7091
7208
7230
7279
7300
7341
7380
7411
7451
7473
7510
7532
7557
7580
7606
7634
7658
7684
7745
7768
7842
7863
7888
7912
7948
8253
8284
8312
8333
8627
8649
8930
9271
9627
9648
10104
10233
10275
10369
10407
10429
10573
10598
10625
10882
11347
11687
11728
11751
11772
11793
11814
11839
11860
11882
11912
11947
12011
12032
12054
12075
12097
12118
12143
12177
12210
12478
12569
12691
12817
12839
13033
13161
13591
13623
13667
13699
13780
13873
14023
14178
14510
15374
15696
15774
15819
16020
16107
16168
16195
16220
16243
16270
16300
16329
16355
16376
16407
16431
16556
16580
16958
16990
17246
17402
17538
17578
17608
17688
17713
17744
17765
17942
17968
17989
18027
18063
18085
18109
18138
18339
18371
18400
18421
18443
18516
18554
18594
18620
18642
18681
18720
18741
18768
18793
18817
19125
19233
19254
19275
19311
19332
19353
19390
19428
19462
19483
19507
19532
19558
19579
19608
19631
19853
19875
19916
20051
20072
20093
20116
20239
20310
20332
20496
20635
20659
20838
20860
20888
20924
20946
21106
21138
21858
21881
21912
21946
22062
22093
22120
22144
22185
22206
22433
22457
22535
22556
22584
22610
22632
22691
23135
23170
23196
23222
23368
23389
23831
23855
24295
24316
24346
24469
24490
24536
24557
24583
24617
24651
25277
25300
25322
25520
25542
25570
25591
25684
25706
25839
25861
25891
25925
26184
26210
26243
26266
26291
26328
26349
26373
26423
26454
26479
26502
26523
26554
26575
27075
27104
27125
27147
27170
27201
27228
27335
27514
27536
27574
27596
27621
27648
27686
27710
27831
27853
27917
27942
27980
28013
28034
28070
28121
28144
28166
28191
28220
28243
28271
28296
28331
28361
28385
28409
28478
28507
28687
28708
28729
