# 1464, 2472f5d9a197b4529eeb244d5bee79f91da2c75012d4419fb34805c72fec48b8.SC2Replay
5384
5438
5459
5493
5517
5547
5570
5600
5671
5693
5714
5789
5872
5900
5937
5967
5989
6010
6031
6064
6085
6106
7290
7315
7353
7378
7404
7436
7463
7503
7528
7549
7575
7603
7624
7645
7668
7689
7712
7778
7799
7824
7862
7883
7914
7943
7964
8206
8232
8261
10284
10340
10415
10505
10546
10572
10613
10662
10691
10716
10823
10868
10902
11053
11110
11134
11156
11190
11221
11263
11311
11334
11368
11403
11424
14068
14090
14713
14739
14761
14785
14812
14834
14856
14897
14922
14975
15020
15049
15698
15731
15764
15796
15825
15857
15881
15907
16185
16214
16254
16288
16313
16394
16415
16479
16503
16539
16564
16589
16629
16655
16687
16726
16748
16772
16920
16957
16988
17021
17043
17065
17122
17143
17167
17189
17212
17250
17278
17300
17461
17482
17504
17534
17566
17596
17619
17647
17975
17997
18022
18048
18078
18113
18138
18161
18183
18205
18230
18253
18280
18471
18571
18604
18633
18660
18683
18720
18761
18786
18819
18846
18885
18909
18932
18956
18977
19005
19026
19050
19075
19104
19129
19150
19173
19203
19239
19261
19297
19322
19362
19383
19418
19441
19466
19487
19512
19535
19562
19586
19619
19643
19679
19702
19726
19759
19781
19815
19839
19877
