# 1496, 0ab54741e601588de3805c537092ea147aed4e96617af65df39dd7e80b81cb7c.SC2Replay
4374
4399
4423
4454
4476
4502
5533
5573
5595
5616
5646
5683
5722
5769
5801
5828
5852
9834
9865
9897
9930
9961
9997
10032
10065
10098
10119
10316
10337
10371
10403
10489
10512
10545
10876
10898
10927
10952
11365
11390
11415
11436
11457
11512
11545
11572
11601
11623
14263
14291
14331
15417
15560
15628
15654
15676
15996
16090
16123
16163
16675
16717
16740
16973
17034
17116
17175
17231
17253
17281
17313
17349
17421
17447
17471
17492
17540
17585
17679
17719
17772
17797
17820
17852
17908
17969
18007
18040
18066
18087
18127
18155
18176
18206
18234
18259
18293
18314
18335
18357
18389
18418
18450
18471
18496
18943
18971
19014
19041
19085
19113
19192
19257
19280
19459
19497
19793
19819
19858
19882
19904
19929
19951
19979
20004
20026
20050
20071
21695
21727
21760
21855
21879
21911
21950
21989
22083
22104
22193
22226
22261
22309
22462
22494
22515
22542
22585
22640
22722
22761
22792
23065
23153
23184
23242
23267
23289
23328
23350
23376
23412
23454
23493
23532
23568
23592
23614
23641
23679
23702
23761
23789
23810
23855
23912
23972
24007
24458
24485
24512
24616
24642
24676
24708
24745
24771
24794
24826
24855
24886
24910
24934
25006
25046
25069
25091
25117
25147
25174
25200
25422
25500
25549
25583
25612
25642
25666
25687
25768
25792
25832
25880
25917
25947
25978
26003
26031
26100
26127
26168
26205
26359
26383
26419
26461
26489
26529
26550
26572
26593
26619
26661
26685
26723
26775
26828
26861
26902
26951
26989
27027
27050
27091
27121
27157
27178
27236
27261
27284
27306
27336
27358
27397
27432
27455
27479
27501
27528
27557
27587
27608
27629
27650
27673
27697
27745
27774
27817
27869
27900
27926
27950
28276
28301
28399
28435
28491
28535
28580
28607
28656
28719
28757
28786
28808
28845
28868
28898
28940
