# 1591, 0a36ba4cbb51360b5a82852791e665a36bdf74696be73a56df6e47dcfff0e78a.SC2Replay
5225
7976
8002
8037
8062
10453
10480
10502
10523
10555
12618
12642
12663
13631
13662
13683
14263
14489
14531
14574
15143
15202
15245
15381
15408
15444
15471
15875
15899
16027
16123
16216
16315
16705
16739
16763
16785
16813
16842
16879
16916
16937
16958
16988
17010
17045
17066
17106
17134
17157
17184
17207
17228
17264
17303
17331
17371
17398
17434
17495
17547
17572
17598
17619
17641
17679
17707
17729
17754
17778
17819
17842
17863
17888
17912
17939
17960
17982
18008
18030
18057
18088
18133
18167
18193
18222
18255
18280
18305
18464
18493
18521
18542
18565
18600
18640
18673
18708
18746
18770
18793
18814
18850
18871
18896
19003
19038
19079
19105
19145
19187
19215
19260
19315
19340
19376
19401
19425
19461
19742
19764
19797
19829
19855
19902
19925
19987
20021
20050
20099
20145
20176
20197
20220
20250
20277
20316
20349
20376
20406
20447
20535
20561
20584
20614
20648
20685
20714
20790
21487
21509
21545
21581
21607
22906
22934
23193
23294
23360
23404
23503
23548
23644
23686
23768
23792
23825
23857
23879
23900
23935
24038
24060
24103
24131
24161
24297
24320
24367
24400
24422
24493
24533
24588
24873
24927
24955
24994
25153
25188
25211
25236
25257
25287
25340
25379
25409
25431
25561
25585
25608
25662
25697
25736
26093
26141
26175
26734
26793
26829
26876
27180
27291
27325
27389
27413
27454
27542
27899
27981
28056
28091
28130
28214
28243
28298
28322
28351
28432
28454
28503
28646
28681
28704
28733
28799
28934
28986
29066
29099
29183
29218
29239
29311
29619
30543
30572
30686
30707
30736
30758
30893
30939
30991
31148
31204
31228
31263
31295
31330
31353
31376
31398
31424
31449
31471
31511
31536
31558
31593
31662
31683
31708
31731
31759
31784
31810
31834
31869
31893
31917
31939
31974
32002
32024
32054
32077
32101
32135
32164
32191
32219
32248
32270
32304
32333
32365
32427
32468
32498
32521
32547
32584
32605
32646
32671
32694
32726
32750
32777
32799
32820
32842
32863
32901
33075
33115
33273
33299
33334
33356
33389
33412
33442
33464
33490
33522
33547
33572
33593
33618
33643
33671
33702
33737
33774
33809
33830
33853
