# 1437, 003b50ee8e978ebb71c37db1f8ed823ec610b41be743f908c597f64a9f3fd67b.SC2Replay
4793
4824
4852
4883
4904
4932
4957
5167
5282
5310
5430
5463
5488
5890
5925
5960
6067
6333
6373
6398
6431
6475
6512
6574
6841
6995
7329
7351
7391
7419
7444
7474
7765
7789
8768
8902
9109
9134
9156
9438
9479
9520
9550
9580
9603
9625
9654
9681
9702
9723
9744
9779
9818
9848
9870
9892
9918
9942
9972
9997
10025
10050
10074
10111
10132
10154
10175
10206
10232
10257
10282
10304
10327
10348
10381
10412
10436
10461
10483
10504
10542
10576
10609
10642
10667
10706
10730
10766
10800
10821
10852
10886
10908
10934
10971
11010
11035
11057
11079
11113
11139
11164
11191
11213
11237
11269
11290
11325
11354
11395
11421
11445
11466
11488
11517
