# 667, 2887e8f38b24fc058829e147356f0f347ee5f73a0fe428050b7db68c1f69fd5f.SC2Replay
3668
3689
4113
4134
4168
4190
4233
4256
4476
4611
4676
4708
4729
4752
4783
4806
4834
4990
5011
5049
5071
5104
5146
5171
5206
5228
5249
5320
5341
5435
5472
5842
5872
5953
5988
6045
6078
6100
6130
6154
6175
6199
6222
6251
6297
6320
6350
6374
6412
6440
6463
6503
6606
6627
6716
6743
6764
6854
7249
7273
7294
7352
7378
7481
7532
7573
7602
7680
8559
8611
8635
8671
8705
8733
8755
8779
9071
9093
9114
9153
11436
11457
11832
11880
11986
12015
12108
12177
12198
12310
12339
12360
12385
12408
12433
12907
13402
13452
13483
13509
13531
13552
13581
13707
13855
13877
13902
13932
13973
14006
14030
14134
14167
14189
14216
14240
14329
14373
14448
14469
14490
14529
14566
14631
14666
14689
14714
14738
14769
14897
14919
14948
14989
15024
15045
15088
15116
15147
15174
15210
15232
15306
15337
15460
15487
15524
15561
15582
15608
15630
15655
15710
15732
15763
15822
15942
15963
15986
16011
16042
