# 1472, 2b08686b51103819ee7cf7c12d52656892b870f61ed5b1e3eff2e8cd5ed631a6.SC2Replay
2874
2959
3006
3311
3608
3871
3908
3943
4128
4164
4191
4227
4357
4541
4756
4782
4948
5092
5136
5200
5265
5307
5397
5507
5625
5647
5668
5700
5721
5743
5794
5855
5891
5913
5935
5973
5995
6017
6046
6068
6090
6116
6139
6168
6192
6263
6284
6508
6586
6706
6891
6921
6985
7821
7967
8018
8070
8270
8297
8364
8510
8576
8654
8678
8738
8805
8900
8981
9003
9097
9293
9339
9409
9546
9685
9735
9827
9869
9892
9919
9957
9988
10010
10042
10065
10086
10320
10356
10461
10482
10504
10539
10576
10608
10640
10888
10912
10940
10994
11015
11060
11081
11108
11137
11163
11212
11250
11461
11493
11515
11549
11573
11601
11629
11654
11684
11724
11747
11772
12079
12193
12220
12247
