# 1270, 1108fb655623a815a32027d91b1f48b3cc5095cbba02c2203513bd8c0667d88a.SC2Replay
3250
3281
3304
3325
3355
3382
3403
3424
3487
3541
3572
3608
3669
3825
3850
3888
3917
4250
4283
4306
4342
4390
4443
4498
4620
4690
4724
4788
4887
4972
5015
5077
5134
5168
5225
5341
5396
5430
5461
5496
5577
5647
5679
5706
5727
5749
5777
5814
5835
5876
5904
5925
5953
5974
5998
6245
6277
6303
6344
7051
7077
7098
7123
7144
7165
7193
7215
7240
7295
7316
7468
7504
7528
7552
7573
7595
7620
7651
7679
7909
7937
7961
7986
8013
8034
8061
8086
8115
8202
8225
8255
8282
8322
8358
8386
8407
8428
8595
8618
8652
8684
8715
8774
8804
8826
8860
8884
8909
8931
8957
8978
9003
9030
9052
10916
10944
11013
11137
11808
11829
11865
11886
11923
11945
12022
12058
12196
13293
13321
13350
13375
13410
13437
13463
13504
