# 475, 0e267a60d355e4fd84b3c8676804b89d4713b381aaa673a833f4130c0254b95d.SC2Replay
3687
3720
3751
3782
3816
4019
4045
4330
4358
4389
4422
4447
4471
4501
4522
4545
4568
4589
4615
4652
4673
4709
4731
4754
4776
6261
6668
6689
6724
6751
6774
6797
6819
7108
7129
7157
7179
7204
7228
7264
7293
7719
7753
7820
7844
7924
7957
8007
8047
8295
8325
8346
8377
8398
8672
8702
8729
8764
8785
8823
8855
8881
8903
8939
8968
8990
9016
9037
9060
9081
9109
9131
9155
9194
9227
9254
9291
9317
9339
9380
9414
9451
9480
9517
9538
9575
9613
9634
9655
9686
9710
9731
9755
9779
9807
9838
9915
9946
9971
