# 18, 123b219e5bf8cd0274c651eaee32e61a27c58de7c7651989cfe9a9b58fbbc7fe.SC2Replay
55
1271
1836
1909
2311
3256
3425
3759
3804
3825
3949
4094
4246
4279
4314
4434
5042
5102
5151
5201
5238
5340
5403
5471
5503
5567
5606
5627
5786
6020
6046
6085
6107
6152
6199
6231
6256
6296
6325
6346
6367
6397
6434
6471
6505
6526
6547
6572
6600
6782
7237
7315
7418
7483
7509
7530
7553
7585
7616
7647
7669
7691
7712
7783
7837
7867
7888
7939
7968
8620
8684
8743
8886
8973
9004
9169
9339
9379
9586
9795
9898
9942
9985
10028
10137
10297
10321
10419
10449
10522
10552
10596
10641
10665
10689
10711
10735
10767
10789
10867
10917
10948
10990
11011
11121
11142
11163
11198
11239
11292
11354
11756
11795
11819
11842
11865
11899
11925
11959
