# 395, 15e2620423b580a4002a02f7a8e314f370da1644d39e1a78d73c598779f52d8c.SC2Replay
2709
2744
2806
2893
2940
3018
3052
3075
3115
3176
3205
3272
3302
3323
3346
3368
3401
3423
3495
3530
3647
3675
3719
3747
3803
3835
3859
3970
4001
4037
4072
4101
4144
4187
4262
4520
4590
4617
4641
4662
4683
4706
4727
4748
4778
4840
4872
4902
4927
4950
4973
5133
5213
5304
5331
5372
5444
5483
5544
6016
6040
6064
6884
6905
6943
6976
6998
7020
7042
7078
7102
7125
7196
7217
7420
7442
7480
7520
7553
7576
7597
7618
7642
7667
7693
7732
7762
7786
7807
7830
7870
7893
7915
7940
7962
7998
8026
8048
8075
8096
8120
8369
8398
8421
8605
8635
9332
9361
9850
9871
10031
10201
10232
10318
10341
11172
12372
12457
12480
12788
12813
12837
12859
12890
12911
12936
13027
13086
13331
13365
13386
13413
13435
13458
13759
13780
13818
13846
13868
