# 1376, 2a4d18d10bee51bcece6458da688a65eacba6ed0d7c994fdd7d94518b9db9a11.SC2Replay
8025
8052
8073
8094
8152
8174
8200
8225
8248
8278
8310
10922
11536
11559
11600
11699
11726
11753
11791
12399
13600
16359
16389
16412
16470
16504
16536
16569
16599
16621
16646
16685
16725
17300
17338
17366
17401
17427
17453
17475
18811
18836
18919
18940
18976
19018
19041
19066
19088
19110
19136
19157
19195
19219
19268
19291
19312
19455
19502
19528
19889
19913
19938
20029
20055
20085
20125
20146
20167
20192
20256
20291
20328
20350
20374
20412
20479
20500
20563
20590
20611
20632
21017
21081
21219
21246
21267
21401
21432
21454
21481
21502
21523
21546
21568
21627
21660
21681
21707
21771
21808
21839
21860
21882
21921
21946
21968
21991
22012
22044
22078
22103
22134
22169
22190
22214
22239
22264
22295
22326
22350
22377
22400
22457
22498
22524
22559
22585
22615
22687
22711
22741
22764
22795
22829
22856
22998
23246
23273
23347
23369
23400
23428
23459
23488
23511
23532
23558
23580
23608
23634
23662
23685
23723
23749
23776
23806
23934
23960
23987
24033
24069
24104
24143
24169
24191
24529
24566
24607
24636
24657
24692
24721
24835
24862
24886
24909
24935
24956
24985
25014
25039
25067
25088
25118
25154
25177
25202
25237
25271
25292
25313
25341
25367
25395
25423
25444
25481
25521
25548
25572
25599
25637
25662
25684
25707
25734
25765
25788
25811
25836
25859
25894
25918
25949
25972
26007
26042
26201
26241
26272
26305
26331
26361
26428
26519
26541
26756
26791
26816
26842
26863
26974
26998
27033
27057
27079
27102
27123
27155
27185
27358
27379
27401
27434
27456
27477
27684
27715
27742
27763
27793
28033
28056
28084
28122
28159
28190
28224
28261
28282
28319
28354
28375
28415
28438
28473
28494
28521
28550
28586
28772
28794
28834
28866
28890
29144
29177
29198
29219
29245
29268
29292
29315
29340
29361
29382
29420
29441
29466
29502
29526
29550
29577
29602
29682
29723
29763
29793
29824
29857
29889
29910
29951
29973
29994
30019
30085
30139
30239
30403
30439
30970
31001
31023
31108
31134
31168
31292
31322
31348
31369
32017
