# 1809, 1b6ab697b57258cb6eeef07ec466a22b30494cccf09b9e87018f381b81898c2c.SC2Replay
3680
4013
4040
4695
4717
5589
5707
5789
5985
6100
6182
6241
6262
6296
6320
6341
6396
6444
6503
6526
6655
6709
6831
6976
7026
7055
7083
7105
7138
7162
7349
7370
7399
7425
7457
7478
7503
7589
7627
7662
7686
7713
7750
7778
7806
7836
7869
7890
7911
7932
7969
7992
8014
8038
8063
8102
8162
8184
8209
8234
8260
8300
8321
8346
8375
8397
8420
8447
8474
8498
8521
8545
8572
8610
8637
8662
8688
8722
8751
8774
8799
8824
8850
8875
8911
8938
8971
9003
9032
9054
9079
9112
9151
9174
9195
9217
9239
9269
9292
9313
9354
9377
9407
9430
9468
9495
9520
9559
9591
9615
9640
9666
9689
9711
9733
9754
9776
9798
9827
9852
9893
9914
9944
9974
10014
10047
10110
10137
10161
10189
10225
10253
10275
10307
10329
10356
10377
10473
10501
10532
10557
10581
10604
10625
10653
10682
10819
10854
10879
10907
10928
10976
10997
11037
11071
11133
11403
11641
11662
11686
11719
11867
11905
11936
11957
11978
12001
12024
12049
12084
12109
12132
12182
12522
13182
13707
13790
13831
13869
13903
14112
14135
14160
14186
14213
14241
14265
14287
14406
14441
14470
14604
14645
14677
14699
14721
