# 492, 1a91504e7cb88a97941b23924944807a5c20043783e678f3ae5665b72eb57a31.SC2Replay
6415
6439
6677
6698
6726
6747
6769
6790
6813
6842
6868
6899
6927
6960
6984
9356
9377
9416
9453
12511
12547
12570
12591
12612
12642
12663
12684
13097
13124
13154
13179
13203
13239
13265
13289
13310
13337
13361
13382
15378
15400
15422
15453
15484
19883
19906
19945
19966
19991
20018
20040
20063
20094
20126
20147
20188
20218
20254
20275
20478
20509
20532
20556
20707
20733
20807
20830
20912
20972
21004
21048
21100
21149
21174
21195
21241
21360
21381
21409
21450
21489
21510
21532
21558
21780
21814
21838
21859
21891
22036
22073
22170
22201
22240
22276
22457
22542
22563
22599
22626
22680
23124
23151
23180
23247
23471
23606
23650
23678
23722
23752
23789
24081
24103
24140
24164
24189
24224
24248
24277
24300
24327
24362
24397
24438
24463
24484
24524
24545
24574
24752
24774
24805
24835
24861
24886
25338
25360
25390
25760
25791
25812
25849
25877
25909
26002
26026
26049
26080
26101
26225
26250
26288
26564
26586
26615
26649
26673
26713
26891
26924
26946
26978
27007
27030
27060
27100
27124
27146
27178
27213
27249
27279
27306
27328
27353
27376
27397
27423
27454
27492
27528
27557
27583
27606
27783
27815
27839
27877
27898
27922
27947
27973
28000
28037
28071
28103
28142
28170
28230
28276
28301
28341
28375
28410
28444
28469
28491
28528
28569
28590
28616
28641
28682
28713
28748
28773
28794
28818
28848
28872
28899
28921
29271
29294
29316
29346
29373
29402
29423
29462
29486
29519
29747
29775
29800
29821
29843
29871
29908
29929
29950
29975
30003
30028
30062
30101
30123
30164
30191
30216
30251
30290
30317
30340
30372
30395
30422
30450
30484
30510
30531
30552
30604
30632
30657
30678
30704
30728
30753
30781
30807
30838
30860
30896
30921
30960
30993
31024
31050
31085
31108
31137
31159
31181
31217
31247
31274
31308
31335
31373
31401
31432
31454
31481
31503
31528
31919
31944
31966
31989
32011
32322
32345
32385
32422
32924
32963
32987
33015
33045
33071
33411
33432
34126
34151
34173
34194
34215
34238
34407
34428
34450
34472
34500
34522
34547
34580
34608
34642
34665
34688
34709
34731
34760
34788
34813
34852
34873
34895
34923
34953
34974
35010
35044
35066
35099
35122
35163
35318
35339
35367
35392
35413
