# 1040, 11a5bd6a7a46968d6bbb830ebe2f7fb2433957f67be88fd5c33a91cb0d122481.SC2Replay
5059
5082
5113
5143
5475
5558
5582
5603
5624
5661
6984
7361
7562
7585
7611
7960
8024
8064
8559
8585
8614
8646
8676
8698
10296
10331
10672
10698
10724
10746
10769
10805
12201
12232
12538
12559
12616
12637
12662
13127
13152
13188
13229
13376
14042
14079
14114
14142
14201
14357
14389
14414
14461
14682
14705
14732
14762
14790
14841
14881
14921
14956
14987
15008
15035
15134
15567
15809
15877
16104
16141
16165
16186
16929
16953
16979
17001
17341
17363
17399
17425
17446
17483
17504
17673
17837
17872
17900
18005
18031
18056
18297
18401
18422
18450
18474
18510
18577
18615
18640
18662
18688
18726
18756
18777
18806
18833
18856
18976
19016
19055
19084
19109
19157
19186
19208
19230
19251
19274
19295
19320
19341
19365
19781
19822
19843
19867
19892
19917
20366
20388
20415
20443
20751
20776
20800
20832
20853
20874
20899
20936
20962
21001
21649
21744
21768
21804
21885
22052
22075
22339
22375
22396
22417
22438
22470
22509
22535
22557
22584
22605
22628
22655
22690
22724
22749
22773
22794
22820
22860
22881
22910
22933
22959
23300
23340
24598
24666
24687
24709
24735
24768
24790
24815
24845
24868
24898
24919
24940
24965
24998
25019
25041
25063
25084
25118
25143
25164
25205
25244
25266
25298
25326
25368
25400
25422
25444
25466
25533
25559
25586
25612
25633
25654
26157
26179
26205
26226
26247
26269
26293
26318
26660
26692
26719
26754
26776
26800
27027
27049
27086
27121
27155
27178
27203
27283
27311
27334
27368
27389
27417
27449
27703
27945
27966
27999
28020
28243
28264
28286
28309
28339
28365
28395
28499
28533
28560
28618
28640
28736
28760
28855
28878
28907
28936
28957
28980
29004
29031
29056
29090
29118
29159
29190
29230
29266
29307
29343
29364
29387
29410
29437
29473
29501
30147
30176
30202
30223
30572
30594
30624
30661
30683
30715
30855
30880
30902
31226
31247
31652
31675
31703
31728
31764
31798
31819
31840
31863
32004
32039
32060
32083
32116
32156
32177
32203
32225
32256
32278
32306
32330
32354
32378
