# 1066, 090dc73ed28a1cc3cc146f6f36ef166657ead22f3b4ef57550481e2b8b64e3f9.SC2Replay
10607
10648
10688
10757
10780
10820
12154
12184
12207
12230
12255
12293
12320
12342
15833
15859
15885
16103
16124
16164
16187
16230
16267
16288
16568
16626
17583
17615
18528
18563
18599
18621
18662
18692
18723
18756
18798
18830
18858
18881
18911
18944
18975
19004
19030
19059
19096
19137
19159
19339
19374
19433
19474
19505
19528
19563
19588
19613
19640
19678
19716
19737
19759
19788
19825
19848
19872
19896
19929
19957
19979
20007
20044
20072
20105
20140
20170
20192
20220
20247
20286
20383
20421
20456
20485
20514
20539
20568
21030
21051
21076
21105
21150
21179
21204
21235
21262
21286
21336
21370
21402
21428
21457
21480
21507
21529
21550
21585
21606
21643
21675
21703
21727
21757
21785
21812
21839
21870
22306
22337
22366
22399
22422
22448
22472
22494
22515
22541
22571
22603
22636
22672
22710
22731
22776
22798
22821
22847
22868
22889
22914
22941
22982
23009
23050
23076
23103
23131
23152
23173
23199
23225
23257
23297
23432
23454
23479
23524
23545
23579
23835
23869
23904
23926
23950
23979
24010
24056
24080
24118
24156
24177
24206
24232
24257
24284
24305
24339
24370
24401
24424
24450
24476
24511
24540
24561
24604
24641
24683
24710
24732
24767
24800
24821
24860
24895
24919
24953
24980
25001
25647
25672
25703
25735
26461
26482
26503
26524
26552
26593
26618
26648
26670
27301
27338
27369
27455
27539
28883
28912
28941
28980
29012
29048
29069
29221
29247
29283
29304
29341
29473
29497
29557
29589
29616
29637
29674
29701
29722
29744
29779
29800
29831
29891
29919
30010
30065
30091
30126
30165
30195
30259
30280
30379
30400
30424
30459
30549
30572
30599
30620
30646
30670
30970
30996
31024
31046
31067
31088
31109
31130
31158
31181
31205
31242
31271
31312
31344
31373
31399
31421
31455
31477
31504
31688
31714
31738
31761
31792
31815
31846
31875
31909
31934
31955
31990
32017
32162
32187
32212
32455
32499
32530
32554
32672
32694
32725
32746
32785
32816
32853
32970
33024
33051
33078
33113
33136
33164
33284
33324
33345
33367
33391
33422
33444
33506
33536
33557
33595
34241
34263
34299
34326
34348
34374
34409
34446
34481
34556
34593
34925
34957
34994
35020
35047
35069
35105
35148
35280
35311
35338
35375
35397
35419
