# 823, 136fcf5d408548ca48f67ef9429f57a3db88931cad84736fadcdc0f82f0802dc.SC2Replay
8874
9303
9333
9354
9958
10003
10050
10077
10101
10123
10161
10198
10280
10395
10437
10465
10490
10523
10551
10604
10675
11898
11919
11948
11986
12049
12084
12106
12144
12190
12248
12279
12301
12349
12371
12392
12420
12445
12472
12498
12528
12555
12586
12621
12676
12705
12766
12823
12845
12866
12920
12950
12978
13010
13037
13089
13120
13146
13176
13202
13228
13260
13283
13327
13349
13372
13394
13416
13442
13493
13530
13553
13578
13605
13642
13668
13944
13969
14001
14032
14072
14112
14137
14181
14561
14589
14620
14669
14711
14913
14937
14988
15014
15052
15078
15107
15157
15196
15220
15658
15835
15856
16021
16049
16084
16112
16134
16333
16354
16400
16429
16481
16511
16539
16755
16824
16876
16912
16965
16994
17035
17057
17151
17222
17287
17321
17349
17372
17403
17426
17448
17514
17540
17562
17588
17610
17656
17686
17711
17741
17776
17807
17837
18030
18089
18127
18178
18218
18633
18660
18726
19009
19032
19092
19125
19181
19513
19536
19559
19583
19605
19628
19655
19678
19717
19740
19768
19791
19889
19913
19935
19956
19981
20008
20042
20082
20120
20146
20178
20203
20228
20265
20586
20613
20646
20673
20700
20725
20766
20789
20818
20841
20877
20903
20937
20964
20999
21023
21044
21081
21106
21134
21173
21196
21222
21245
21269
21294
21328
21352
21384
21414
21439
21462
21489
21512
21546
21571
21598
21638
21668
21709
21741
21765
21787
21825
21848
21870
21891
21926
21964
21998
22030
22063
22085
22106
22130
22151
22183
22218
23695
23725
23749
23772
