# 329, 00a761e5152ec7edf32ba879e8d45b7025c452822e9c428a6dc63ce629ab49a5.SC2Replay
7578
7600
8504
8680
8705
8791
8853
8890
8920
8983
9049
9086
9134
9167
9194
9227
9258
9377
9709
10201
10223
10245
10275
10529
10553
10581
10603
10628
10732
10756
10778
10868
10889
10910
11099
11170
11359
11391
11415
11450
11593
11620
11641
11942
11967
12087
12141
12214
12253
12279
12349
12389
12419
12448
12473
12502
12525
12552
13258
13282
13303
13330
13359
13384
13414
13672
13704
13735
13756
13780
13806
13834
13857
13888
13916
13940
13967
13988
14009
14088
14115
14147
14183
14221
14258
14294
14406
14428
14450
14485
14512
14578
14607
14637
14670
14699
14721
14749
14774
14808
14834
14860
14883
14916
14957
14986
15018
15053
15086
15121
15149
15170
15191
15230
15251
15284
15309
15342
15374
15409
15438
15472
15532
15588
15645
15740
15810
15886
15911
15944
16086
16116
16153
16191
16213
16240
16267
16300
16328
16354
16382
16403
16424
16445
16486
16554
16575
16597
16633
16686
16720
16742
16763
16802
16835
16861
16884
16906
17058
17122
17147
17174
17195
17236
17271
17292
17313
17339
17366
17404
17427
17452
17491
17515
17547
