# 498, 00a57c43382c35cc07f86580f095aa038ceb5b6a9eb522c8c763ecc6d00fb89d.SC2Replay
4965
5483
5504
5525
5546
6581
6602
6623
6644
7262
7284
7311
7332
7368
7447
7475
10778
10805
10843
11467
11494
11531
11572
11594
11623
11650
11671
11692
12393
12427
12464
12492
12518
12544
12567
12608
12635
12656
12720
12748
12774
12808
12843
12867
12898
12920
12944
12967
12989
13010
13042
13066
13097
13123
14150
14186
14227
14250
14277
14312
14340
14370
14402
14427
14454
14475
14514
14553
14574
14595
14622
14647
14668
14689
14714
14735
14756
14777
14798
14824
14847
14956
14978
14999
15024
15057
15081
15108
15135
15166
15199
15221
15248
15275
15297
15319
18286
18309
18342
18364
18397
18419
18440
18466
18492
18528
18553
18582
18621
18651
18673
18867
18891
18968
19007
19035
19061
19082
19119
19151
19194
19221
19253
19296
19320
19370
19630
19658
19680
19701
19728
19753
19793
19816
19849
19880
19915
19938
19959
20001
20025
20048
20272
20293
20327
20348
20370
20735
20756
20782
20808
20829
20850
20872
20893
20919
21675
21696
21721
21742
21763
21786
21813
21840
21861
21898
21919
21979
22006
22041
22370
22391
22412
23037
23059
23081
23153
23176
23198
23225
23603
23626
24266
24294
24331
24370
24395
24420
24444
24472
24499
24524
24554
24577
24602
24623
24865
24887
24912
24945
24971
25003
25032
25070
25098
25119
25140
25227
25249
25273
25398
25435
25462
25488
25519
25540
25573
25982
26014
26042
26063
26087
26114
26137
26167
26189
26215
27690
27714
27735
27757
27782
27809
27835
27861
27882
27907
27938
27979
28351
28399
28421
28457
28931
28953
29055
29083
29106
29144
29166
29188
29226
29253
29279
29304
29333
29358
29379
29405
29427
29467
29490
29528
29550
29581
29602
29624
29650
29682
29706
29741
29763
29799
29826
29848
29870
29891
29916
29941
29964
30002
30038
30071
30094
30122
30149
30171
30204
30225
30253
30277
30314
30351
30386
30407
30456
30479
30506
30636
30659
30892
30925
30966
31083
31112
31146
31168
31191
31220
31247
31278
31987
32017
32039
32062
32167
32273
32295
32317
32691
32713
32752
32868
32889
32921
32943
32964
33001
33031
33056
