# 1114, 26323f06236786458f41862f4026c35e56f5bb033e9d7ab09a42d2a1eb9ae252.SC2Replay
4303
4324
5050
5932
5958
6694
6864
7089
7119
7146
7515
7537
7558
7596
7633
7681
7703
7725
7748
7772
7806
7830
7856
7897
7918
7939
7966
8013
8034
9862
9928
9996
10868
10892
10921
10945
10969
10993
11475
11721
11745
11769
11790
11812
11929
11951
11978
12001
12099
12587
12891
12912
12934
12957
12998
13023
13058
13082
13105
13132
13160
13194
13217
13241
13373
13531
13565
13588
13626
13666
13693
13727
13759
13784
14031
14054
14075
14101
14355
14409
14430
14454
14479
14501
14550
14578
14599
14621
14679
14726
14838
14859
14966
14987
15015
15131
15212
15280
15323
15345
15369
15390
15422
15593
15622
15653
15828
15908
15929
16019
16083
16113
16143
16171
16209
16242
16268
16296
16322
16347
16381
16419
16441
16464
16500
16536
16568
16591
16615
16636
16719
16742
17282
17313
17394
17467
17526
17705
17726
17749
17791
17823
17844
17867
17902
17975
18001
18032
18137
18176
18202
18226
18253
18276
18314
18430
18451
18476
18497
18550
18571
18594
18615
18648
18682
18730
18871
18897
18936
18957
18999
19020
19045
19076
19098
19121
19182
19204
19244
19314
19340
19363
19384
19405
19431
19453
19481
19520
19576
19604
19638
19674
19700
19721
19758
19784
19809
19846
19867
19966
20003
20024
20101
20131
20155
20184
20217
20240
20265
20286
20555
20593
20626
21042
21145
21519
