# 1424, 19bf32e7cf99a249d8d67f16c39e39173362a3c984fc116c2032cecac14f05bc.SC2Replay
7880
7906
7927
7953
7975
8015
8037
8060
8090
8120
8152
8175
8213
8244
8271
10350
10385
10420
10449
10496
10630
10668
10708
10733
10965
11006
11028
11051
11090
11113
11411
11433
11459
11490
11545
11571
11593
11614
11638
11671
11715
11740
11762
11806
11907
11965
12006
12047
12098
12122
12162
12205
12271
12359
12397
12426
12465
12489
12552
12596
12619
12645
12692
12758
12798
12823
12862
12905
12937
12959
12982
13021
13061
13091
13114
13182
13224
13247
13466
13497
13532
13569
13600
13663
13700
13829
13977
14003
14047
14068
14089
14130
14159
14181
14211
14244
14304
14355
14395
14420
14458
14496
14523
14551
14626
14670
14696
14719
14749
14778
14834
14876
15074
15112
15189
15246
15508
15554
15770
15799
15821
15843
15876
15899
15924
15967
15999
16074
16095
16138
16166
16188
16214
16248
16292
16318
16354
16400
16421
16444
16467
16498
16527
16549
16584
16623
16650
16684
16705
16736
16778
16825
16886
16915
16945
16966
17082
17315
17358
17412
17630
17653
17734
17852
17876
17905
17932
17971
18017
18052
18103
18129
18154
18240
18604
18630
18678
18706
18742
18766
18802
18840
18895
18942
18978
19010
19039
19063
19099
19125
19154
19186
19226
19264
19299
19333
19358
19379
