# 1087, 19229a6cadba5693f786c45a7451aab9ff584b79bd9300ad721b24127c4c970e.SC2Replay
7467
7488
7636
7660
9083
9105
9133
9166
9197
9219
9245
9271
9293
10553
10577
10603
10630
10652
10673
10700
10732
10759
10784
10813
10841
10869
10891
10912
10933
10954
10977
11013
11039
11060
11088
11112
11181
11206
11235
11256
11296
11327
11348
11370
11394
11424
11464
11501
11541
11573
11594
11615
11637
11658
11695
11719
11763
11784
11808
11835
11866
11892
11913
11934
11956
11986
12024
12051
12082
12109
12135
12163
12189
12212
12246
12278
12307
12328
12353
12377
12401
12426
12447
12469
12500
12531
12553
12576
12609
12633
12655
12694
12733
12754
12775
12809
12840
12862
12888
12917
12938
12962
12983
13011
13036
13065
13117
13141
13163
13203
13229
13260
13285
13337
13358
13380
13401
13426
13447
13559
13585
13614
13638
13664
13688
13721
13744
13783
13805
13827
13851
13874
13895
13917
13938
13964
13991
14029
14055
14078
14112
