# 118, 21f458335dbd1184079b0dad0c0cacbedee4bda5a556dd5e8c16094b7cdf9fdb.SC2Replay
349
1414
1963
2161
2335
2621
3120
3285
3521
4106
4353
4751
4827
5051
5199
5348
5459
5633
5843
5868
6014
6051
6078
6118
6155
6192
6384
6428
6613
6640
6673
6703
6743
6767
6858
6942
6968
7007
7079
7160
7201
7318
7425
7521
7558
7769
7796
7817
7854
7875
7898
7926
7947
7971
7992
8017
8339
8367
8407
8449
8582
8605
8770
8854
8939
8996
9186
9212
9276
9319
9573
9594
9656
9872
10099
10130
10155
10191
10237
10297
10446
10564
10649
10790
10821
10897
10984
11032
11084
11135
11178
11329
11465
11662
11764
11893
11972
12184
12278
12308
12373
12436
12590
12706
12734
12762
12795
12831
12872
13131
13173
13395
13456
13484
13810
13967
14171
14193
14215
14237
14294
14324
14416
14520
14559
14580
14604
14638
14673
14729
14805
14836
14874
14902
15019
15060
15100
15126
15347
15444
15482
15506
15536
15568
15606
15632
15672
15694
15748
15770
16040
16078
16139
16173
16355
16393
16472
16493
16519
16542
16596
16621
16642
16794
16852
16875
16949
16975
16998
17019
