# 917, 129755d49d36a97b6a6802233a119baf349e89e28e94def8b5a7794eba54586e.SC2Replay
6932
6957
6981
7005
7046
7071
7100
7127
7149
7188
7220
7252
7275
7525
8824
8855
8882
8906
8946
8973
8996
9215
9236
9257
9279
9307
9328
9557
9579
9732
9755
9779
9800
9841
9869
9893
9933
9955
9977
10006
10048
10080
10525
10546
10582
10611
10674
10704
10732
10759
10783
10811
10833
10856
10890
10917
10951
10973
11001
11022
11058
11098
11137
11227
11272
11294
11321
11443
11470
11495
11521
11550
11581
11607
11628
11664
11738
11769
11911
11934
12016
12046
12074
12113
12147
12174
12198
12246
12276
12396
12419
12454
12479
12501
12529
12572
12598
12621
12847
12877
12900
13147
13173
13206
13228
13250
13288
13316
13337
13362
13389
13414
13443
13614
13670
13695
13735
13756
13777
13798
13837
13869
13904
13925
13947
13986
14027
14056
14077
14113
14145
14168
14195
14234
14258
14286
14316
14343
14364
14385
14412
14740
14765
14787
14815
14836
14857
14918
14946
14990
15011
15032
15057
15087
15124
15162
15855
15879
