# 1480, 235efb7c4fb6bee9cd58ca752102673dc4639610f7adf3192f2fa2750d9c7025.SC2Replay
4802
4870
5395
5552
6566
6649
7462
8730
8972
8997
9122
10100
10177
10623
11007
12169
12205
12243
12395
12430
12469
12501
12632
12654
12675
12702
12754
12775
12798
12819
12840
12874
12899
12924
12945
12970
13008
13044
13076
13106
13127
13168
13208
13240
13317
13338
13368
13409
13437
13463
13502
13523
13544
13567
13592
13617
13649
13678
13785
13806
13847
13871
13897
13964
13993
14014
14049
14085
14109
14134
14163
14193
14221
14251
14275
14305
14331
14352
14379
14405
14426
14464
14511
14542
14583
14618
14642
14663
14685
14708
14733
14755
14777
14804
14827
14866
14889
14910
14937
14977
14999
15027
15054
15075
15096
15117
15138
15162
15192
15229
15253
15274
15308
15346
15369
15393
15417
15440
15476
15508
15530
15551
15576
15604
15626
15665
15706
15729
15753
15774
15797
15836
16002
16023
16045
16075
16099
16120
16142
16166
16187
16208
16247
16282
16317
16358
16382
16404
16435
16457
16488
16513
16535
16564
16591
16619
16652
16673
16697
16726
16758
16783
16804
16836
16861
16882
16903
16924
16949
16972
17010
17036
