# 1705, 22603fb9f2be51126e60b297472059f352c8eb96f9035941fc386cd8e6952c99.SC2Replay
7369
7397
7443
7496
7574
7604
7632
8206
8581
8608
8665
8686
8717
8739
8786
8894
8939
8960
8987
9039
9077
9173
9196
9245
9273
9307
9646
9927
9950
9983
10007
10031
10091
10132
10162
10197
10232
10254
10300
10335
10358
10387
10417
10442
10473
10511
10539
10576
10599
10635
10663
10695
10746
10787
10893
10925
10951
10980
11012
11104
11189
11210
11255
11314
11344
11637
11753
11774
11842
11915
12207
12348
12385
12431
12539
12588
12731
12789
12824
13071
13103
13160
13189
13262
13302
13357
13378
13406
13443
13470
13496
13531
13587
13624
13662
13690
13721
13758
13781
13815
13838
13874
13913
13946
13969
14009
14030
14061
14116
14176
14227
14265
15039
15062
15123
15192
15223
15253
15275
16055
16099
16156
16226
16266
16300
16354
16452
16478
16536
16561
16591
16645
16668
16692
16725
16769
16794
16822
16869
16896
16918
16951
16980
17002
17024
17046
17070
17094
17116
17147
17171
17198
17221
17247
17273
17297
17327
17349
17370
17406
17429
17450
17478
17511
17542
17565
17605
17631
17652
17685
17718
17739
17776
17800
18021
18070
18147
18183
18277
18557
18581
18607
18948
19004
19043
19449
19492
19520
19620
19759
20157
20184
20240
20276
20375
20602
20624
20650
20671
20705
20742
20766
20789
20830
20860
20891
20915
20958
20983
21024
21174
21210
21231
21253
