# 364, 1c3f3617d416a8245823c8f40c6ea7b12331b0699148f16d1454df651b97ea54.SC2Replay
4087
4112
4136
4170
4206
4231
5043
5076
5298
5323
5345
5380
5401
5423
5444
5468
5505
5544
5570
5679
5701
5722
5755
5782
5805
5827
5850
5881
5903
5930
5952
5985
6048
6078
6136
6184
6216
6459
6485
6579
6600
6622
6651
6673
6695
6716
6739
6763
6810
6841
6872
6894
6922
6946
7011
7084
7113
7150
7217
7248
7377
7415
7454
7501
7524
7562
7612
7634
7659
7687
7737
7785
7831
7906
7959
7981
8002
8031
8052
8078
8101
8203
8245
8273
8307
8358
8730
8760
9810
9835
9864
10018
10065
10220
10247
10276
10329
10413
10464
10488
10541
10602
10624
10665
10694
10742
10773
10802
