# 195, 097964dd514fc22c9ad07930623d2f11f3f46bfd23402099bc16ccd7d3d5f73c.SC2Replay
2714
2741
2950
2972
2993
3022
3288
3328
3429
3453
3494
3527
5393
5443
5466
5488
5514
5542
5577
5612
5633
5655
5691
5712
5735
5759
5785
5820
5892
5931
5961
5997
6022
6048
6070
6110
6137
6158
6180
6216
6257
6296
6320
6354
6375
6405
6441
6480
6501
6526
6549
6578
6601
6630
6666
6696
6720
6751
6775
6796
6817
6844
6867
6892
6920
6949
6980
7004
7025
7049
7074
7185
7239
7485
7588
7713
7795
7927
8003
8123
8153
8178
8206
8228
8257
8317
8404
8432
8454
8477
8506
8529
8564
8590
8612
8829
8850
9077
9106
9669
9691
9730
10808
10843
10871
10893
10914
10938
10959
10980
11009
11393
11432
11453
11480
11509
11531
11605
11640
11731
11764
11787
11810
11832
