# 543, 10c47de2360b0de7f3175feca3edc6e96f3672921e8942f4509cd99d8fd1e4c7.SC2Replay
5567
6411
7381
7426
7453
7493
7612
7644
7666
7687
7710
9101
9125
9160
9183
9829
9850
9874
9967
9998
10025
10284
10494
10521
10550
10590
10616
10639
10677
10699
10727
10751
10784
10812
10851
10876
10905
10935
10974
11200
11226
11266
11295
11316
11348
11389
11411
11437
11461
11586
11607
11637
11663
11687
12238
12273
12336
12357
12384
12417
12623
12646
12681
12708
12742
13107
13134
13246
13267
13401
13424
13457
13478
13501
14052
14085
14167
14206
14421
14443
14749
14775
14821
14852
14875
14898
14919
14949
14971
14995
15022
15097
15122
15147
15168
15189
15211
15238
15263
15285
15306
15542
15740
15816
15843
16189
16219
16398
16436
16461
16484
16559
16585
16606
16644
16668
16691
16802
16836
16866
16888
16914
16940
16988
17115
17235
17407
17483
18191
18261
18323
18348
18385
18414
18435
18456
18477
18511
18625
18646
18675
18783
18834
18921
19049
19452
19484
19539
19577
19603
19636
19660
19682
19720
19756
19782
19846
19869
19891
19926
19952
19975
19997
20032
20087
20296
20333
20356
20378
20406
20433
20665
20688
20818
20846
20867
20942
21008
21194
21253
21289
21313
21335
21356
21385
21406
21427
21454
21481
21504
21526
21547
21569
21600
21621
21642
21669
21700
21726
21764
21787
21828
21860
21884
21907
21933
21961
21990
22021
22067
22123
22156
22286
22314
22340
22363
22386
22418
22441
22464
22485
22507
22966
23005
23028
23049
23072
23108
23141
23184
23221
23258
23284
23356
23383
23404
23449
23630
23952
24155
24177
24203
24465
24599
24688
24719
24789
24852
24994
25015
25037
25058
