# 452, 0368255bf003ac7cb07f98b9fbd63bc5035a017626f1444a24c3f1feecf00b3c.SC2Replay
5316
5339
5371
5397
5438
5459
5733
5768
5932
5956
6191
6224
6260
6288
6311
6335
6356
6391
6414
6438
6587
6617
6638
6670
6691
6715
6753
6793
6818
6839
6873
6906
6941
6966
7002
7109
7136
7177
7211
7234
7514
7551
7573
7594
7618
7644
7674
7710
7794
7873
7896
7923
7946
7984
8009
8037
8062
8100
8257
8349
8380
8402
8432
8454
8489
8546
8571
8609
8643
8667
8702
8733
8754
8783
8925
8950
9016
9043
9068
9164
9190
9213
9234
9284
9350
9371
9393
9424
9448
9475
9499
9540
9609
9652
9698
9804
9826
9853
9881
9915
9979
10024
10066
10110
10154
10189
10252
10324
10376
10402
10569
10590
10620
10660
10700
10745
11129
11154
11195
11236
11298
