# 809, 29613d947c458aad551eee1de88a337459eef2725b275861e0202ddec2a08da4.SC2Replay
6406
6433
6546
6593
6666
6694
6722
6749
6839
6861
7515
7550
7588
7637
7665
7701
8088
8136
8160
8238
8309
8334
8385
8417
8448
8528
8554
8578
8618
8653
8685
8718
8748
9137
9179
9225
9281
9311
9464
9527
9589
9616
9647
9690
9754
9818
9869
9909
10545
10590
10611
10710
10826
10853
10896
10947
11023
11116
11311
11334
11356
11423
11490
11531
11744
11914
11945
13111
13141
13193
13262
13288
13324
13449
13543
13573
13596
13619
13649
13827
13859
13900
13923
13959
13982
14004
14040
14065
14105
14164
14202
14332
14355
14376
14403
14424
14904
14931
14956
14994
15025
15059
15088
15121
15142
15167
15194
15215
15240
15261
15284
15307
15344
15369
15405
15427
15458
15479
15500
15542
15577
15643
15671
15698
15790
15823
15853
15874
15911
15946
15982
16020
16051
16087
16111
16137
16165
16237
16259
16321
16351
16378
16406
16445
16468
16526
16550
16577
16620
16642
16703
16736
16761
16783
16812
16835
16860
16893
16939
16960
16994
17039
17158
17198
17228
17261
17309
17338
17426
17460
17485
17530
17564
17631
17663
17702
17807
17851
