# 320, 0b7692f158819a9457f818b6f036c61364e9c338850704267a96293c172221ed.SC2Replay
3752
3792
3820
3843
4979
5000
5767
5791
5812
5833
6346
6567
6588
6620
7713
7737
7991
8015
8044
8265
8286
8307
8329
8350
8374
8396
8426
8452
9256
9288
9328
9350
9371
9412
9436
9460
9483
9504
9527
9560
9595
9623
9647
9668
9690
9711
9734
9906
9932
9955
9983
10007
10029
10153
10180
10205
10226
10327
10348
10519
10589
10614
10639
10662
10684
10709
10978
11000
11038
11169
11192
11214
11237
11278
11310
11334
11358
11383
11461
11482
11528
11549
11852
11875
11905
11949
11994
12016
12120
12156
12207
12235
12618
12650
12689
12724
12746
12783
12822
12852
12879
12901
12922
12947
13004
13027
13048
13078
13123
13159
13191
13213
13238
13269
13292
13314
13349
13388
13411
13446
13468
13502
13524
13545
13567
13593
13634
13674
13696
13727
13759
13783
13805
13826
13870
13909
13938
13965
13991
14016
14037
14070
14098
14123
14154
14179
14202
14223
14253
14280
14312
14353
14384
14415
14447
14468
14490
14517
14542
14684
14708
14806
14829
14896
14917
14990
15050
15155
15214
15256
15284
15333
15484
15507
15533
15719
15740
15773
15794
15815
15880
16044
16069
16096
16493
16526
16569
16590
16613
16750
16771
16793
16834
16863
16932
16957
16997
17397
17424
17454
17481
17502
17529
17555
17580
17621
17653
17695
