# 1564, 231535398422dd6ebf9a1fecd92e7c82aac90986252adec6a3b7449bf3a7a84d.SC2Replay
2177
2200
2236
2273
4011
4036
4063
4104
4127
4148
4169
4196
4219
4241
4264
4285
4307
4341
4488
4626
4647
4668
4691
4720
4747
4772
4795
4824
4862
4886
4908
4930
4955
4980
5007
5041
5075
5106
5186
5221
5276
5414
5481
5578
5702
5834
5921
5943
6055
6158
6209
6315
6358
6818
7240
7261
7299
7324
7345
7371
7395
8105
8240
8272
8304
8337
8364
8397
8418
8439
8468
8495
8518
8568
8589
8612
8639
8662
8694
8729
8751
8772
8800
8828
8865
8891
8915
8937
8961
8995
