# 1712, 27e1e7ed1e83f967b0ae680f3455d382718a41ea3cf611849d5a719d2e89ba5f.SC2Replay
3345
3398
3428
3449
3713
3749
3773
4188
4228
4255
4296
4317
4872
4929
4953
4978
4999
5569
5603
5624
5648
5670
5700
6008
6029
6068
6362
6399
6433
6468
6489
6520
6559
6586
6608
6633
6661
6686
6707
6734
6772
6801
6861
8897
8928
8955
10668
10724
10745
10814
10918
11006
11280
11377
11682
11711
11737
11845
11870
11911
11937
11958
11981
12004
12031
12066
12101
12140
12180
12201
12232
12262
12287
12325
13177
13198
13339
13372
13421
13452
13479
13512
13889
13913
14061
14156
14438
14475
14637
14662
14699
14766
14788
14809
14839
14866
14888
14941
15015
15058
15082
15109
15359
15589
15633
15760
15790
15816
15915
15948
15972
16012
16162
16183
16259
16393
16422
16458
16482
16527
16738
16922
16959
17082
17200
17247
17275
17300
17336
17362
17385
17460
17482
17523
17581
17608
17793
17826
17851
17995
18236
18321
18673
18711
18752
18773
18883
18909
18974
19020
19307
19332
19588
19672
19697
19852
19873
19928
20164
20191
20213
20396
20501
20586
21041
21082
21266
21290
21318
21344
21686
22879
22902
22930
22952
22981
23003
23062
23091
23133
23226
23386
24083
24106
24131
24157
24378
24417
24440
24475
24511
24538
24662
24688
24712
24750
25858
25882
25904
26159
26182
26687
26889
26917
26944
26965
27182
27210
27242
27268
27290
27648
27672
27708
27761
27791
27813
27839
27870
27899
27922
27945
27966
30211
30562
30584
30616
30655
30687
31204
31228
31299
31320
31347
31368
31389
31412
31435
31462
31497
31518
31600
31621
31649
31676
31698
31719
31751
31798
31819
31856
31889
31920
31944
31968
32004
32025
32046
32642
32751
32790
32811
32837
32862
32885
32907
32928
32952
32984
33021
33044
33065
33140
33163
33185
33206
33841
33865
33894
33928
33966
33988
34009
34038
34068
34095
34116
34138
34165
34193
34228
34267
34289
34320
34350
34375
34888
35167
35206
35235
35267
35307
35328
35476
35518
36106
36220
36254
36280
36304
36335
36382
36407
36506
36530
36558
36593
36844
36950
36972
37013
37035
37058
37096
37123
37146
37168
37195
37222
37259
37280
37317
37350
37389
37411
37434
37458
37480
37506
37530
37560
37662
37695
37719
37750
37772
37850
37888
37920
37943
37980
38011
38051
38081
38110
38132
38161
38188
38215
38246
38267
38300
38322
38344
38370
38495
38536
38559
38584
38755
38798
38836
38857
38878
38901
38942
38982
39009
39030
39051
39076
39100
39172
39294
39322
39343
39606
39637
39663
39685
39706
39727
39807
39925
39950
39985
40021
40062
40087
40119
40149
