# 1804, 1eedc8fc5520388a7e93343c4af16cdc0083494cbeb0c447616fa9f90ba779f5.SC2Replay
3506
3527
4827
4853
4874
4898
4923
4955
4994
5015
5036
5057
5078
5121
5155
5207
5228
5259
5286
5310
5357
5379
5401
5426
5466
5488
6117
6151
6172
6193
6214
6242
6263
6285
6636
6668
6920
6941
6962
6998
7023
7046
7069
7094
7122
7204
7280
7405
7457
7498
7524
7549
7630
7669
7690
7725
7759
7796
7817
7845
7876
7897
7918
7939
7980
8009
8033
8057
8196
8224
8251
8272
8293
8326
8347
8379
8515
8536
8562
8585
8612
8635
8664
8685
8706
8731
8770
8799
8833
8858
8879
8900
8922
8948
8969
8990
9025
9047
9072
9097
9120
9158
9196
9227
9265
9288
9710
10252
10779
10800
10861
11179
11232
11270
11296
11674
11712
