# 89, 0c0e3886ce1f6fadf50274ccb7e5538d26be5215fb98e201e8507c2af9a45ceb.SC2Replay
4584
4621
4770
4800
4823
4846
4869
4891
4919
4945
5051
5074
5103
5134
5164
5186
5212
5238
5261
5283
5307
5328
5354
5383
5416
5440
5478
5510
5533
5563
5584
5631
5819
5853
5879
5920
6125
6151
6199
6220
6245
6442
6469
6494
6547
6589
6611
6633
6655
6686
6707
6731
6758
6982
7315
7345
7380
7405
7428
7478
7511
7535
7557
7592
7621
7654
7680
7838
7866
7900
7921
7944
7976
8013
8039
8064
8085
8107
8136
8975
9017
9043
9084
9108
9384
9407
9430
9461
9482
9632
9658
9694
9718
9741
9762
9803
9832
9862
