# 755, 09830891fb21fc5c36d8667eb99a6ec77aaf3cb5ab0c2dcfd42c89624c6c7ac7.SC2Replay
8475
8504
8648
8683
8726
8750
8782
8826
8908
8944
8983
9009
9138
9163
9194
9239
9271
9302
9520
9545
9589
9636
9681
9720
9747
9769
9799
9837
9860
9899
9931
9961
9998
10051
10084
10105
10131
10167
10202
10366
10394
10429
10462
10508
10531
10558
10580
10606
10635
10673
10701
10735
10777
10799
10821
10844
10866
10908
10947
10975
11002
11024
11272
11319
11341
11362
11391
11412
11451
11475
11500
11523
11547
11570
11605
11638
11680
11724
11752
11807
11830
11894
11928
11955
11992
12019
12047
12072
12385
12422
12450
12474
12501
12548
12569
12596
12624
12673
12694
12718
12766
12792
12827
12955
12980
13016
13061
13082
13238
13284
13305
13326
13352
13403
13442
13469
13492
13517
13555
13586
13614
13671
13696
13726
13754
13775
13816
13852
13879
13900
13922
13944
13992
14035
14060
14083
14107
14128
14164
14188
14235
14275
15255
15290
15336
15370
15399
15435
15459
15485
15514
15540
15566
15590
15612
15636
15666
15707
15730
15777
