# 1369, 171a41fe62f6201bed0d8582516041e51a5683e480767090c6eed9b9275b3c53.SC2Replay
8100
8127
8165
8188
8211
8372
8406
8622
8645
8666
8688
8714
8754
9328
9351
9372
9396
9459
9494
9529
9561
9601
9659
9695
9726
9750
9775
9800
9833
9863
9894
9922
9956
9977
10003
10031
10067
10108
10129
10177
10210
10295
10321
10362
10480
10506
10590
10616
10657
10685
10711
10745
10781
10821
10859
10888
10935
10965
11012
11042
11066
11094
11118
11171
11215
11264
11290
11325
11351
11405
11443
11487
11534
11561
11606
11639
11663
11709
11731
11755
11776
11816
11842
11885
11911
11936
11965
12001
12030
12057
12118
12141
12188
12216
12242
12265
12299
12339
12381
12404
12456
12488
12521
12561
12587
12608
12643
12665
12713
12750
12789
12830
12874
12899
12931
12954
12977
13000
13060
13093
13123
13150
13171
13194
13236
13274
13295
13332
13363
13388
13434
13479
13502
13525
13560
13589
13617
13667
13709
13736
13769
13790
