# 1200, 1b4c0c4313850f082390e6507262ff16bfe4504eb812946570cec725755314b8.SC2Replay
6818
6840
6865
6909
6947
6989
7038
7062
7122
7197
7227
7253
7289
7326
7348
7684
7722
7781
7826
7848
7872
7927
8225
8255
8281
8523
8565
8607
8651
8711
8739
9077
9098
9123
9155
9184
9218
9250
9401
9482
9539
9562
9608
9641
9707
9748
9967
10005
10030
10071
10092
10132
10161
10189
10210
10236
10276
10297
10504
10534
10570
10706
10808
10881
10902
10925
11227
11280
11377
11407
11448
11648
11725
12077
12156
12195
12547
12568
12718
12743
12784
12815
12855
13290
13343
13371
13401
13426
13455
13481
13506
13543
13580
13607
13642
13663
13684
13718
13744
13781
13857
13897
14054
14093
14119
14143
14192
14228
14259
14288
14309
14335
14369
14396
15083
15112
15141
15166
15189
15229
15264
15294
15315
15344
15544
15567
15623
15655
15686
15708
15729
15750
15772
15798
15839
15876
15900
15927
16130
16184
16205
16226
16253
16282
16308
16331
16353
16377
16411
16434
16465
16498
16536
16559
16580
16605
16636
16660
16685
16720
16746
16767
16797
16822
16856
16877
16912
16945
16981
17010
17043
17069
17091
17246
17287
17327
17352
17375
17493
17518
17545
17813
