# 966, 1525c4b2e4ff28a762e421c33b9b2f4f9f4804589320fe66d9005827f8a88513.SC2Replay
6232
6255
6278
6310
6337
6362
6383
6404
6429
6453
6492
6517
6538
6563
6584
8273
8297
8334
8356
8387
8428
8460
8483
8527
8554
8576
8619
8645
8678
8700
8780
8803
8953
9194
9321
9372
9938
9969
10028
10061
10150
10304
10333
10371
10414
10455
10537
10684
10761
10784
10805
10839
10876
10903
10924
10955
11058
11083
11106
11133
11167
11189
11210
11234
11260
11308
11329
11367
11443
11475
11515
11584
11623
11666
11690
11739
11825
11877
11930
11964
11985
12039
12269
12426
12472
12536
12557
12589
12981
13015
13054
13109
13198
13244
13268
13299
13600
13702
13752
13777
13834
13864
13887
13975
14212
14248
14280
14303
14341
14363
14387
14409
14439
14465
14501
14525
14546
14652
15037
15106
15131
15159
15189
15214
15239
15262
15300
15327
15353
15381
15403
15424
15448
15473
15500
15526
15563
15589
15613
15646
15668
15698
15724
15749
15777
15809
15840
15872
15904
15926
15947
15972
16001
16035
16063
16092
16113
16135
16174
16213
16240
16269
16294
