# 1061, 0cdd0a0e9d62520366a2b3fd231b862c7644aeb9f40933dad1f1e87b332ee8ba.SC2Replay
4514
4622
4660
4723
4790
4952
5027
5061
5216
5283
5343
5418
5543
5655
5685
5734
5802
5837
5902
5950
5993
6030
6068
6101
6170
6208
6304
6451
6537
6622
6653
6733
6793
6829
6852
6968
7042
7139
7186
7305
7357
7388
7419
7483
7687
7751
7800
7864
7904
7975
8031
8090
8161
8204
8402
8471
8499
8557
8608
8693
8784
8824
8852
8932
9006
9118
9159
9245
9302
9386
9431
9480
9507
9578
9608
9714
9794
9830
9860
9928
9968
10114
10145
10174
10225
10250
10776
10800
10842
10923
10957
10978
11004
11075
11106
11156
11572
11635
11680
11787
11869
11942
11981
12012
12108
12129
12156
12213
12261
12301
12362
12399
12438
12474
12511
12636
12669
12703
12787
12904
12969
13112
13151
13205
13232
13285
13334
13362
13411
13456
13793
13841
13936
13992
14029
14226
14274
14366
14398
14505
14583
14636
14685
14732
14764
14819
14869
14914
14957
14982
15022
15066
15156
15181
15234
15332
15378
15722
15847
15868
15919
16004
16052
16079
16122
16171
16217
16364
16399
16503
16531
16581
16738
16759
16783
16810
16881
16945
16971
17001
17052
17077
17501
17545
17601
18066
18105
18143
18186
18328
18485
18546
18593
18652
18697
18779
18800
18881
19082
19109
19172
19551
19717
20048
20197
20222
20243
20286
20379
20429
20455
20738
20814
20865
20926
20980
21041
21329
21434
21685
22214
22235
22329
22362
22394
22460
22831
22854
22904
22929
22972
23024
23074
23096
23220
23258
23314
23650
23845
23992
24095
24178
24219
24290
24331
24690
24756
24833
24858
24880
24910
24948
