# 105, 0625ad91c8b0f5a38314d1afce6f7a7e1b2a830ca075b22d7e56957860905900.SC2Replay
5504
7047
7074
7097
8724
8818
10558
11790
11926
12032
12072
12094
12115
12151
12447
12562
12798
13011
13123
13164
13228
13254
13616
13643
13780
13818
13843
13874
13896
13924
13953
13984
14005
14029
14051
14102
14129
14168
14200
14233
14269
14292
14313
14340
14613
14650
14671
14701
14734
14910
15051
15306
15748
15774
15795
15817
15841
15867
15890
15925
15948
15970
15991
16013
16073
16103
16275
16304
16328
16358
16573
16597
16622
17061
17082
17118
17144
17165
17188
17215
17249
17542
17609
18073
18094
18413
18533
18555
18585
18607
18630
18652
18677
19154
19183
19207
19231
19272
21262
21285
21318
21339
21393
21434
21473
21507
21726
21755
22489
22510
22539
22570
22787
22816
22841
22874
22895
22935
22970
23138
23162
23184
23241
23272
23299
23391
23418
23449
23470
23498
23519
23540
23563
23596
23625
23655
23680
23712
23738
23762
23786
23818
23844
23868
23900
23922
23944
23973
24005
24043
24080
24110
24303
24339
24950
24986
25007
25028
25053
25086
25107
25129
25165
25205
25226
25248
25298
25349
25371
25407
25428
25455
25479
25505
25534
25564
25598
25621
25660
25685
25721
25742
25778
25799
25820
25843
25881
25907
25937
25963
25996
26034
26059
26099
26127
26148
26189
26294
26319
27251
27283
27305
27326
27347
27369
27408
27435
27466
27488
27529
27552
27573
27595
27620
27647
27672
27706
27744
27774
27804
27836
27870
27899
27924
27950
28025
28048
28070
28093
28117
28142
28167
28201
28223
28263
28286
28314
28335
28357
28387
28414
28791
28828
28851
28878
28903
28943
28965
28986
29011
29448
29471
29494
29523
29554
29579
29617
29657
29682
29705
29741
29762
29783
29804
29825
29847
29886
29910
30409
30431
30462
30485
30507
30653
30688
30710
30759
30901
30929
30962
30991
31026
31051
31073
31094
31124
31151
31172
31196
31218
31405
31426
31448
31475
31497
31521
31546
31568
31592
31632
31670
31699
31724
31746
31770
31793
31819
31973
31994
32033
32130
32154
32186
32209
32234
32381
32410
32441
32479
32500
32521
32558
32583
32614
32642
32678
32701
