# 1822, 25860ebe160868654efee71004f6b2ae9c6307ff38a1853f19a4ee8449c47d4a.SC2Replay
4273
5023
5045
5230
5254
5736
5773
5805
5826
5849
5873
5894
5926
5953
6004
6044
6065
6103
6124
6179
6210
6374
6544
6571
6598
7653
7683
7947
7970
8004
8028
8055
8080
8101
8124
8155
8179
8202
8238
8268
8296
8317
8346
8381
8411
8436
8468
8498
8528
8552
8724
8762
8787
8825
8855
8879
8915
8950
8989
9094
9293
9767
9788
10121
10145
10166
10385
10415
10448
10479
10508
10530
10571
10601
10635
10659
10696
10730
10758
10781
10837
10895
11054
11098
11128
11157
11182
11210
11231
11253
11275
11297
11319
11340
11361
11402
11426
11448
11484
11519
11540
11565
11592
11630
11670
11694
11718
11755
11781
11864
11891
11928
11952
11987
12087
12115
12141
12168
12197
12222
12246
12427
12452
12595
12633
12678
12707
12791
12848
12881
13004
13032
13072
13098
13241
13271
13308
