# 788, 205b7b8f52cd4f7a6a13236d417d22ac2cdca71dc5f36c9790a9b9fe0fdcfafb.SC2Replay
4540
4578
4606
4819
4989
5022
5047
5070
5094
5127
5167
5195
5225
5252
5280
5320
5361
5385
5411
5438
5465
5505
5538
5578
5620
5644
5736
5781
5820
5843
5875
5923
5966
6044
6107
6152
6369
6402
6444
6465
6491
6523
6544
6565
6619
6643
6664
6689
6725
6748
6806
6838
7013
7034
7063
7093
7116
7137
7158
7182
7215
7305
7335
7369
7395
7416
7458
7659
7690
7715
7740
7862
7888
7909
7945
7995
8034
8063
8099
8123
8144
8172
8353
8381
8422
8458
8489
8513
8548
8575
8598
8656
8679
8700
8721
8760
8790
9059
9080
9106
9211
9289
9311
9333
9362
9393
9418
9444
9628
