# 1280, 0ce67fd73c9114e37f4b9b865c5bab6c016204ce745916edfb9eee601f0b7701.SC2Replay
5519
5540
5614
5641
5668
6314
6336
6370
6396
6419
6443
6481
6507
6534
6563
9428
9453
9486
9509
9550
9576
9616
9638
9676
9705
9740
9772
9797
9831
9855
9879
9916
9956
9985
10010
10046
10074
10149
10173
10202
10225
10254
10290
10312
10333
10369
10390
10420
10460
10497
10520
10547
11375
11402
11481
11503
11532
11567
11588
11610
11632
11660
11682
11715
11738
11760
11787
11809
11840
11861
11886
11915
11938
11962
11990
12019
12049
12079
12116
12140
12172
12208
12242
12272
12298
12328
12388
12409
12446
12470
12491
12522
12544
12565
12594
12635
12664
12685
12706
12727
12760
12781
12806
12847
12869
13062
13099
13123
13150
13208
13229
13513
13552
13583
13610
13642
13670
13710
13743
13767
13797
13819
13853
13886
13912
13938
13960
13982
14003
14024
14056
14077
15736
16047
16073
16120
16286
16316
16340
16373
16396
16419
16455
16483
16516
16539
16683
16830
16872
16911
16947
16975
16996
17025
17060
17085
17107
17128
17155
17178
17200
17237
17477
17500
17537
17572
17604
17628
17654
17690
17724
17748
17770
17814
17841
17891
17930
17953
17974
18011
