# 308, 198d86827bf131fb0d24b2185af0a405cd33205146f495244831d8e27b470f18.SC2Replay
4435
4698
5426
5477
6679
8545
9029
10090
10118
10336
10363
10398
15467
15494
16566
16593
16616
16643
16680
16702
16737
16763
16791
16816
16846
16884
16909
16943
16969
16990
17011
17037
17078
17106
17137
17158
17184
17208
17242
17269
17299
17322
17347
17388
17417
17446
17477
17512
17539
17928
17965
17999
18036
18059
18094
18122
18143
18164
18186
18465
18493
18527
18549
18590
18647
18670
18691
18715
18737
18797
18818
18901
18933
19015
19040
19071
19095
19172
19196
19217
19239
19387
19409
19434
19472
19493
19563
19586
19622
19648
19674
19710
19739
19764
19786
19814
19836
19859
19881
19920
19947
19974
19995
20017
20159
20195
20218
20291
20325
20354
20375
20399
20426
20449
20471
20495
20520
20551
20580
20601
20622
20652
20688
20711
20735
20760
20782
20816
20894
20929
20952
20977
21010
21045
21067
21097
21118
21221
21250
21278
21304
21444
21465
21490
21659
21685
21719
21745
21775
21834
21864
21887
21916
21941
21972
22001
22022
22049
22077
22109
22131
22154
22176
22215
22252
22292
22319
22341
22362
22401
22428
22451
22490
22514
22539
22560
22581
22603
22625
22650
22679
22710
22742
22779
22802
22823
22863
22891
22913
22939
23015
23080
23313
23337
23360
23675
23696
23719
23759
23788
23817
23851
23876
23913
23934
23958
23979
24008
24031
24052
24076
24102
24138
24164
24194
24232
24255
24276
24300
24321
24359
24527
24550
24572
24633
24654
24678
24988
25011
25034
25055
26099
26127
26151
26187
26213
26240
26263
26289
26316
26343
26365
26388
26416
26628
26668
26696
26717
26738
26779
26818
26844
27192
27227
27251
27273
27295
27317
27437
27462
28351
28388
28416
28438
28471
28494
28536
28558
28586
28613
28643
28676
28709
28732
28753
28794
28982
29003
29026
29121
29149
29174
29195
30752
31188
31221
31243
31341
31365
31635
31670
31704
31742
31774
31795
31816
31851
31873
31909
31944
31969
32066
32090
32119
32140
32165
32193
32227
32267
32294
32345
32369
32404
32434
32455
32479
32502
32537
32562
32584
32605
32637
32667
32702
33349
33803
33895
33924
33955
33993
34026
34054
34087
34108
34148
34177
34199
34221
34246
34281
34311
34333
34357
