# 277, 00e32977939843463265df4886560d487229bec7a362e80f316379fd9c8480cd.SC2Replay
5282
5780
5817
5853
5906
8529
8565
8591
8613
8635
8662
8688
8728
8749
8771
8794
8830
11231
11252
11292
11516
11540
11564
11590
11631
11652
11673
11701
12141
12163
12202
12224
12258
12279
12300
12321
12423
12504
12526
12549
12699
12722
12744
12766
12788
12811
12839
13387
13410
13446
13470
13508
13530
13552
13575
13599
13708
13741
13840
14060
14293
14464
14486
14507
14535
14556
14577
14606
14631
14652
14718
14739
14796
14822
14844
14865
15104
15132
15221
15245
15300
15337
15495
15688
15718
15757
15917
16012
16065
16094
16127
16191
16289
16330
16362
16590
16626
16699
16792
16815
16836
16924
16947
16980
17002
17031
17052
17074
17120
17153
17178
17206
17386
17410
17493
17515
17543
17603
17641
17675
17714
17747
17779
17820
17843
17884
17913
17937
17975
17997
18030
18067
18093
18121
18163
18294
18370
18438
18756
18827
18883
18921
18942
19066
19097
19130
19164
19190
19220
19241
19270
19292
19315
19338
19367
19390
19411
19434
19455
19486
19510
19534
19573
19611
19767
19794
19815
19836
19889
19932
19965
20010
20042
20065
20105
20149
20181
20205
20246
20280
20342
20394
20421
20443
20546
20581
20610
20655
20683
20710
20736
20757
20781
20883
20914
21098
21157
21199
21233
21264
21330
21362
21386
21413
21438
21475
21528
21583
21656
21766
21826
21850
21873
21900
21926
22009
22035
22096
22148
22179
22202
22237
22267
22300
22629
22679
