# 1032, 27aae1a536115b0917ec74c9b5c330278f82d00b728d3dfce368b2c3611b8884.SC2Replay
155
340
369
434
503
647
678
1115
1171
1477
2198
2236
2456
2727
2827
2908
3010
3074
3299
3361
3395
3434
3575
3959
4084
4235
4291
4413
4447
4722
4819
5123
5401
5584
6000
6266
6332
6582
6665
6927
7014
7161
7442
7981
9229
9252
9291
9315
9337
9358
9379
9406
9435
9461
9494
9517
9548
9843
9975
10108
10304
10329
10365
10390
10421
10451
10475
10500
10539
10567
10588
10610
10647
10668
10691
10712
10747
10769
10801
10831
10866
10906
10938
10961
10998
11029
11059
11084
11112
11136
11177
11211
11239
11261
11301
11340
11363
11384
11422
11447
11480
11516
11542
11564
11586
11627
11648
11682
11703
11732
11760
11782
11812
11834
11857
11881
11907
11928
11955
