# 1058, 2818567e585d90e737a303e651d47e83391210c198758894bace4107808d8aa0.SC2Replay
5478
5499
5571
5597
5620
6300
6321
6344
6366
6488
6527
6557
6796
6916
6940
8632
9322
9381
9413
9467
9490
9513
10117
10138
10198
10877
10988
11013
11047
11116
11146
11170
11197
11321
11756
11953
11983
12005
12127
12148
12173
12386
12407
12435
12474
12497
12523
12549
12571
12608
12629
12650
12683
12712
12746
13212
13233
13268
13304
13338
13363
13400
13424
13445
13469
13494
13523
13545
13575
13624
13650
13679
13875
13898
13919
13940
13967
13994
14070
14208
14587
14611
14632
14663
14702
14739
14776
14923
14945
14966
14995
15069
15090
15111
15233
15260
15290
15368
15397
15431
15509
15542
15565
15587
15623
15644
15667
15696
15718
15740
15773
15796
15831
15866
15890
15914
15935
15959
15981
16048
16069
16091
16112
16136
16161
17005
17026
17048
17073
17099
17125
17761
17787
18151
18179
18388
18417
18527
18560
18581
18615
18636
18657
18678
18705
18733
18767
18789
18812
18834
18855
19020
19042
19063
19099
19126
19149
19172
19206
19237
19267
19290
19321
19346
19371
19411
19434
19456
19478
19500
19539
19579
19601
19624
19645
19667
19696
19723
19764
19794
19817
19842
21215
21236
21353
21393
21419
21449
21473
21506
22451
22480
22502
22538
22572
22595
22616
22637
22677
22701
22727
22750
22783
22816
22838
22874
22897
23553
23593
24754
24778
24813
24844
24876
24914
24936
24968
25005
25031
25070
25091
25128
25152
25173
25205
25231
25670
25711
25734
25770
25791
25820
25843
25880
26191
26228
26297
26331
26372
26415
26462
26483
26716
26740
26763
26799
26824
26845
26899
26920
26987
27014
27044
27069
27213
27236
27288
27318
27339
27365
27387
27425
27465
27490
27511
27536
27568
27590
27616
27654
27676
27698
27731
27754
27844
27867
27898
28035
28059
28080
28113
