# 974, 1edb44139c9dfbba0f9ba7bdab00facd15f077d886e9f1d17448f74e1a864b9f.SC2Replay
4073
5878
6148
6307
6547
6579
6600
6633
6654
6847
6872
6954
6977
7001
7025
7050
7083
7121
7146
7167
7339
7398
7430
7460
7481
7516
7546
7572
7594
7619
7657
7678
7699
7720
7749
7931
7952
7973
8013
8039
8076
8110
8140
8163
8198
8226
8258
8283
8304
8335
8357
8381
8410
8442
8472
8523
8547
8585
8622
8650
8679
8709
8735
8768
8796
8819
8849
8876
8913
8936
8961
8997
9023
9058
9091
9112
9144
9183
9209
9230
9254
9279
9306
9335
9369
9396
9430
9471
9496
9518
9552
9574
9608
9634
9656
9677
9795
9816
