# 945, 1efaeb8ee54654f937e932ce104b0a6bb99454f6c0733e143a46a89b5c99e141.SC2Replay
4178
4199
4365
4389
4419
7792
8454
8475
8695
8716
8748
8771
8794
8826
8861
8882
8907
8936
9380
9403
9424
9451
9474
9632
9721
9742
10040
10135
11563
11593
11614
11767
11911
12141
12373
12879
12900
12963
12984
13005
13031
13055
13122
13146
13167
13193
13215
13255
13342
13365
13444
13604
13645
13672
13695
13744
13767
13811
13865
13895
13919
13956
14010
14043
14092
14124
14157
14184
14255
14277
14305
14343
14376
14405
14437
14460
14496
14517
14840
14910
14933
15004
15110
15134
15167
15233
15255
15302
15340
15364
15386
15413
15442
15468
15501
15555
15577
15730
15766
15802
15833
15857
15881
15929
15961
16057
16082
16106
16131
16159
16218
16295
16358
16383
16425
16450
16472
16495
16527
16553
16581
16605
16644
16698
16724
16762
16783
16807
16849
16883
16906
16938
16962
16984
17019
17054
17093
17120
17141
17169
17210
17255
17278
17312
17353
17389
17512
17546
17592
17615
17639
17660
17699
17723
17747
17771
17797
17822
17848
17875
17910
17938
17968
17989
18013
18034
18073
18109
18130
18239
18260
18281
18313
18334
18365
18387
18414
18444
18466
18497
18518
18539
18561
18610
18646
18675
18696
