# 1143, 07a0f3aef7976cd4e96377e086a559db583fa62826200d9021cf7cb4d9a3da9a.SC2Replay
4635
4656
4768
4816
4847
4874
4896
5417
5446
6414
6474
7097
7119
7149
7170
7685
7773
8231
8306
9228
9251
9447
9468
10081
10105
10139
10160
10181
10217
10695
10826
10847
10869
10895
10922
10945
10976
11006
11029
11065
11087
11109
11472
11694
11724
11751
11773
11795
11825
11848
11882
11903
12449
12474
12496
12526
12555
12647
12672
12696
12722
12754
12776
12804
13077
13117
13156
13177
13201
13228
13250
13290
13311
13333
13657
13736
13773
13797
13828
13859
13881
13922
13943
13966
13997
14022
14045
14076
14101
14123
14148
14187
14214
14237
14268
14305
14336
14359
14395
14417
14440
14472
14493
14905
14932
14966
14987
15027
15777
15805
15836
15862
16119
16160
16367
16391
16492
17205
17231
17258
17289
17653
17678
17708
17736
17761
17795
17816
17840
17864
17891
17918
17940
17965
17992
18013
18038
18084
18121
18162
18201
18233
18264
18285
18307
18336
18362
18391
18421
18449
18476
18499
18520
18543
18568
18592
18614
18641
18663
18685
18717
18753
18775
18801
18824
18884
18917
19124
19193
19215
19253
19292
19314
19336
19358
19381
19403
19436
19462
19487
19584
19608
21295
21316
21344
21372
21400
21423
22308
22331
22487
23174
23202
23233
23266
23731
23768
23791
23853
23874
24066
24088
24124
24150
24188
24209
24243
24268
24296
24336
24400
24424
24745
24774
24795
24816
24857
25621
25644
25669
25697
25724
25745
25766
25882
25906
26050
26073
26097
26133
26156
26192
26213
26235
26256
26284
26311
26803
26831
26852
26875
26901
26954
26975
27001
27458
27479
27517
27732
27761
27794
27881
27914
28097
28136
28173
28204
28233
28262
28304
28345
28366
28533
28586
28624
28646
28773
28803
28840
28878
28909
28935
28957
29004
29155
29190
29220
29249
29277
29311
29335
29356
29377
29402
29425
29455
29489
29520
29554
29578
29609
29647
29674
29695
29719
29760
29839
29946
30020
30183
30219
30242
30263
30300
30325
30357
30384
30477
30575
30609
30630
30777
30810
30833
30854
30875
30897
30938
30979
31004
31029
31059
31081
31208
31231
31263
31658
31681
31709
31735
31758
31781
31804
32704
32735
32774
