# 541, 087cd3dc8406795fc1292bb636bf43fda3b406cfa8bc99af48027b24442d0578.SC2Replay
2922
2953
2976
2999
3022
3045
3072
3506
3550
3607
3631
3668
3698
3771
3799
3834
4407
4439
4461
4483
4518
4552
4592
4613
4664
4789
4834
4888
4920
5131
5337
5369
5411
5526
5905
6041
6064
6129
6155
6193
6224
6245
6290
6320
6366
6401
6439
6624
7021
7065
7108
7133
7763
7804
7878
7921
7968
8017
8468
8507
8577
9961
9986
10046
10086
10165
10187
10236
10659
10698
10726
11169
11279
11304
11343
11371
11394
11415
11437
11459
11486
11510
11544
11580
11615
12134
12167
12193
12268
12293
12332
12419
12513
12638
12659
12691
12844
13049
13070
13104
13179
13236
13793
13815
13845
13876
13969
13991
14024
14045
14427
14511
14552
14651
14675
14710
14745
14769
14791
14813
14845
14881
14902
14929
15060
15131
15160
15201
15234
15255
15285
15317
15349
15370
15391
15418
15440
15472
15498
15523
15549
15575
15599
15623
15647
15673
15698
15722
15743
15775
15797
15838
15868
15987
16042
16092
16127
16161
16184
16205
16244
16273
16297
16577
16603
16630
16728
16774
16829
17654
17719
17745
17980
18014
18048
18159
18186
18216
18244
18269
18440
18464
18485
18506
18539
18600
