# 1643, 27b6cf865ce06a9ab0eda425ee32f84c4adb542ae411a9340d89b7889d3ee735.SC2Replay
4060
4082
4103
4128
4150
4180
4201
4310
4333
4365
4387
4411
4444
4473
4501
4527
4802
4838
4872
4893
4915
5073
5111
5490
5511
5539
5561
5612
5635
5664
5693
5792
5819
5846
5879
5905
5942
5963
6113
6135
6177
6199
6221
6261
6581
6617
7007
7044
7314
7532
7566
7754
7788
7809
7830
7855
8077
8115
8439
8465
8491
8514
8540
8570
9109
9242
9269
9319
9341
10014
10035
10056
10096
10125
10146
10185
10218
10248
10271
10985
11135
11168
11212
11241
11274
11299
11325
11358
11400
11423
11448
11479
11515
11552
11576
11623
11644
11695
11727
11751
11785
11822
11847
11869
11893
11929
12119
12207
12324
12382
12469
12506
12527
12548
12569
12600
12622
12648
12674
12741
12769
12805
12885
12910
12971
13013
13068
13090
13117
13232
13261
13286
13309
13424
13706
13832
13948
14071
14099
14120
14145
14544
14620
14641
14665
14688
14799
14834
14860
14908
15156
15220
15261
15410
15550
15600
15621
15645
15674
15749
15798
15966
16006
16183
16206
16242
16272
16297
16323
16346
16375
16397
16419
16450
16471
16495
16516
16538
16572
16598
16619
16640
16670
16708
16738
16761
16793
16827
