# 1203, 1d88fb0c7645c94ee7b77c906bc5b318fb3d2c633dc4fe62f302d6aaefe49fc9.SC2Replay
3712
3733
3776
3805
3827
3867
5877
5912
5950
5980
6006
6027
6048
6069
6099
6126
6149
6183
6273
6295
6480
6511
6550
6591
6786
6810
6844
6866
6892
6915
6944
6965
6989
7014
7036
7060
7082
7110
7145
7172
7195
7225
7257
7284
7361
7400
7421
7454
7480
7511
7540
7561
7591
7632
7758
7785
7820
7855
7882
7920
7948
7971
7993
8019
8626
8649
8670
8708
8729
8756
8781
8835
8856
8879
8916
8946
8985
9019
9041
9063
9085
9110
9149
9179
9216
9247
9288
9316
9338
9364
9405
9487
9508
9549
9629
9653
9677
9702
9752
9786
9808
10049
10341
10757
10778
10818
10900
10921
11021
11280
11311
11470
11616
11760
11787
11818
11941
12611
12867
13017
13222
13289
13442
13771
13874
14100
14195
14303
14326
14356
14391
14430
14451
14540
14562
14598
14630
14658
14685
14972
14993
15023
15052
15083
15107
15135
15159
15197
15304
15414
15730
15883
15904
15934
16388
16618
16859
16886
16916
16940
16962
16986
17008
17455
17584
17614
17877
18152
18540
18858
19170
19191
19214
19240
19266
19303
19341
19365
19483
19763
19948
20243
20566
20588
20624
20761
20877
20918
20942
20965
21004
21093
21204
21254
21394
21809
21836
21858
21912
22107
22139
22175
22197
22218
22276
22395
22425
22459
22484
22515
22537
22558
22592
22627
22652
22681
22707
22731
22752
22777
22802
22839
22879
22902
22924
22950
22981
23002
23026
23052
23073
