# 102, 25e155e1a8b7cb54026452dee2d6e7d62faa41fa81390b8b8cc713b2de4d056e.SC2Replay
6826
6847
6868
6889
6912
6938
6961
7341
7621
7649
7670
7701
7727
7748
7977
8148
8178
8201
8234
8263
8292
8315
8350
8373
8398
8419
8440
8468
8502
8532
8565
8588
8627
8653
8686
8709
8730
8776
8801
8824
8974
8995
9433
9460
9485
9514
9962
10008
10033
10099
10123
10204
10257
10282
10611
10651
10831
10863
10884
10953
10979
11005
11040
11062
11097
11118
11216
11237
11259
11297
11337
11367
11389
11416
11455
11476
11501
11537
11821
11860
11890
11912
11945
11966
11995
12160
12196
12233
12266
12287
12310
12366
12401
12435
12510
12559
12591
12624
12647
12736
12941
13005
13047
13081
13110
13135
13161
13186
13209
13522
13554
13586
13623
13668
13699
13757
13801
14087
14128
14170
14233
14257
14280
14350
14376
14741
14763
14794
14844
14877
14900
15031
15065
15088
15117
15181
15212
15283
15305
15331
15353
15549
15571
15641
15668
15726
15762
15784
15815
15854
15875
15919
15952
15999
16023
16044
16077
16121
16154
16258
16300
16348
16373
16415
16440
16627
16858
16895
16951
17032
17153
17209
