# 1013, 056653991b81be65721233d4a97da16f04180abff58c6e14d1b595e6627c02a4.SC2Replay
4779
4802
4828
4869
5907
5932
5963
5990
6087
6134
6183
6219
6265
6313
6866
6926
6957
7051
7134
7181
7321
7363
7402
7454
7538
7584
7607
7674
7740
7782
7843
7917
7961
7982
8061
8085
8108
8170
8205
8268
8302
8323
8387
8544
8572
8602
8625
8649
8687
8753
8779
8819
8847
8890
8916
8973
9005
9037
9175
9227
9267
9309
9337
9375
9407
9441
9473
9527
9805
9848
9880
9923
9948
9973
9998
10031
10073
10102
10149
10788
10840
10863
10899
10936
10957
10981
11005
11027
11049
11121
11142
11164
11205
11233
11259
11288
11879
11905
11949
11974
11996
12040
12061
12100
12124
12167
12203
12258
12295
12359
12496
12517
12587
12799
12880
12903
12926
12952
12979
13033
13083
13128
13161
13185
13239
13414
13442
13510
13556
13597
13635
13666
13691
13725
13779
13856
13891
13930
13967
14015
14043
14072
14100
14158
14207
14495
14554
14589
14631
14672
14725
14784
14809
14857
14884
14993
15107
15161
15190
15222
15243
15271
15319
15367
15390
15421
