# 865, 17f664f3f78d88862034334ecc3d2ea21eff3344ef294fadc4913fbe763e918c.SC2Replay
4313
4339
4428
4947
5752
5833
5868
5968
6069
6091
6115
6136
6180
6203
6267
6289
6322
6490
6513
6543
6574
6595
6783
6811
6840
6875
6900
6940
6964
6987
7028
7049
7071
7110
7146
7172
7193
7232
7255
7434
7473
7759
7780
7802
7941
7964
7985
8006
8383
8404
8425
8454
9585
9606
9632
9663
9862
9886
9927
9955
9980
10008
10032
10587
10865
11640
11661
11682
11706
11962
11993
12016
12055
12083
12119
12142
12172
12204
12233
12272
12300
12321
12353
12381
12414
12439
12462
12483
12506
12801
13105
13127
13165
13189
13702
13725
14768
14807
14831
14861
14919
14965
15005
15234
15261
15288
15310
15337
15377
15407
15438
15459
15480
15501
15524
15556
15578
15613
15648
15980
16024
16060
16102
16219
16253
16275
16299
16327
16350
16371
16397
16433
16465
16490
16515
16541
16567
16590
16631
16654
16679
16716
16749
16772
16796
16820
16847
16873
16904
16931
16952
16975
16996
17018
17043
17066
17087
17119
17151
17195
17637
17666
17687
17709
17731
17945
17968
18009
18034
18076
18107
18133
18489
18512
18547
18582
18727
18863
18892
18926
18962
18984
19476
19500
19540
19574
19597
19630
19711
19738
19775
19796
19820
19843
19872
19896
19924
19962
19988
20012
