# 41, 207d77815327fb0e643e61fb25af2106a7a30b3d5e24b2c891447a7c7583c9e7.SC2Replay
2903
2939
2975
3002
3037
3261
3286
3307
3331
3355
3381
3419
3443
3687
3715
3764
3790
3832
3891
3915
3938
3972
4033
4054
4210
4238
4260
4283
4311
4335
4359
4399
4420
4445
4470
4491
4567
4590
4616
4651
4688
4710
4735
4768
4789
4858
4883
4905
4999
5029
5058
5079
5291
5321
5353
5441
5561
5584
5614
5636
5677
5730
5770
5799
5835
5872
5896
5927
5957
5984
6017
6045
6079
6105
6130
6790
6814
6838
6860
7316
7355
7393
7420
7441
7463
7488
7512
7533
7554
7700
7735
8007
8028
8064
8088
8112
8134
8162
8183
8204
8226
8646
8681
8712
8733
8761
8794
8817
8841
8888
8910
8960
9229
9252
9273
9627
9658
9701
10272
11185
11214
11237
12642
12668
12690
12716
12739
12768
12796
12818
