# 1691, 253ba3e408182cbb8d158264b92942a91eb32d2dc9d99787bb588a2571272ece.SC2Replay
4185
4220
4241
4281
4362
4389
4417
9162
9185
9215
9257
9278
9302
11022
11051
11073
11097
11119
11231
11252
11273
11305
11330
11353
11526
11640
12850
13018
13043
13291
13339
13393
13429
13454
13495
13527
13573
13751
13773
14232
14273
14315
14347
14379
14522
14569
14602
14709
14938
14968
15007
15039
15060
15081
15105
15126
15150
15181
15204
15269
15292
15314
15339
15472
15500
15553
15574
15596
15635
15802
15823
15845
15879
15905
15980
16020
16334
16367
16564
16589
16725
16765
16792
16820
16896
16932
16957
16993
17017
17053
17081
17107
17138
17162
17183
17204
17225
17252
17277
17300
17330
17362
17386
17409
17439
17471
17503
17527
17556
17586
17611
17638
17679
17716
17741
17777
17801
17831
17866
17893
17914
17939
18008
18033
18061
18089
18128
18169
18191
18226
18247
18269
18305
18328
18349
18371
18407
18428
18451
18491
18524
18565
18592
18613
18636
18659
18690
18722
18753
18789
18812
18879
18913
18934
18956
18985
19021
19051
19079
19104
19131
19160
19186
19219
19250
19277
19315
19336
19364
19392
19415
19441
19463
19484
19523
19610
19637
19664
19690
19711
19734
19756
19791
19812
19853
19876
19915
19943
19965
19991
20013
20036
20057
20079
20118
20143
20171
20384
20405
20431
20453
20476
20497
20518
20559
