# 1449, 12a1b08df8a3d8942d1335bd95635064e157ec1a7e0e30bcc49862bbdba3af46.SC2Replay
5448
5469
5581
5604
5626
5665
5709
5737
5759
5780
5812
5838
5864
5886
5911
5932
5962
6290
6315
6339
6366
6398
6429
6601
6630
6657
6685
6707
6729
6757
6796
6833
6951
7000
7036
7065
7087
7116
7147
7176
7203
7224
7255
7277
7307
7332
7354
7377
7400
7423
7458
7494
7528
7566
7594
7628
7649
7683
7705
7727
7751
7773
7794
7828
7854
7876
7909
7939
7960
7985
8012
8035
8077
8098
8127
8166
8203
8227
8266
8305
8331
8361
8402
8426
8455
8479
8503
8528
8556
8647
8714
8763
8798
8942
8963
8986
9007
9046
9068
9099
9136
9173
9201
10127
10167
10336
10360
10397
10461
10482
10509
10543
10575
10604
10827
10851
10884
10917
10958
10987
11019
11516
11537
12162
12193
12216
12239
12264
12289
12317
12350
12371
12401
