# 341, 27ae75436caa3779668fa6a85217cf047e7729d16113a13e6d4affb961e081bd.SC2Replay
4081
4102
4129
4163
4184
4216
4248
4279
4330
4407
4431
4457
4516
4558
4636
4694
4715
4740
4765
4809
4892
5101
5128
5152
5195
5230
5254
5277
5321
5350
5398
5419
5449
5478
5540
5571
5607
5641
5666
5694
5715
5755
5801
5830
5859
5890
5939
6000
6186
6211
6265
6289
6314
6336
6393
6424
6446
6492
6523
6547
6569
6593
6634
6684
6706
6732
6762
6803
6843
6866
6893
6919
6961
6995
7029
7052
7087
7150
7174
7195
7221
7372
7422
7464
7498
7522
7744
7767
7815
7836
7895
7922
7965
8003
8051
8102
