# 8, 273a0d71125fd648d1ef6b6ab9c0b1662a66483aad9800b52d061686b070886c.SC2Replay
1639
2170
2285
2306
2342
2369
3018
3042
3440
3704
4077
4227
4311
4661
4710
4755
4806
4832
4856
4887
4921
4985
5035
5072
5099
5126
5462
5501
5587
5630
5660
5701
5734
5781
5838
5872
5895
5949
5988
6341
6527
6558
6691
6887
6973
6998
7060
7090
7200
7252
7289
7347
7399
7431
7653
7695
7717
7778
7810
7843
7956
8042
8096
8153
8196
8256
8338
8364
8453
8564
8711
8807
9185
9209
9253
9296
9400
9506
9527
9559
9697
9779
9880
9931
9995
10050
10110
10174
10224
10272
10342
10373
10409
10570
10811
10863
10908
10967
11042
11188
11265
11354
11409
11510
11552
11750
11874
11935
11974
12004
12035
12098
12142
12197
12324
12368
12409
12477
12517
12554
12594
12643
12678
12704
12726
12770
12805
12844
