# 339, 1e42faf76deb9a7975b4dd7d04d4955dc4b69f6b28b11ffd7900ca843c3756aa.SC2Replay
4456
4477
5208
5329
5582
5607
7784
7811
7837
7881
7902
7925
7946
7977
8009
8042
8079
8103
8124
8161
8425
8446
8467
8489
8525
8550
8586
8611
8634
8675
8703
8728
8761
8785
8809
8832
8853
8884
8924
8947
8975
8996
9021
9048
9072
9100
9128
9149
9189
9220
9480
9517
9540
9568
9605
9755
9781
9806
9833
9854
9889
9912
9933
10261
10292
10320
10343
10368
10391
10412
10433
10455
10477
10508
10532
10560
10588
10615
10637
10662
10683
10705
10727
11010
11040
11063
11085
11106
11134
11162
11197
11225
11246
11277
11298
11338
11360
11522
11563
11589
11611
11648
11678
11706
11732
11800
11833
11870
11899
11934
11973
12106
12143
12164
12188
12965
12986
13015
13043
13068
13089
13111
13146
13168
13189
13227
13249
13270
13301
13329
13364
13401
13712
13733
13754
13780
13801
13835
14042
14089
14131
14157
14179
14221
14253
14286
14307
14446
14504
14551
14582
14613
14644
14689
14717
15118
15439
15589
15611
15663
15690
15742
15772
16006
16032
16094
16128
16162
16200
16277
16305
16329
16351
16390
16451
16473
16501
16525
16573
16595
16628
16961
16984
17009
17049
17076
17099
17190
17220
17246
17268
17361
17385
17406
17460
17483
17512
17570
17615
17905
17983
18011
18053
18083
18129
18162
18183
18211
18244
18268
18304
18331
18369
18404
18439
18468
18802
18825
