# 708, 1b017b048faa6daf1f0d807274527995e40eb2fb040f2f75c3249976a6631264.SC2Replay
10599
10749
10778
10799
11764
11785
11808
12046
12085
12112
12133
12156
12331
12576
12602
12633
12659
12693
12721
12750
12781
12802
12826
12858
12894
12920
12941
13050
13071
13102
13124
13352
13378
13409
13436
13459
13543
13565
13586
14853
14875
14899
14934
14956
14980
15013
15036
15060
15095
15123
15157
15181
15202
15224
15245
15269
15292
15326
20420
20453
20888
20911
20935
22367
22405
22433
22465
22492
22525
22546
22567
22628
22658
22680
23023
23047
23097
23121
23151
23189
23223
23262
23288
23315
23338
23363
23389
23411
23435
23456
23497
23553
23576
23597
23618
23644
23674
23698
23722
23749
23782
23823
24046
24084
24121
24162
24185
24216
24253
24276
24308
24336
24357
24379
24401
24502
24531
24557
24598
24630
24652
24690
24718
24741
24780
24803
24928
24949
24975
25003
25033
25057
25082
25110
25139
25160
25541
25568
25604
25804
25825
25881
25910
25941
25965
26000
26023
26050
26071
26094
26120
26142
26169
26194
26215
26248
26287
26310
26339
26362
26391
26425
26721
26746
26770
26804
26828
26855
26876
27250
27271
27294
27316
27399
27424
27453
27482
27504
27536
27558
27598
27623
27651
27676
27699
27722
27760
27796
27830
27868
27898
27935
27964
28290
28311
28497
28535
28560
28583
28830
28870
28891
28913
28934
29038
29059
29088
29112
29134
29162
29195
29225
29259
29285
29306
29327
29352
29392
29429
29453
29485
29517
29542
29571
29593
29614
29635
29674
29699
29728
29752
29790
29819
29846
29875
29900
29929
29954
29990
30016
30038
30072
30093
30116
30152
30239
30260
30422
30449
30755
30781
30807
30831
30860
30899
30937
30959
30997
31021
31043
31070
31101
31139
31171
31196
31228
31249
31286
31311
31336
31359
31501
31525
31547
31576
31632
31673
31697
31719
31749
31777
31818
31841
31879
31902
31936
31979
32011
32039
32064
32102
32131
32153
32174
32195
32226
32265
32291
32318
32348
32375
32399
32429
32468
32498
32524
32562
32595
32622
32644
32682
32706
32732
32756
32788
32813
32837
32859
32884
32911
32938
33030
33054
33105
33626
33648
33673
33705
33730
33751
33774
33796
33887
33910
33942
33970
34032
34063
34117
34155
34199
34221
