# 77, 1e07ae077f45f1713d46522e89687bcce168fa0b5a0b4dc02b25992501782d70.SC2Replay
3688
4155
4693
5148
5275
5425
5471
5509
5589
5610
5647
5669
6227
6468
6492
6712
6745
6772
6793
6816
6852
6919
6953
6979
7072
7099
7220
7246
7270
7320
7341
7594
7619
7645
7674
7699
7725
7746
7782
7805
7831
7852
7887
7921
8433
8473
8504
8533
8572
8595
8620
8652
8693
8719
8744
8868
8894
8925
8954
9249
9280
9310
9331
9356
9391
9412
9438
10445
10466
10492
10515
10536
10564
10602
10639
11029
11053
11086
11108
11129
11169
11267
11308
11728
11753
11783
11815
11843
11871
11897
11920
11948
11976
12000
12033
12088
12123
12149
12174
12195
12231
12271
12293
12424
12451
12475
12505
12545
12574
12604
12626
12650
12692
12721
12831
13186
13447
13480
13504
13552
13586
13612
13682
13747
13778
13802
13840
13937
13979
14003
14036
14057
14458
14483
14536
14650
14682
14904
14953
14975
15020
15058
15085
15115
15289
15394
15420
15450
15722
15786
15815
16056
16079
16117
16171
16201
16228
16256
16282
16307
16335
16358
16379
