# 213, 0c010c6aa30f1a47cd2782014f7257dc69d5c96a6a2522a5969aa1093579b259.SC2Replay
3140
3196
3262
3284
3640
3681
3718
3774
3901
3976
4179
4216
4308
4331
4507
4528
4609
4691
4920
4950
5218
5601
5669
5853
5893
6149
6294
6331
6362
6398
6425
6458
6493
6520
6558
6582
6612
6637
6662
6698
6720
6741
6778
6806
6879
7186
7216
7244
7285
7325
7355
7376
7417
7452
7480
7505
7541
7580
7616
7674
7695
7716
7756
7782
7812
7842
8955
8985
9006
9033
9698
9720
9741
9960
9986
10014
10044
11368
11390
11411
11449
11474
11499
11524
11549
11584
11621
11659
11698
11733
11764
11802
11832
11855
11876
11913
11936
11957
11982
12010
12081
12106
12129
12151
12181
12204
12235
12268
12306
12339
12360
12381
12408
13045
13066
13088
13114
13171
13192
13233
13265
14901
14926
14953
14984
15006
15028
15058
15083
15110
15132
15156
15221
15259
15296
15331
15368
15409
15447
15470
15497
15520
15545
15569
15598
15622
15653
15678
15718
15742
15764
15797
15831
15852
15873
15908
15949
15980
16008
16031
16054
