# 470, 045ee00243106d903a1e37c84afd49fec20a78a87c33f691f2fb64e73dc8c716.SC2Replay
3452
3474
3520
3546
3568
3591
3612
3634
3658
4071
4558
4591
4613
4998
5035
5144
5820
5847
5870
5903
5944
8574
8798
8926
9260
9848
9869
9898
9973
10067
10090
10122
10146
10168
10207
10231
10256
10278
10300
10409
10442
10640
10721
10742
10763
10790
10822
10844
10867
10891
10916
10937
11104
11187
11426
11482
11743
11831
11892
11913
11941
11969
12022
12075
12193
12214
12240
12263
12288
12320
12344
12385
12426
12463
12489
12514
12541
12622
12649
12672
12696
12719
12757
12798
12826
12848
12869
12892
12916
12938
12975
13016
13041
13065
13086
13119
13159
13190
13224
13259
13281
13304
13325
13355
13384
13414
13460
13493
13517
13539
13565
13601
13622
13645
13666
13691
13717
13746
13772
13813
13842
13872
13896
13920
13943
13970
14166
14189
14212
14268
14293
14314
14343
14367
14408
14440
14480
14506
14554
14582
14608
14630
14665
14694
14729
14752
14930
14962
14992
15014
15038
