# 241, 1e06be593b76bc451d8ff67f20f244093b519c090d88a917cf7ea0d419cb1dd3.SC2Replay
2848
2880
2905
3380
3404
6355
6394
6416
6440
6620
7440
7550
7605
7627
7649
7677
7703
7785
7811
7843
7867
7888
7915
8005
8038
8089
8142
8184
8216
8427
8460
8487
8525
8615
8637
8666
8727
8760
8798
8855
8884
8911
8943
8966
9028
9049
9113
9141
9271
9313
9346
9526
9585
9612
9693
9722
9748
9807
9876
9897
9947
9988
10009
10036
10062
10134
10172
10211
10261
10361
10389
10412
10497
10614
10665
10707
10751
10797
10861
10975
11021
11104
11141
11171
11357
11386
11441
11491
11520
11551
11572
11601
11625
11656
11677
11698
11721
11744
11765
12165
12250
12279
12311
12501
12532
12589
12629
12653
12887
12909
12932
14182
14203
14226
14313
14337
14364
14389
14455
14477
14504
14526
14548
14654
14679
14703
14729
14750
14771
14792
14813
14836
14857
14878
14899
14933
14957
14980
15007
15031
15052
15074
15101
15126
15149
15181
15209
15239
15261
15293
15325
15349
15383
15424
