# 1462, 19a6a1eeb509321bc72303bb052800c5d145325f61f56c851e13972ae556be42.SC2Replay
3619
3640
5229
6274
6465
6518
7349
7373
7396
7706
7740
8117
8191
8977
8999
9027
9049
9082
9107
9144
9169
9191
9215
9240
9783
9805
9829
9851
9881
9906
9931
9965
9995
10016
10051
10078
10110
10141
10173
10203
10234
10259
10640
10693
10723
10744
10847
10876
10901
10929
10955
10990
11012
11035
11161
11219
11296
11329
11828
11852
12129
12151
12174
12201
12228
12254
12275
12296
12320
12342
12379
12400
12430
12519
12547
12571
12643
12669
12690
12713
12739
12763
12793
12824
12849
12878
12899
12926
12957
12979
13002
13035
13059
13080
13150
13179
13202
13223
13880
13918
13953
13977
14002
14024
14060
14090
14113
14136
14314
14352
14502
14531
14563
14590
14612
14635
14667
14692
14715
14744
14775
14801
14831
15782
15825
15851
15883
15908
15944
15968
15993
16024
16724
16747
16777
16807
16830
17023
17048
17071
17092
18824
18848
19168
19196
19218
19256
19284
19305
19335
19629
19656
19693
19724
19777
19799
19823
19857
19882
19904
19934
19971
20003
20025
20063
20096
20126
20156
20189
20211
20235
20306
20327
20348
20374
20538
20563
20602
20632
20672
20704
20735
21002
21026
21108
21129
21155
21176
21434
21471
21503
21537
21562
21583
21615
21653
21959
21981
22046
22099
22140
22171
22195
22216
22257
22278
22303
22333
22362
22386
22407
22444
22469
22738
22763
22784
22813
22847
22874
23051
23073
23094
23115
23138
23161
23184
23206
23424
23539
23568
23601
23626
23657
23685
23715
23740
23765
23788
23810
23842
23864
23886
23908
23933
25113
25135
25176
25202
25231
25257
25278
25304
25325
25346
25367
25390
25411
25441
25464
25490
25512
25537
25558
25699
25738
