# 1078, 1a1a8aa8d66e789204a80364b0a440baa5daa10b1b5b49f9271436ea4ef923bc.SC2Replay
3543
3566
4006
4028
4052
4127
4153
4181
4241
4315
4341
4429
4450
4476
4550
4627
4649
4675
4708
4738
4759
5314
5354
5378
5400
5678
5700
5721
5860
6191
6294
6453
6474
6502
6528
6556
6586
6646
6667
6688
6847
6896
6921
6954
6990
7014
7044
7174
7204
7225
7271
7300
7323
7344
7629
7668
7698
7719
7753
7794
7846
7868
7917
7960
7981
8088
8114
8141
8224
8246
8280
8301
8770
9247
9298
9319
9342
9395
10972
11164
11491
11537
11678
11701
11728
11769
11798
11842
11863
11892
11932
11953
11976
12595
12618
12641
12666
12688
12710
12870
12918
12955
13196
13249
13365
13414
13447
13476
13502
13551
13573
13613
13644
13665
13705
13743
13773
13794
13827
13866
13898
13924
13957
13987
14018
14048
14082
14103
14124
14145
14172
14209
14244
14397
14436
14811
14836
14858
14881
14904
15315
15339
15424
15448
15487
15714
15737
15759
15781
15805
15841
15862
16060
16084
16111
16139
16161
16182
16221
16253
17892
18276
18297
18327
18354
18375
18403
18566
18592
19733
19759
19798
19834
19857
19883
19906
19930
19969
19993
20015
20041
20063
20085
20122
20153
20184
20229
21239
21263
21296
21926
21960
21982
22019
22359
22626
22648
22688
22712
22733
22778
23051
23074
23461
23484
23516
23829
24263
24285
24326
24347
24370
24482
24504
24529
24557
24667
24693
24714
24736
25223
25246
25301
25324
25347
25382
25460
25499
25521
25553
25588
25615
25644
25681
25707
25728
25753
25774
25797
25830
25851
25873
25896
25923
25949
25986
26014
26046
26076
26117
26153
26175
26208
26229
26250
26273
26302
26323
26346
26371
26392
26414
26443
26464
