# 156, 06024fbfd0a89568424c105f864ad857b9152bbcb447c04abca1c5ebc367af4a.SC2Replay
4514
4538
5862
6011
6050
6075
6121
6146
6735
6790
6817
7054
7075
7115
7136
7171
7264
7567
7606
7635
8175
8204
8398
8423
8445
8466
8514
8536
8566
8589
8626
8660
8681
8715
8746
8772
8797
8836
8871
8897
8932
8955
8981
9004
9028
9061
9086
9109
9170
9221
9247
9281
9304
9325
9348
9497
9522
9550
9577
9889
9917
9949
9971
9994
10022
10045
10180
10357
10378
10400
10604
10628
10649
10764
10794
10977
11057
11081
11151
11179
11218
11345
11463
11564
11590
11615
11636
11790
11814
11840
11863
11892
11928
11960
12070
12179
12267
12296
12442
12583
12608
12636
12872
12981
13005
13033
13083
13106
13148
13179
13268
13291
13324
13347
13381
13410
13431
13465
13486
13507
13530
13566
13601
13635
13671
13698
13721
13751
13790
13818
13867
13890
13915
13956
13977
14001
14023
14047
14079
14102
14136
14157
