# 61, 290e3d32eba52294e45cd12d17b5e5f258abedcc3ec11e59a5bd04db4d891de1.SC2Replay
2975
2998
3265
4131
4156
4184
4387
4411
4435
4467
4492
4515
4538
4579
4600
4622
4644
4765
5698
5806
5924
5951
5978
6003
6035
6056
6089
6222
6311
6332
6368
6540
6579
6629
6678
6767
6824
6874
6910
6947
7006
7028
7347
7623
7685
7796
7820
7842
7865
7901
7925
7951
7975
8007
8029
8059
8091
8116
8156
8178
8227
8251
8281
8461
8517
8548
8579
8604
8649
8689
8717
8744
8914
8936
8960
8995
9033
9060
9082
9108
9134
9174
9203
9225
9254
9289
9316
9346
9376
9400
9422
9443
9465
9487
9515
