# 1381, 1bb71e005ff3113b99d77c9543d7dce97a7759dbf1bd1c55622b16773a2f3e52.SC2Replay
8636
8849
8874
8905
8934
8955
9390
9416
9438
9464
9490
9527
9561
10322
10390
10749
10770
10792
10827
10851
10876
10897
10918
10945
10967
10990
11023
11057
11080
11101
11125
11149
11174
11195
11734
12190
12219
12257
12298
12320
12347
12369
12400
12421
12454
12483
13179
13227
13324
13604
13631
13669
13691
13718
13742
13768
13791
13814
13839
13864
13895
13950
14081
14102
14162
14187
14210
14339
14598
14790
14850
15374
15520
16072
16114
17282
17495
17519
17561
17587
17608
17707
17732
17799
17824
17850
17871
17893
17917
17945
18405
19027
19060
19087
19108
19210
19231
19263
19322
19345
19373
19664
20107
20756
21178
21212
21245
21283
21304
21326
21352
21378
21400
21423
21460
21481
21502
21534
21555
21577
21617
21647
21682
21714
21736
21769
21797
21827
21852
21884
21910
21943
21974
22007
22085
22115
22155
22192
22218
22241
22262
22289
22316
22344
22366
22393
22440
22465
22491
22515
22538
22598
22622
22650
22671
22695
22718
22741
22777
22807
22834
22859
22889
22927
22954
22975
23002
23030
23069
23102
23125
23150
23177
23204
23226
23257
23284
23307
23343
23373
23400
23423
23458
23479
23510
23537
23566
23596
23618
23647
23679
23702
23727
23766
23790
23812
23844
23869
23896
23923
23963
23984
24005
24035
24064
24089
24195
24220
24256
24290
24322
24359
24390
24425
24454
24475
24515
24546
24579
24617
24646
24670
24699
24731
24767
24806
24827
24849
24884
24925
24960
24981
25005
25032
25064
25093
25115
25137
25161
25191
25226
25250
25272
25299
25327
25358
25379
25401
25433
25455
25484
25505
25526
25552
25583
