# 639, 28aab2e13406bdfbf1240f3ea7b0b761c29200ac7904e77e6869d62f3edbb161.SC2Replay
2975
3007
3032
3070
3096
3123
3145
3168
3485
3516
3542
3802
3837
3872
3896
3931
3956
3990
4015
4042
4069
4094
4127
4162
4185
4210
4232
4253
4280
4314
4346
4367
4388
4409
4998
5022
5045
5066
6143
6178
6355
6377
6413
6448
6469
6490
6512
6534
6556
6588
6629
6650
6673
6696
7788
7825
7849
7878
7910
7936
7974
7995
8017
8042
8082
8104
8127
8204
8225
8248
8285
8312
8353
8384
8405
10493
10534
10625
10647
10669
10690
10711
10751
11446
11475
11515
11536
11562
11598
11619
11644
11671
11701
11744
11767
11880
11910
11941
11966
11989
12011
12043
12075
12098
12124
12147
12170
12204
12225
12248
12272
12298
12324
12360
12383
12408
12443
12470
12491
12512
12538
12565
12587
12619
12657
12685
12714
12748
12779
12814
12837
14976
15247
15270
15293
15443
15535
15571
15604
15627
15650
15677
15698
15719
15743
15782
15809
15836
15860
15893
15922
15945
15966
16003
16039
16073
16094
16119
16140
16167
16190
16214
16240
16262
16284
16374
16479
17025
17051
17080
17106
17139
17176
17326
