# 1645, 192db6c0fbe84c0959bc3fd93044f1d451a5dce3605542f7b37ceb136b8695e5.SC2Replay
5279
5311
5362
5453
5522
5567
5617
5695
5882
5911
6006
6100
6147
6170
6251
6345
6481
6544
6597
6705
7192
7214
7254
7298
7338
7359
7382
7403
7425
7447
7478
7510
7536
7558
7599
7674
7710
7766
7787
7827
7864
7885
7925
7990
8099
8128
8170
8310
8403
8519
8593
8646
8672
8723
8747
9132
9155
9257
9282
9438
9459
9491
9514
9540
9564
9585
9621
9662
9684
9705
9740
9765
9786
9809
9879
9915
9958
9980
10012
10037
10075
10198
10238
10270
10293
10315
10347
10381
10422
10510
10531
10556
10588
10610
10634
10668
10694
10735
10761
10787
10815
10836
10860
10887
10922
10953
10982
11021
11048
11081
11102
11126
11155
11185
11208
11243
11275
11395
11423
11571
11681
11988
12013
12163
12317
12351
12373
12395
12429
12463
12500
12670
12788
13131
13172
13245
13266
13549
13860
14282
14424
14620
14679
14704
14796
15075
15157
15218
15257
15281
15372
15658
15695
15720
15784
15870
15908
15943
15977
16498
16611
16637
17097
17669
17717
17989
18178
18723
19035
19067
19150
19193
19347
19368
19393
19419
19459
19695
19717
19770
19857
19879
20316
20341
20411
20541
20604
20640
20661
20682
20703
20728
20749
20783
20819
21055
21079
21106
21127
21149
21172
21204
21225
21248
21269
21306
21382
21419
21468
21764
21969
22069
22147
22192
22303
22330
22355
22383
22516
22538
22561
22959
22988
23022
23062
23090
23283
23521
23543
23567
23589
23614
23654
23901
23934
23956
24229
24278
24306
24341
24363
24403
24433
24457
24610
24643
24674
24874
25180
25218
25241
25268
25472
25796
25820
25850
25883
26049
26075
26293
26314
26336
26360
26407
26595
26904
26935
26956
26978
27004
27036
27705
27732
27758
27789
27817
28027
28066
28180
28202
28229
28251
28278
28302
28326
28362
28390
28416
28438
28461
28484
28513
28540
28563
28585
28606
28628
28653
28737
28758
28853
28883
28904
28927
28966
28992
29013
29035
29065
29087
29184
29251
29274
29317
29347
29371
29412
29441
29464
29485
29529
29555
29586
29929
29957
30174
30489
30516
30538
30569
30609
30630
30665
30686
30707
30789
30816
30838
30862
32565
32593
32622
32654
34201
34243
34265
34308
34397
34426
34475
34498
34554
34945
34986
35022
35048
35069
35095
35129
35153
35186
36425
36454
36475
36501
36523
36549
36590
37303
37328
37369
37390
37415
37450
37472
37493
