# 514, 050788f45e9cc80ab60b85211e0a4b3b79666c704b7a1207bb256a532a7577e2.SC2Replay
5110
5150
5181
5216
5240
5268
5316
5337
5414
5528
5592
5624
5688
5720
5747
5814
5894
5937
5971
6037
6103
6125
6153
6240
6338
6378
6457
6491
6524
6545
6659
6698
6734
6766
6808
6830
6920
7045
7069
7116
7144
7177
7262
7345
7632
7671
7693
7728
7753
7800
7831
7896
7935
7959
7981
8121
8212
8245
8307
8339
8525
8561
8583
8611
8637
8658
8679
8719
8746
8770
8800
8828
8849
8870
8958
8986
9012
9041
9065
9099
9187
9235
9468
9490
9527
9552
9580
9612
9639
9677
9730
9751
9778
9800
9823
9864
9922
9984
10096
10129
10171
10220
10244
