# 580, 02e77fdfe5a09599b214f3174bfb616152d5214bd4bc8e40b98af2c5dfbc62af.SC2Replay
3304
3325
3482
3826
3847
4506
4528
4549
4571
7479
7512
7534
7557
7581
7602
7654
7683
7709
7732
7755
7776
7808
7847
8051
8137
8161
8192
8216
8243
8270
8292
8316
8342
8368
8392
8666
8693
8733
8760
9318
9623
9644
9713
9753
9801
10008
10042
10065
10136
10160
10196
10227
10254
10281
10307
10382
10447
10472
10657
10680
10701
10732
10756
10781
10813
10834
10867
10895
10916
10949
10987
11012
11033
11054
11087
11118
11396
11509
11531
11557
11580
11603
11631
11661
11696
11724
11750
11782
11818
11842
11879
11906
12134
12174
12209
12630
12655
12947
13631
13657
13682
13867
13888
14897
14938
14960
14982
15638
15666
15692
15722
15755
15811
15872
15893
15923
15944
15965
15988
16011
16044
16065
16090
16183
16210
16251
16305
16388
16429
16450
16479
16505
16544
16583
16605
16626
16655
16694
16729
16755
16783
16807
16828
16853
16875
16897
16920
16946
16967
16988
17010
17055
17093
17120
17141
17170
17191
17212
17233
17269
17295
17322
17350
17371
17393
17425
17465
17499
17535
17558
17579
17604
17627
17663
18982
19004
19040
19069
19091
19113
19137
19159
19273
19298
19321
19344
19369
21413
21444
21467
21495
21521
21543
21568
21591
21619
21642
21664
21685
21706
21747
21781
21804
22528
22595
22620
22650
22671
22701
22722
22749
22771
22805
22833
22858
22891
22915
22939
22964
22985
23006
23027
23059
23090
23115
23153
23187
23212
23236
23260
23287
23323
23346
23385
