# 402, 27b517347026b6c22f1cf55d666db3da8d4330f00ecad0440099d87682f1151e.SC2Replay
4293
4317
4340
4367
4393
4896
4926
4954
4983
5004
5040
5062
5089
5530
5551
5573
5596
5626
5659
5685
5706
5728
6606
6633
6661
6684
6709
6750
6785
7186
7213
7241
7264
7292
7320
7636
7665
7688
7712
7736
7761
7789
7810
7831
7854
7877
7899
7938
7960
7982
8006
8029
8053
8090
8115
8150
8181
8204
8226
8262
8353
8454
8504
8536
8559
8580
8617
8655
8695
8720
8742
8768
8807
8847
8878
8941
8963
9000
9029
9052
9092
9114
9137
9162
9193
9214
9249
9279
9312
9344
9365
9397
9419
9440
9472
9504
9716
