# 48, 1a1311aa3678ec5c83fee2b0eab76f2ecee2b5f8048b21eea1bfd8c9aff37898.SC2Replay
769
1024
1421
1447
1665
1762
2421
2748
3396
3424
3464
3550
3632
3689
3911
3945
4020
4042
4077
4351
4720
4748
4999
5165
5337
5385
5417
5455
5492
5527
5571
5619
5818
5952
6241
6929
7119
7180
7227
7296
7556
7648
7771
7803
7830
8188
8371
8434
8492
8513
8535
8577
8601
8914
9073
9265
9321
9427
9711
9837
9902
9923
10000
10023
10119
10161
10243
10457
10716
10867
10908
10941
10976
11020
11086
11145
11177
11209
11244
11302
11331
11374
11403
11462
11508
11539
11568
11727
11959
12100
12259
12281
12310
12568
12622
12678
12806
13112
13154
13225
13330
13385
13424
13670
13735
13816
13854
13998
14161
14198
14584
14631
14888
14937
15209
15280
15321
15545
15609
15799
15894
15988
16020
16125
16166
16231
16397
16689
16793
16829
16861
16909
17025
17151
17175
17241
17363
17450
17512
17614
17667
17730
17794
17818
17867
17987
18019
18043
18066
18089
18110
18131
18176
18266
18310
18447
18469
18505
18551
18595
18629
18726
18786
18833
18861
18924
18985
19041
19072
19113
19212
19245
19275
19322
19409
19486
19512
19534
19580
19606
19661
19741
19763
19791
19823
19882
19926
19986
20231
20282
20308
20330
20375
20445
20471
20518
20548
20667
20826
20849
20916
20942
20987
21032
21056
21132
21228
21312
21406
21433
21512
21548
21665
21763
21795
22081
22228
22393
22519
22691
22769
22892
23027
23080
23117
23166
23191
23654
23764
24081
24124
24169
24195
24228
24275
24304
24355
24398
24446
24521
24635
24755
24997
25101
25142
25164
25191
25231
25252
25273
25297
25327
25363
