# 326, 126ee7f0a5183d6b0333f35db442ad693cfc8f80da202d80ab45dbe24660c49d.SC2Replay
3714
4012
4036
4075
4166
4203
4235
4284
4392
4420
4465
4524
4556
4577
4600
4651
4692
4725
4760
4786
4908
4929
4951
4973
4997
5022
5044
5069
5090
5113
5142
5163
5194
5229
5263
5291
5316
5346
5483
5505
5534
5574
5596
5617
5650
5689
5726
5766
5788
5852
5892
6038
6283
6413
6436
6648
6692
7028
7060
7087
7123
7469
7793
7987
8013
8038
8073
8095
8136
8161
8229
8258
8285
8310
8331
8353
8385
8417
8444
8465
8490
8517
8552
8582
8603
8628
8685
8710
8912
8972
9140
9359
9391
9416
9439
9485
