# 438, 07d352585a6bc8a9ebbfbd8b4299ca7627b93b09fcd7aba8a59f31c396bcfb0f.SC2Replay
5519
5540
5567
5608
5631
5672
5706
5728
5759
5785
5810
5831
5872
5894
5915
6421
7085
7941
7964
7998
8026
8054
8075
9173
9199
9227
9302
9324
9347
9370
9402
9425
9448
9471
9494
9532
9638
9679
9712
9743
9764
9788
9809
9832
9856
9882
9903
9929
9954
9987
10735
10820
10841
10868
10889
10912
10993
11018
11045
11067
11105
11126
11148
11490
11519
11541
11577
11617
11641
11664
12053
12082
12103
12124
12145
12171
12195
12262
12287
12308
12340
12373
12396
12420
12456
12489
12525
12550
12664
12686
12717
12738
12774
12808
12842
12868
12891
12915
12955
12987
13011
13035
13062
13090
13128
13166
13195
13218
13251
13290
13328
13369
13393
13420
13451
13477
13501
13535
13561
13583
13607
13630
13651
13674
13696
13727
13750
13779
13802
13825
13855
13876
13897
13929
13952
13981
14015
14041
14062
14095
