# 1355, 1e91ee3fbddd692d5b772f6ffd2b5ad47f22df5c7fd4fbffb31b7498e1295f23.SC2Replay
3790
3825
3862
3892
4274
4309
4330
4845
4869
4893
4925
4947
4968
5289
5313
5336
5367
5390
5412
5436
5458
5482
5855
5884
5908
5929
5957
5983
6019
6048
6082
6104
6138
6331
6370
6401
6422
6444
6478
6499
6520
6542
6565
6586
6607
6628
6667
6700
6764
6794
6820
6841
6866
6900
6921
6942
6973
7001
7022
7057
7078
7104
7141
7164
7188
7212
7239
7266
7299
10809
10830
11868
11909
12011
12252
12277
12306
12335
12380
12401
12430
12453
12485
12579
13168
13198
13219
13240
13262
13284
13305
13328
13352
13381
15021
15062
15088
15266
15288
15313
15376
15522
15581
15611
15682
15728
15754
15778
15865
15926
15954
16036
16059
16082
16168
16215
16248
16274
16297
16318
16340
16602
17404
17433
17459
17588
17619
17645
17740
17766
17794
17819
17842
17868
17893
17918
17945
17967
18000
18021
18042
18068
18089
18129
18157
18220
18243
18279
18306
18359
18383
18407
18428
18451
18491
18522
18545
18567
18622
18648
18670
18748
18771
18826
19098
19132
19154
19214
19282
19304
19341
19365
19405
19441
19462
19488
19511
19539
19577
19601
19631
19654
19694
19796
19817
19840
19869
19904
19926
19950
19989
20030
20070
20101
20122
20146
20184
20333
20366
20422
20466
20527
20561
20594
20629
20655
20694
20722
20746
20776
20802
20830
20854
21242
21263
21287
21311
21361
