# 1077, 0bed2ad82a025b82afb5f7e33e2c11e7f9df9d98458647bce1c50660180bf1d2.SC2Replay
3471
3528
3549
3575
3956
3988
4027
4063
5413
5452
5484
5510
5532
5583
5696
5719
5743
5764
5865
6027
6089
6185
6214
6275
6338
6622
6653
6681
6717
6872
6989
7065
7527
7829
7862
8320
8720
8751
8791
8882
9044
9617
9667
9807
9972
9995
10030
10055
10076
10097
10386
10534
10558
10583
10605
10802
10951
10976
11004
11044
11066
11098
11138
11178
11211
11237
11263
11380
11401
11439
11460
11482
11515
11657
11681
11712
11733
11754
11775
11798
11828
11854
11877
11917
11948
11970
12050
12080
12109
12148
12169
12268
12306
12330
12351
12382
12409
12447
12476
12651
12676
12708
12729
12770
12807
12828
12859
12897
12919
12941
12963
12989
13014
13035
13063
13084
13113
13143
13174
13196
13219
13242
13282
13304
13432
13466
13505
13527
13555
13583
13618
13642
13678
13706
13730
13767
13804
13835
