# 279, 2a4fcd6b212fbdec4619b6a060baea577a9d150658ed690223332bf17302f2e0.SC2Replay
2800
2923
3170
3254
3277
3309
3347
3387
3415
3467
3501
3546
3573
3648
3672
3760
3834
3855
3883
4006
4146
4238
4284
4328
4359
4392
4429
4453
4485
4512
4535
4609
4656
4677
4721
4751
4799
4846
4881
4930
4962
5002
5118
5157
5182
5212
5243
5315
5336
5367
5388
5413
5435
5468
5492
5519
5545
5579
5607
5647
5686
5708
5747
5769
5801
5827
5849
5876
6039
6066
6098
6131
6158
6179
6206
6228
6249
6276
6304
6328
6350
6391
6416
6439
6461
6482
6554
6578
6599
6621
6645
6667
6695
6721
6755
6795
6828
6849
6988
7018
7126
7153
7181
7204
7228
7256
7285
7352
7376
7402
7434
7462
10244
10265
10290
10317
10357
10921
10974
11082
11183
11208
11311
11333
11382
11540
11572
