# 529, 01116deebc3c50db58c89ab119f377a1acabc1cf11a4c79b21c2b7e56a0ae5c7.SC2Replay
4097
4874
4919
4947
4968
5013
5038
5059
5107
5144
5372
5393
5696
5719
5753
5782
5806
5840
5904
5939
5985
6028
6061
6084
6461
6508
6550
6602
6645
6682
6719
6766
6802
6825
6849
6875
6923
6961
6996
7018
7068
7150
7180
7213
7302
7326
7377
7408
7433
7465
7504
7530
7606
7672
7909
7951
7986
8057
8402
8434
9035
9064
9091
9120
11136
11177
11201
11223
11254
11286
11343
11401
11428
11453
12131
12167
12194
12505
12533
12566
12587
12610
12633
12666
12693
12716
12744
12765
12791
12818
12852
12878
12902
12929
12950
12975
12997
13020
13041
13077
13103
13141
13173
13202
13379
13411
13436
13457
13483
13514
13588
13609
13650
13688
13719
13749
13780
13812
13835
13864
13885
13925
13959
13983
14007
14037
14059
14089
14112
15197
15249
15389
15413
15557
15700
15723
15759
15967
16075
16099
16134
16155
16177
16198
16513
16544
16567
16589
16611
16652
16673
16702
16734
16768
16790
16811
16882
16904
16940
16962
16983
17005
17026
17055
17076
17099
17130
17157
17189
17212
17239
17279
