# 233, 141571a2d033bc0f8b58f5eff733fca7b2bccacffce0d53ea4d55cee87333c70.SC2Replay
5069
5102
5140
5168
5196
5221
5437
5478
5506
5532
5560
5603
5661
5698
5750
5776
5803
5845
5880
5919
5941
5968
6004
6033
6068
6099
6133
6158
6182
6211
6233
6262
6290
6314
6342
6373
6394
6419
6601
6638
6661
6686
6770
6815
6939
6967
7000
7023
7057
7082
7114
7148
7182
7206
7232
7268
7293
7472
7588
7627
7653
7677
7709
7754
7783
7851
7873
7901
7932
7965
8000
8022
8048
8074
8107
8139
8164
8186
8209
8232
8257
8278
8302
8328
