# 166, 1bf3f3f1d6e36715c7941d45f58242969bb254b6557a33b89d93224b4c847998.SC2Replay
4751
4778
4802
4823
5114
5136
5265
5437
5476
5514
5546
5570
5597
5618
5866
5892
5913
5940
5975
6005
7049
7082
7118
7150
7173
7198
7225
7246
7269
7302
7340
7365
7388
7410
7437
8325
8405
8428
8875
8905
8928
8957
9063
9216
9248
9276
10007
10042
10615
10638
10659
10682
10863
10958
10999
11028
11063
11099
11122
11143
11169
11190
11211
11251
11278
11299
11328
11366
11395
11455
11476
11498
11521
11545
11578
12706
12762
12783
12806
12829
12850
12872
12899
12934
12970
12996
13018
13044
13070
13092
13158
13180
13242
13277
13315
13336
13357
13386
13409
13433
13471
13514
13539
13576
13719
13748
13769
13844
14020
14042
14072
14097
14132
14153
14193
14214
14237
14259
14282
14390
14414
14442
14463
14486
14509
14711
14733
14754
14775
14806
14846
14873
14897
14953
14974
15000
15022
15043
15066
15091
15117
15156
15203
15238
15264
15288
15321
15345
15372
15393
15414
15449
15471
15496
15523
15578
15611
15638
15814
15884
15950
15972
