# 1783, 065a93b01e90665ea583b8a9dcdebe0a9bcd58fc977a0a12dbd65a1124ffde88.SC2Replay
976
2912
3499
3635
3672
3694
3719
3755
3804
3830
3869
3893
3918
3950
3991
4025
4046
4068
4095
4123
4158
4185
4224
4245
4268
4319
5024
5273
5825
6412
6472
6508
6653
6674
6697
6720
6745
6779
6922
6945
7365
7914
8672
8872
8964
9170
9195
9294
9315
9336
9361
9401
9442
9513
9535
9556
9587
9618
9649
9672
9693
9714
9735
9756
9789
9820
9846
9927
9951
9986
10059
10141
10172
10198
10219
10242
10263
10285
10306
10336
10367
11089
11111
11634
12314
12354
12379
12403
12429
12462
12484
12506
12534
12564
12590
12625
12648
12672
12698
12727
12756
12777
12799
12827
12850
12888
12918
12952
12975
13163
13184
13205
13232
13253
13275
13300
13325
13347
13368
13407
13430
13451
13481
13522
13549
13577
13608
13630
13662
13702
13725
13749
13777
13866
13895
13920
13942
13967
13997
14022
14060
14094
14115
