# 1160, 07a3e8d0d2d3f7d75c17e832a6c57e840840ba3a0cd2a0ac157a68cb04d9a45a.SC2Replay
4328
4353
4385
4412
4438
4471
4494
4549
4581
4605
4635
4659
4694
4965
4999
6490
6515
6536
6557
6591
6613
6634
6656
6709
6734
6759
6781
6869
6891
6929
6958
6979
7012
7036
7058
7088
7110
7133
7155
7178
7214
7242
7272
7300
7321
7342
7378
7416
7475
7500
7524
7545
7568
7592
7621
7642
7663
7696
7717
7751
7791
7812
7833
7878
7931
7956
8175
8196
8230
8251
8273
8313
8336
8357
8382
8416
8455
8476
8497
8522
8548
8581
8602
8628
8652
8677
8701
8752
