# 1752, 176bb70b9d9b3de48c45240e7a36ee3642aa8392cc19caeb4903060c70677941.SC2Replay
3669
3955
4017
4047
4092
4115
4145
4196
4841
4946
4987
5200
5318
5671
5692
5727
5867
5896
5918
5961
5997
6019
6043
6069
6098
6129
6153
6175
6196
6234
6271
6298
6321
6354
6381
6408
6438
6459
6483
6505
6527
6568
6600
6641
6671
6699
6721
6746
6768
6796
6840
6862
6884
6907
6946
6968
6990
7012
7037
7060
7115
7147
7181
7216
7243
7282
7310
7334
7471
7540
7747
7930
8061
8115
8139
8171
8202
8234
8256
8277
8299
8321
8342
8366
8473
8591
8660
