# 1683, 02c430a3da76593b5c190f2309d730feb7b0b1a132da56a35455340f34d16334.SC2Replay
2410
2531
2554
2585
2626
2691
2724
2760
2838
2881
2919
2960
3008
3030
3071
3162
3194
3281
3399
3421
3442
3466
3487
3520
3541
3562
3590
3627
3649
3680
3717
3740
3767
3799
3821
3842
3869
3890
3952
3976
4040
4063
4451
4474
4499
4550
4701
4794
4819
4884
4927
4961
5033
5397
5430
5559
5889
5915
5946
5967
6073
6100
6122
6145
6176
6215
6257
6601
6624
6758
6801
7267
7303
7378
7416
7448
7474
7510
7539
7826
7936
7963
8016
8173
8203
8307
8700
8756
8783
9008
9098
9187
9226
9475
9676
9705
9847
9952
10050
10080
10203
10388
11313
11353
11374
11399
11425
11505
11623
11775
11950
11980
12003
12044
12088
12115
12142
12181
12232
12271
12313
12335
12371
12399
12464
