# 419, 1b1a792d29cbf21cadf474f2142dec0d7fdaf5b592be4b229d236b3b7246594e.SC2Replay
4684
4711
4734
4755
4787
5493
5515
5549
6038
6059
6088
6121
6288
6316
6351
6375
6402
6427
6466
6491
6532
6570
6738
7112
7360
7383
7412
7451
7512
7534
7556
7657
7689
7723
7751
7777
7811
7838
7888
7910
7937
7972
8008
8033
8086
8117
8149
8186
8208
8230
8252
8351
8384
8575
8654
8830
8952
8988
9015
9332
9461
9713
9735
9768
9790
9812
9836
9860
9889
9913
9937
9964
9985
10015
10037
10060
10082
10110
10131
10152
10176
10203
10226
10249
10285
10307
10341
10363
10389
10418
10441
10463
10493
10514
10537
10564
10605
10634
10657
10687
10727
10755
11158
11252
11275
11337
11368
11399
11430
11454
11484
11513
11543
11569
11595
11618
11639
12489
12526
12551
12575
12602
12632
12660
12685
12708
12844
12875
12899
12959
13159
