# 836, 0fe13698e513a1c6ed9f88f22cfa55f4906b7dce369b4a13a096ca176b532f88.SC2Replay
8445
8498
8564
8639
8691
8738
8776
8810
9213
9250
9271
9292
9313
9337
9369
9411
9436
9664
9690
9720
9758
9791
9815
9836
9862
9892
9914
9939
9967
9998
10023
10053
10088
10114
10151
10291
10323
10410
10444
10476
10538
10623
10646
10685
10706
10728
10750
10781
10802
10823
10848
10877
10898
10923
10950
10983
11008
11038
11061
11082
11231
11253
11275
11311
11333
11360
11448
11471
11500
11529
11551
11579
11606
11629
11659
11685
11709
11731
11755
11791
11830
11869
11891
11925
11950
11979
12000
12021
12055
12093
12117
12152
12178
12208
12235
12268
12292
12325
12346
12368
12403
12430
12451
12473
12494
12515
12536
12603
12627
12649
12671
12695
12720
12757
12781
12823
12845
12868
12911
12932
12987
13015
13070
13158
13197
13308
13346
13414
13505
13534
13573
13610
13640
13711
13768
13794
14047
14096
14120
14173
14200
14236
