# 1298, 1583d24b3876fe33cafd12b380b231a6b9ffdb902555e72e52c6c62c40234e64.SC2Replay
5194
5215
5252
5278
5306
5339
5607
5635
5691
5755
5844
5865
5887
5914
5954
5976
6000
6079
6102
6124
6573
6639
6683
6748
6797
6838
6870
7062
7098
7138
7377
7413
7436
7457
7482
7504
7534
7573
7595
7626
7650
7685
7712
7740
7781
7816
7840
7861
7886
7914
7938
7960
7983
8009
8031
8052
8085
8126
8157
8178
8209
8232
9007
9041
9078
9101
9122
9148
9174
9205
9229
9251
9281
9302
9323
9344
9367
9396
9419
9443
9475
9496
9518
9547
9582
9612
10138
10160
10181
10205
10234
10269
10290
10311
10332
10358
10395
10435
10459
10483
10505
10530
10551
10572
10600
10623
10656
10693
10815
10841
10873
10894
10921
10956
10987
11020
11049
11070
11421
11445
11468
12043
12081
12106
12147
12169
12198
12219
