# 1043, 06bb6e273c286f308f6f962ee748d7687c6b3af08f2a60d6f72a5fbff29d3d1b.SC2Replay
3785
4233
4263
4286
4636
4661
5137
5164
5185
5342
5364
5396
5435
5458
5611
5720
5741
5762
5783
5871
6003
6034
6072
6099
6121
6274
6296
6324
6351
6425
6465
6490
6520
6551
6683
6709
6734
6756
6781
6925
6951
6972
7009
7035
7059
7080
7202
7225
7247
7366
7430
7452
7478
7501
7557
7601
7628
7674
7714
7742
7766
7969
8024
8193
8257
8359
8381
8418
8439
8465
8490
8512
8537
8561
8676
8698
9004
9042
9063
9607
9654
9680
9714
9738
9765
9795
9834
9872
9897
9920
9942
9967
9992
10052
10086
10111
10135
10158
10181
10205
10228
10323
10344
