# 236, 2137a0cc18a8c655a8b93e346c6fceb5340a608abba91756822b0bbe1a360f4e.SC2Replay
5576
5615
5801
5824
5852
5882
6252
6273
6294
6323
6482
6990
7015
7045
7403
7429
7474
7562
7587
7621
7654
7685
7712
8547
8619
8648
8737
8760
8797
8972
8996
9220
9269
9555
9579
9620
9648
9671
9956
9993
10032
10920
10943
10977
11227
11255
11280
11303
11326
11347
11392
11423
11447
11600
11636
11674
11709
11780
11819
11908
11929
11957
12014
12036
12065
12129
12245
12268
12565
12586
12627
12660
12681
12703
12724
12755
12782
12804
12841
12877
12911
12932
12953
12981
13002
13029
13227
13515
13708
13894
14020
14041
14342
14400
16167
16191
16246
16268
16299
16440
16502
16537
16558
16583
16604
16627
16648
16670
16691
16712
16743
16779
16806
16829
16862
16904
16936
16971
16998
17021
17045
17083
17112
17193
17217
17248
17273
17328
17356
17473
17496
17520
17544
17565
17587
17609
17633
17665
17695
17721
17759
17781
17958
17989
18087
18152
18182
18205
18232
18271
18293
18314
18335
18360
18391
18413
18438
18473
18498
18532
18559
18584
18625
18663
18691
18713
18743
18770
18810
18847
18875
18900
18928
18957
18988
19018
19044
19071
19096
19123
19148
19180
19202
19229
19269
19294
19315
19356
19382
19407
19429
19452
19474
19500
19540
19576
