# 428, 1c1b49c402445e9809a1c2cb96482cb07726b8b26d79a8d050285cd582498b18.SC2Replay
3341
3684
5495
5517
5543
5583
6197
6228
6310
8105
8130
8160
8182
8223
8245
8277
8301
8612
8635
8725
8748
14552
14587
14617
14644
14671
14705
14735
14757
14807
14837
14874
14931
14964
15060
15081
15239
15261
15299
15324
15346
15367
15405
15438
15471
15492
15528
15562
15594
15615
15639
15669
15707
15742
15766
15789
15822
15987
16010
16035
16084
16333
16364
16410
16436
16474
16511
16541
16565
16592
16620
16643
16683
16712
16734
16761
16789
16811
16841
16865
17012
17038
17500
17532
17553
17574
17602
17626
17647
17669
17690
17716
17744
17773
17795
17820
17843
17871
17910
17931
17952
17982
18011
18032
18053
18086
18108
18140
18162
18183
18217
18247
18269
18292
18313
18353
18387
18482
18504
18526
18553
18574
18599
18620
18647
18675
18697
18734
18769
18797
18818
18859
18887
18914
18945
18968
18990
19012
19038
19064
19089
19125
19163
19196
19231
19256
19280
19301
19331
19353
19374
19396
19504
19611
19632
19665
20297
20327
20351
20424
20934
20955
20989
21012
21036
21061
21085
21106
21134
21162
21186
21265
21301
21342
21363
21384
21410
21440
21463
21495
21533
21573
21606
21627
21649
21681
21715
21737
21759
21781
21813
21836
21857
21884
21919
21947
21972
22011
22032
22054
22090
22116
22150
22179
22212
22247
22269
22291
22327
22357
22390
22412
22452
22492
22513
22535
22560
22587
22618
22645
22674
22696
22737
22764
22796
22829
22852
22877
22909
22950
