# 1542, 25c392daa467e0bfb2def045208f6616e371ccd028f755fb95fb402c5b2ffc07.SC2Replay
3847
3880
3901
3930
3960
3985
4009
4036
4060
4093
4118
4721
4744
5973
6009
6030
6071
6092
6115
6136
6162
6300
6321
6349
6891
6951
7205
8366
8412
8466
9875
10031
10059
10237
10258
10375
10399
10854
10886
10910
11014
11037
11058
11688
11712
11738
11759
11815
11836
11857
11898
11932
11959
11991
12019
12042
12065
12088
12120
12141
12163
12186
12208
12233
12257
12586
12607
12631
12656
12682
12703
13001
13022
13371
13392
13424
13458
13479
13500
13521
13554
13590
13613
13635
13660
13701
13725
13948
13975
14062
14107
14134
14158
14186
14207
14238
14266
14290
14314
14343
14367
14450
14471
14495
14517
14539
14569
14598
15142
15170
15192
15213
15245
15275
15301
15328
15349
15374
15395
15417
15440
15472
15921
15945
15970
16045
16084
16134
16171
16197
16219
16243
16275
16296
16510
16537
16559
16580
16605
16640
16662
16695
16720
16743
16952
16989
17011
17032
17057
17087
17116
17169
17312
17403
17433
17454
17475
17511
17536
17559
17580
17601
17867
17893
17925
17949
17982
18021
18045
18082
18103
18126
18158
18186
18215
18238
18266
18545
18566
18655
18692
18715
18740
18761
18786
18811
18837
18873
