# 115, 1a82d23346032df91720b97592188c3f480bf011ee2bc52e38c50270a6a4296e.SC2Replay
1170
1848
2171
2242
2444
3113
3584
3654
3762
3827
3871
3928
4259
4411
4512
4568
4862
4908
5111
5207
5316
5351
5504
5578
5732
5760
5912
5970
6098
6285
6353
6380
6408
6452
6489
6512
6533
6566
6593
6615
6637
6671
6772
6829
6850
6880
6920
7034
7067
7110
7143
7203
7246
7612
7668
7817
7844
7873
7898
7920
7951
7974
8011
8074
8095
8126
8147
8168
8196
8223
8258
8290
8311
8348
8373
8409
8437
8473
8494
8516
8545
8572
8594
8616
8646
8675
