# 1755, 1b5980b3e94dda3f928fe8f37192fa54bf64fe9a4d9ff56726213b27da5f2da3.SC2Replay
5053
5074
5097
5583
5605
5626
5647
5679
5702
7633
7659
8186
8211
8237
10022
10047
10074
10100
10123
10147
10170
10191
10212
10250
10282
10313
10343
10372
10578
10600
10621
10643
10679
10700
10722
10758
10814
11262
11283
11316
11350
11437
11515
11553
12033
12069
12093
12366
12403
12428
12455
12482
12506
12531
12615
12637
13644
13665
13696
13756
13780
13846
13894
13930
13951
14067
14090
14111
14144
14166
14187
14208
14233
14257
14308
14329
14353
14383
14418
14450
14471
14496
14524
14558
14580
14612
14633
14654
14692
14751
14780
14816
14850
14880
14912
14953
15013
15044
15070
15098
15124
15152
15178
15201
15326
15350
15486
15510
15531
15557
15677
15698
15731
15760
15781
15806
15827
15850
15973
15995
16019
16108
16179
16221
16260
16284
16305
16340
16579
16725
16767
16788
16812
16835
16930
16958
16983
17017
17049
17084
17119
17377
17400
17421
17447
17475
17498
17537
17563
17589
17611
17640
17671
17705
17729
17755
17777
17804
17844
18035
18065
18090
18117
18146
18169
18190
18219
18291
18353
18374
18396
18417
18561
18583
18604
18763
18795
18828
18852
18893
18923
18946
18972
18997
19035
19095
19116
19139
19168
19206
19244
19267
