# 1113, 14f73ece958f27d89ad1d8b2fe67b1eb2d4881871687e424afabeebc977a83bb.SC2Replay
4632
5339
5361
5382
5403
5545
5566
5594
5615
5655
5685
5725
5756
5836
5885
5917
5946
5968
5990
6011
6046
6067
6128
6164
6246
6305
6338
6375
6398
6420
6442
6494
6552
6656
6704
6725
6836
6934
7017
7111
7132
7164
7188
7213
7234
7256
7320
7360
7399
7442
7557
7581
7602
7635
7663
7702
7734
7816
7845
7873
7894
7929
7960
7990
8036
8098
8161
8219
8263
8300
8321
8365
8404
8428
8554
8605
8651
8678
8700
8721
8747
8780
8842
8865
8910
8956
8993
9062
9184
9263
9286
9356
9394
9432
9615
9650
9763
9815
