# 1183, 1c54314f0f1448f46a752934a82bdf7f77c7a63075fcfc4d90f07f9e46383a3a.SC2Replay
6446
6621
6652
6682
6714
6754
8800
8835
8858
8898
10502
10592
10623
11703
11739
11865
11970
11991
12014
12039
12072
12093
12118
12139
12161
12184
12212
12236
12266
12289
12310
12335
12387
12498
12629
12651
12680
12709
12734
12761
12793
12829
12853
12878
12908
12935
12963
12986
13021
13054
13075
13097
13171
13333
13354
13376
13406
13432
13461
13482
13507
13537
13575
13609
13630
13651
13687
13717
13739
13763
13800
13824
13857
13890
13911
13950
13973
14000
14023
14045
14066
14087
14369
14508
14541
14562
14583
14605
14631
14670
14693
14722
14914
14939
14977
15005
15028
15051
15091
15128
15153
15181
15212
15234
15274
15296
15321
15350
15890
15912
16241
16262
16321
16405
16427
16448
16470
16499
16522
16545
16567
16610
16641
16692
16713
16734
16757
16827
16849
16876
16897
16918
16939
16972
16995
17018
17040
17169
17275
17296
17321
17350
17384
17414
17440
17475
17509
17531
17570
17595
17616
17637
17673
17849
17876
17897
17920
17941
17962
17989
18030
18062
18087
18121
18151
18177
18203
18225
18248
18310
18346
18380
18406
18458
18480
18513
18549
18574
18606
18628
18653
18682
18779
18803
18827
18863
18903
18924
18955
18989
19022
