# 1294, 20f8a92e5854a5d9f3965409ec6f6e78440a59070c56707350503bdaf25b8dd3.SC2Replay
3251
4076
4105
4680
4840
5745
6776
6814
6836
6951
6974
7012
7073
7110
7154
7184
7213
7249
7272
7326
7376
7398
7440
7517
7546
7584
7612
7641
7666
7693
7715
7737
7761
7827
7852
7876
7903
7924
7945
7987
8019
8043
8071
8095
8118
8197
8278
8732
8785
9136
9161
9205
9252
9282
9303
9329
9357
9380
9413
9476
9505
9552
9608
9638
9714
9764
9819
9872
9911
9952
9974
10008
10030
10066
10110
10133
10156
10191
10271
10292
10315
10339
10371
10421
10445
10481
10518
10545
10590
10612
10650
10675
10861
10897
10927
10956
10979
11017
11051
11075
11102
11123
11150
11180
11202
11223
11253
11282
11304
11331
11360
11390
11411
11442
11470
11491
