# 1343, 02c114cad42ca7ef61311047d4076daaf94ea3bbaabcb1fba9b86411752f54ae.SC2Replay
5885
5906
5937
5959
5983
6019
6060
6096
6128
6260
6286
6319
6358
6398
7007
7035
7056
7077
7098
7129
7152
7173
7204
7225
7254
7289
7322
7351
7382
7407
7444
7483
7505
7529
7569
7600
7632
7654
7680
7703
7724
7745
7815
7848
7877
7899
7921
8035
8058
8083
8108
8129
8150
8188
8209
8230
8265
8298
8324
8357
8394
8446
8470
8869
8895
8930
8963
8986
9015
9045
9082
9108
9145
9229
9265
9293
9322
9395
9436
9473
9496
9521
9543
9638
9659
9682
9710
9732
9818
10082
10109
10135
10158
10192
10215
10240
10264
10286
10319
10343
10365
10387
10686
10707
10728
10753
10787
10872
10909
10937
11096
11184
