# 1549, 21ed99751512a802c91ce988c2c199a2244d71c1cb931175dd92d889ddb6ef61.SC2Replay
3479
4668
4704
4725
4887
5311
5451
5982
6120
6144
6166
6187
6208
6548
6588
7138
7205
7226
7251
7292
7318
7505
8321
8350
8385
8746
8767
8833
8856
9329
9353
9468
9520
10343
10366
10442
11793
11828
11921
11942
12187
12219
12241
12263
12606
12647
13123
13146
13176
13230
13259
13290
13330
13352
13380
13421
13448
13519
13541
13570
13654
13682
13704
13736
13770
13795
13816
14018
14442
14517
14542
14566
14613
14647
14687
14708
14730
14802
15362
15388
15409
15432
15453
15476
15497
15519
15540
15571
15607
15647
15674
15695
15718
15803
15937
16011
16034
16058
16092
16115
16405
16427
16451
16492
16558
16580
16610
16655
16867
16905
16934
16964
17368
17392
17635
17671
17696
17719
18066
18097
18127
18153
18184
18210
18249
18277
18304
18338
18367
18391
18414
18435
18462
18484
18505
18528
18559
18580
18653
18744
18783
18805
18841
18879
18905
18927
18959
18982
19006
19038
19060
19090
19118
19161
19196
19589
19611
19706
19729
19853
19886
19916
19966
19995
20030
20153
20225
20266
20557
20621
21090
21111
21240
21262
21307
21456
21479
21696
21896
21928
21969
21990
22011
22051
22077
22207
22231
22269
22295
22325
22346
22367
22390
22416
22437
22462
22487
22508
22530
22551
22593
22624
22661
22686
22884
22922
22945
22983
23014
23038
23339
23491
23512
23549
23580
23601
23628
23655
23676
23699
23723
23744
23771
23792
23813
23834
23858
23879
23908
23933
23960
23988
24027
24048
24072
24112
24135
24176
24207
24248
24288
24314
24339
