# 655, 0a9973fab1f06e6e27b30f8fad4dc55c1c26eaf865280998450c8e17c03a286c.SC2Replay
7274
7295
7327
7364
7396
7417
7440
7464
7486
7510
7534
7558
7579
8114
8154
8250
8327
9118
11022
11054
11076
11219
11839
11861
11886
11911
11940
11962
11994
12016
12038
12068
12099
12134
12256
12277
12309
12407
12430
12451
12472
12494
12516
12542
12570
12591
12612
12649
12670
12699
12725
12747
12770
12806
12833
12905
12932
12973
12995
13016
13045
13073
13095
13116
13155
13181
13207
13231
13257
13393
13418
13455
13480
13544
13565
13591
13623
13649
13673
13709
13733
13780
13808
13832
13855
13887
13924
13946
13970
13996
14067
14099
14194
14230
14259
14281
14365
14395
14429
14464
14492
14515
14536
14557
14589
14613
14636
14657
14678
14708
14733
14759
14790
14945
14986
15021
15208
15242
15267
15308
15344
15367
15738
15764
15786
15826
15847
15871
15892
15913
15949
15982
16005
16042
16063
16097
16129
16151
16181
16211
16237
16276
16298
16320
16342
16378
16402
16428
16449
16478
16502
16524
16548
16572
16596
16631
16668
16695
16721
16745
16768
16789
16813
16849
16871
16894
16921
16962
16987
17008
