# 434, 2a574f41c50ea1216bbe6553b4a1323c93d97fa08b75816fb177bd87f44821f2.SC2Replay
1863
2061
2614
2661
2687
2800
2836
2981
3004
3535
3829
4179
4238
4329
4354
4396
4433
4684
4734
4760
4831
4874
5205
5255
5360
5492
5554
5632
5688
5751
5865
5897
6014
6042
6083
6104
6129
6183
6252
6284
6357
6404
6433
6463
6508
6579
7019
7040
7062
7133
7157
7712
7734
7818
7868
7922
9107
9130
9403
9434
9457
9485
9516
9549
9921
10124
10147
10185
10440
10539
10563
10588
10609
10639
10664
10692
10713
10736
10758
10791
10813
10835
10866
10887
10908
10931
10952
10993
11022
11061
11091
11112
11143
11221
11243
11264
11285
11318
11339
11360
11381
11403
11430
11455
11489
11512
11537
11560
11792
11833
11873
11906
11947
11971
11992
12014
12038
12061
12091
12114
12146
12171
