# 1103, 1ee0ebfebff2a33508542847298f6656ab92c9b1fc7eb436447106b8b3cf2e14.SC2Replay
2908
2953
2976
3244
3291
3312
3334
3369
3403
3451
3492
3523
3551
3580
3602
3645
3698
3737
3783
3807
3846
3883
3912
3937
3991
4013
4136
4201
4247
4276
4381
4482
4614
4650
4676
4711
4741
4771
4808
4878
4927
4959
5027
5070
5106
5128
5233
5258
5301
5331
5379
5413
5437
5509
5536
5563
5605
5647
5668
5717
5747
5775
5801
5841
5875
5907
5988
6076
6726
6751
6814
6860
6899
6920
7373
8856
10432
10464
10518
11429
11572
11766
11787
11809
12058
12599
12697
12756
12780
12803
12838
12864
12903
12951
12982
13020
13128
13149
13172
13193
13265
13286
13310
13367
13400
13424
13451
13478
13499
13535
13563
13592
13628
13653
13687
13708
13733
13762
13798
13871
13935
13957
14041
14075
14096
14175
14205
14252
14281
14307
14339
14367
14388
14427
14449
14471
14494
14519
14545
14572
14612
14636
14791
14867
14888
14922
14951
14973
14994
15027
15064
15088
15215
15246
