# 1605, 115d800df1e18503ea6ee7ab58de9ffa2652fef7b42350b8a200334945e3f0df.SC2Replay
4838
4864
4901
4924
4948
4982
5007
5029
5051
5072
5105
5134
5156
5186
5358
5379
5417
5439
5460
5492
5521
5555
5578
5599
5623
5660
5759
5785
5830
5860
5886
5917
5938
5963
6000
6077
6098
6119
6141
6167
6189
6511
6534
6576
6601
6628
6653
6674
7176
7214
7248
7289
7314
7340
7362
7384
7407
7428
7613
7636
7663
7684
7718
7747
7768
7792
7821
8167
8192
8218
8434
8456
8479
8503
8539
8736
8767
8789
8933
8968
9006
9043
9084
9110
10131
10155
10191
10214
10237
10272
10394
10426
10466
10492
10516
10548
11017
11049
11692
11718
11760
11787
11967
12007
12115
12153
12187
12215
12240
12299
12566
12603
12630
12819
12850
12896
12917
12944
12967
12991
13012
13161
13342
13364
13416
13492
13544
13675
13706
13748
13772
13795
14110
14520
14543
14570
14591
14614
14637
14664
14687
15204
15229
15265
15570
15594
15632
15668
15689
15752
15774
15795
15835
15861
15895
15928
15967
15993
16031
16053
16160
16182
16203
