# 32, 16ced1bc03dfe24a5be6913f92231f430b7afe1285984e2e20d13a3504f0783e.SC2Replay
4009
4043
4081
4107
4128
4180
4204
4245
4380
4401
4435
4458
4480
4506
4544
4578
4624
4651
4689
4719
4745
4775
4799
4822
4843
4869
4893
4917
4951
4989
5022
5053
5076
5133
5163
5198
5220
5242
5266
5292
5319
5353
5393
5421
5474
5566
5778
5948
5975
5999
6037
6059
6082
6123
6156
6180
6210
6282
6521
6543
6564
6699
6800
6823
6909
7089
7547
7590
7873
7963
8173
8199
8281
8382
8448
8474
8497
8527
8565
8586
8621
8649
8680
8711
8738
8764
8797
8823
