# 797, 0a39b3c257f3443a3f674805c05e2539369b96f09cb5e979770cfed547b2a7fd.SC2Replay
3311
3447
3473
3496
3518
3549
3576
3604
3625
3647
3675
3713
3749
3782
3809
3847
3886
4730
4755
4786
4809
5702
5781
5844
5879
5967
6080
6127
6201
6236
6424
6593
6617
6663
6701
6754
6779
6812
6835
7155
7243
7292
7335
7412
7716
7737
7773
7857
7880
8285
8306
8334
8431
8468
8503
8582
8603
8631
8668
8702
8726
8789
8810
9059
9337
9367
9519
9545
9574
9595
9616
9653
9681
9704
9725
9746
9767
9798
9838
10009
10111
10185
10210
10233
10261
10366
10392
10478
10499
10520
10543
10575
10600
10623
10650
10678
10707
10729
10753
10782
10807
10915
10941
10978
10999
11026
11049
11073
11097
11121
11157
