# 1233, 02e010359922aa7546fa4b371c30bb74fd2415747669d6666ebf7e037d0d275e.SC2Replay
8406
8427
8452
13845
13866
13889
14815
14849
14929
15090
15127
15148
15178
17202
17237
17289
17317
17348
17378
17400
17430
17458
17488
17512
17551
17577
17599
17628
17659
17726
17748
17770
17795
17823
17858
17888
17922
17943
17976
18033
18072
18105
18130
18160
18182
18279
18300
18322
18350
18371
18441
18462
18500
18536
18561
18586
18607
18628
18667
18727
18750
18771
18915
19015
19038
19061
19380
19413
19442
19476
19511
19532
19554
19576
19599
19637
19670
19766
19990
20016
20045
20074
20107
20128
20149
20174
20196
20218
20242
20267
20301
20323
20440
20472
20509
20532
20565
20592
20622
20648
20687
20712
20749
20789
20814
20845
20881
20923
20945
20971
21191
21214
21236
21258
21293
21334
21355
21376
21400
21439
21463
21484
21517
21880
21908
21929
21952
22047
22072
22110
22141
22162
22253
22292
22316
22345
22377
22401
22430
22463
22501
22528
22557
22583
22605
22631
22653
22674
22705
22737
22773
22807
22874
22973
22995
23206
23246
23288
23479
23500
23523
23548
23575
23642
23676
23706
23727
23759
23780
23802
23825
23851
23879
23907
23942
23972
24013
24052
24079
24113
24140
24178
24202
24265
24325
24373
24462
24487
24523
24548
24573
24600
24950
24984
25017
25040
25081
25118
25147
25185
25206
25230
25253
25454
25477
25503
25529
25552
25573
25594
25615
25638
25660
25686
25886
25926
25958
26116
26146
26170
26349
26376
26403
26436
26503
26525
26546
26575
26602
26628
26679
26704
26727
26754
26782
26804
26828
26864
26890
26923
26962
26984
27012
27033
27058
27083
27104
27125
27179
27204
27226
27248
27275
27303
27338
27366
27394
27606
27652
27818
27852
27882
27917
27953
27994
28019
28046
28067
28088
28115
28138
28172
28196
28219
28245
28281
28306
28328
28354
28378
28427
28448
28485
28506
28527
