# 165, 1ac242f52819972aaf4067de902a7705b86f10ce67e09bb76e0bc09f243a7e82.SC2Replay
7522
7548
8690
8713
8738
8768
10296
10327
10348
10372
10414
10445
10484
10506
10527
10561
10588
10615
10645
10671
10714
10735
10767
10789
10810
10847
10869
10892
10913
10934
10970
10999
11022
11063
11099
11129
11176
11197
11223
11253
11919
11947
11968
11992
12021
12047
12068
12096
12124
12150
12175
12197
12218
12239
12263
13315
13336
13375
13404
13440
13469
13505
13527
13549
13570
13595
13629
13665
13690
13711
13734
13771
13804
13829
13859
13900
13924
15097
15130
15152
15175
15355
15414
15467
15489
15515
15539
15571
15605
15637
15662
15685
15712
15733
15754
15794
15828
15862
15895
15937
15973
16002
16029
16070
16091
16119
16419
16441
16463
16484
16510
16542
16565
16595
16617
16648
16688
16714
16742
16764
16790
16811
16832
16854
17052
17084
17122
18464
18486
18520
18544
18565
18589
18622
18647
18668
18697
18719
18742
18765
18790
18814
18835
18865
18889
18928
18964
18987
19017
19041
19335
19359
19384
19413
19434
19947
19969
20000
20025
20046
20069
20093
20146
20185
20214
20254
20278
20303
20337
20364
20385
20409
20431
20454
20487
20521
20555
20595
20632
20657
20682
20710
20740
20763
20785
20808
20829
20851
20881
20909
20932
20957
20983
21007
21028
21050
21071
21102
21127
21148
21170
21191
21216
21237
21263
21286
21321
21345
21370
21401
21428
21469
21500
21525
21547
