# 296, 0f28d33f33ed16c0794651274bf31227e79010ff381eea6d2b482a4d6644c312.SC2Replay
2683
2711
2926
3087
3170
3214
3252
3274
3303
3325
3346
3369
3390
3419
3460
3492
3526
3547
3634
3657
3684
3744
3765
3854
4550
4573
4598
4619
4640
4679
4711
4740
4761
4794
4816
4842
4867
4890
4920
4954
4992
5026
5047
5076
5110
5132
5153
5199
5226
5298
5319
5340
5362
5388
5410
5433
5457
5485
5506
5529
5550
5619
5648
5672
5698
5722
5744
5766
6905
8602
8627
8652
8687
8714
8735
8760
8783
8804
8835
8856
8879
9665
9693
9732
9947
9986
10018
10041
10065
10090
10113
10143
10168
10196
10226
10253
10275
10298
10321
12178
12201
12239
12262
12295
12328
12355
12378
13098
13139
13165
13205
13226
13254
13295
13333
13354
13381
13422
13453
13475
13511
14295
14321
14350
14380
14404
14427
14468
14506
14536
14557
14589
14612
14637
14668
14702
14725
14756
14777
14799
14823
14857
14881
16202
16238
16272
16297
16439
16480
16501
16524
16545
16586
16612
16635
16668
16703
16727
16765
16787
16816
16845
16866
16893
16914
16943
16966
16991
17012
17035
17069
