# 1529, 08ac80450d196894595481c5ac709130300ca70f4c053af2ab3437ff505153c6.SC2Replay
3322
3344
4165
4186
5713
5734
6134
6603
6624
6645
6753
6774
6901
6942
6969
7003
7026
7048
7085
7115
7137
7494
7524
7552
7574
7597
7620
7821
7860
7887
7921
7945
7978
8091
8113
8142
8166
8197
8218
8239
8265
8287
8377
8431
8453
8540
8561
8596
8617
8639
9884
9911
10118
10139
10724
10849
10941
11087
11126
11158
11197
11231
11256
11284
11305
11326
11383
11411
11537
11558
11579
11600
11621
11646
11673
11711
11733
11769
11814
11854
11888
11912
11933
11957
12094
12141
12270
12979
13000
13054
13083
13109
13142
13313
13334
13389
13424
13445
13466
13495
13519
13555
13592
13619
13640
13661
13695
13735
13761
13786
13943
13975
13999
14037
14058
14127
14164
14231
14265
14296
14318
14410
14434
14526
14556
14580
14615
14762
15465
15667
15688
15711
15739
15762
15786
15811
15838
15869
15891
15922
16027
16191
16220
16253
16388
16409
16442
16481
16503
16531
16554
16650
16787
16823
16848
16871
16898
16929
16954
16978
17003
17028
17052
17080
17115
17146
17169
17190
17213
17243
17453
17493
17525
17551
17672
17705
17736
18007
18038
18066
18090
