# 1329, 220a3cd250e6e12269c4d8c785154febb88b6eea422808f41ad89bec58d68287.SC2Replay
3873
3939
3975
4181
4343
4444
4493
4545
4584
4680
4807
4864
5028
5073
5191
5294
5361
5399
5458
5562
5670
5710
5748
5809
5877
6102
6207
6235
6261
6296
6332
6390
6443
6535
6753
6827
6925
6953
7092
7176
7245
7303
7329
7379
7410
7433
7472
7531
7552
7579
7655
7700
8006
8031
8555
8589
8617
8640
8672
8706
8833
9171
9195
9226
9287
9308
9343
9715
9738
9759
9798
9826
9849
9871
9896
9918
9947
9981
10007
10058
10102
10137
10167
10277
10309
10431
10452
10476
10497
10533
10557
10678
10715
10785
10806
10841
10879
10908
11371
11396
11425
11700
11721
11797
11861
11885
11923
12378
12402
12428
12451
12472
12646
12671
12698
12732
12760
12782
12807
12843
12866
12900
12922
13336
13359
13660
13798
13820
13884
13919
13944
13972
13999
14021
14239
14601
14626
14662
14786
14811
14846
14867
14891
14917
14938
15099
15128
15157
15297
15328
15360
15385
15407
15440
15477
15506
15533
15558
15593
15711
15746
