# 991, 025f1622b37e8c36609f3e4a09a38c61aa5dc6c05526c3858614b1ec2df06362.SC2Replay
2760
2781
2806
2855
2878
2899
2923
2959
2986
3008
3038
3076
3097
3133
3253
3281
3309
3537
3582
3628
3650
3680
3711
3748
4105
4128
4165
4202
4241
4267
4324
4349
4527
4549
4588
4649
4674
4709
4822
4845
4866
5199
5242
5267
5288
5313
5347
5374
5414
5452
5476
5582
5610
5648
5729
5766
5790
5813
5851
5883
5921
5944
5965
5987
6026
6060
6486
6514
6607
6631
6747
6768
6789
6846
6872
6896
6929
6958
6986
7024
7048
7088
7113
7138
7162
7185
7210
7233
7262
7287
7311
7332
7362
7388
7415
7445
