# 530, 002c60ba2be25f046721c16fffadabf2b1778f0d70986953254e7b11bafd899b.SC2Replay
11587
11609
11630
11663
11686
11710
11751
13780
13803
13841
13871
13902
13926
13948
13986
15182
15217
15254
15284
15305
15491
15512
15534
15558
15587
15623
15768
15804
16088
16110
18230
18269
18301
18325
18357
18383
18421
18445
18468
18489
18515
18536
18565
18586
18608
18637
18662
18688
18709
18731
18759
18781
18811
19070
19098
19167
19335
19363
19389
19415
19445
19476
20012
20048
20082
20108
20132
20157
20180
20215
20393
20427
20451
20477
20512
20551
20573
20614
20638
20679
20703
21032
21061
21086
21116
21144
21166
21189
21222
21246
21273
21314
21350
21372
21410
21436
21461
21497
21520
21543
21575
21600
21635
21664
21696
21717
21738
21761
21799
21822
21845
21866
21893
21917
21946
21970
21994
22030
22057
22086
22118
22150
22176
22206
22243
22265
22286
22325
22350
22371
22411
22441
22472
22495
22517
22564
22589
22622
22670
23243
23271
23294
23318
23343
23368
23390
23417
23456
23486
23513
23535
23558
23586
23627
23667
23688
23720
23744
23770
23791
23820
23852
23885
23906
23927
23959
23998
24022
24045
24075
24099
24124
24163
24193
24234
24258
24284
24306
24329
24360
24389
24427
24467
24492
24514
24540
24566
24607
24630
24652
24685
24712
24734
24760
24782
24805
24832
24904
24927
24951
24974
24998
25031
25065
25126
25149
25189
25215
25246
25267
25298
25320
25355
25391
25415
25436
25459
25499
25846
25882
25905
25929
25954
25987
26013
26038
26068
26091
26132
26155
26176
26205
26230
26253
26281
26309
26333
26362
26402
26436
26469
26510
26533
26555
26581
26607
26633
26671
26705
26734
26768
26804
26828
26849
26871
26901
26929
26954
26981
27004
27027
27053
27087
27108
27129
27155
27180
27203
27235
27462
27659
27691
27727
27765
27796
27948
27998
28020
28048
28074
28100
