# 820, 034b8b7ab63e012855c844c67dfac36ccb8055322e237da105cf412abe457881.SC2Replay
3496
3518
4410
4550
4571
4607
4639
5570
6537
6561
6592
6624
6718
6763
6786
6817
6863
6905
6944
6975
7013
7050
7075
7107
7128
7172
7203
7245
7272
7297
7320
7357
7382
7408
7432
7454
7476
7497
7518
7539
7560
7581
7607
7633
7660
7683
7704
7733
7773
7810
7837
7869
7901
7938
7961
7990
8025
8053
8093
8117
8141
8179
8219
8240
8274
8299
8322
8344
8385
8408
8431
8466
8487
8510
8536
8757
8820
8842
9439
9476
9498
9537
9570
9962
9995
11179
11216
11252
11275
11296
11317
11485
11522
11556
11578
11639
11678
11828
11879
11913
12038
12068
12332
12369
12390
12421
12446
12669
12695
12719
12757
12787
12813
12849
12887
12908
12942
12971
12997
13019
13060
13094
13151
13179
13206
13228
13270
13363
13390
13534
13604
13667
13711
13778
13830
13854
13879
13934
13973
14009
14265
14287
14354
14377
14449
14470
14626
14656
14677
14700
14729
15031
15081
15106
15128
15168
15218
15251
15289
15324
15507
15529
15551
15572
15660
15685
16142
16176
16207
16233
