# 1509, 27f4ae1a6cfd52f25335c42f273ef134b553b32bcf2e179bef56876c5835b7d3.SC2Replay
5795
5852
6450
6528
6846
7019
7047
7157
7380
7410
7438
7461
7592
7746
7767
8144
8174
8213
8242
8418
8448
8587
8619
8640
8677
8711
8747
8772
8802
8832
8864
8885
8918
8942
8966
8987
9023
9064
9177
9198
9231
9254
9302
9342
9375
9400
9492
9513
9535
9621
9659
9883
9906
9927
9961
9989
10028
10059
10081
10114
10148
10170
10202
10229
10262
10298
10319
10340
10363
10391
10415
10437
10466
10528
10560
10584
10616
10648
10680
10710
10736
10759
10791
10818
10844
10889
10924
10946
10979
11000
11022
11043
11067
11092
11132
11153
11174
11202
11242
11269
11299
11330
11351
11386
11408
11443
11472
11645
11674
11696
11717
11745
11768
12034
12055
12131
12429
12614
12717
12762
12854
12877
12916
12943
13080
13267
13289
13353
13394
13418
14177
14210
14232
14255
14280
14312
14334
14372
14396
14417
14442
14473
14501
14522
14555
