# 1846, 27c434a2fa0ce1d93754db7cb1f1982efcd2d5e8590ea0226c71cd041a70bb78.SC2Replay
4313
4343
4371
4392
4413
6009
6037
6059
6097
6131
6152
6176
6197
6220
6241
6264
6286
6310
6333
6810
6850
6871
6892
6915
7211
7235
7267
7327
7348
7385
7416
7446
7477
7498
7526
7558
7593
7625
7650
7673
7700
7726
7762
7788
7825
7865
7886
7907
7980
8001
8028
8056
8091
8120
8142
8167
8190
8212
8233
8260
8288
8310
8578
9548
9604
9796
9826
10161
10188
10222
10246
10373
10557
10659
10680
10768
10792
10813
10835
10856
10892
10913
10943
10980
11001
11034
11067
11096
11125
11153
11182
11203
11224
11245
11284
11316
12965
13011
13038
13063
14637
14673
14701
14982
15017
15042
15083
15206
15229
15256
15284
15306
15345
15460
15488
15519
15541
15563
15584
16095
16123
16147
16169
16195
16216
16239
16264
16287
16310
16331
16362
16386
16419
16440
16467
16494
16515
16550
16572
16594
16620
16643
16664
16689
16712
17064
17087
17112
17144
17173
17198
17233
17257
17281
17416
17441
17477
17499
17939
18081
18102
18139
18179
18218
18244
18266
18293
18327
18348
18382
18421
18443
18478
18499
18532
18563
18594
18616
18642
18667
18688
18709
18741
18765
18786
18814
18845
18875
18897
