# 992, 143f4f5f1c1df83dfe4c7217b16df3e33bb87ecb4075acb18ef11b264211b06e.SC2Replay
6479
6514
6824
6867
6888
7071
7123
7149
7182
7210
7246
7267
7324
7347
7378
7400
7484
7505
7546
7578
7612
7635
7660
7686
7709
7730
7767
7800
7829
7857
7880
7904
7944
8035
8105
8129
8150
8182
8221
8308
8360
8382
8424
8445
8491
8524
8547
8761
8792
8843
8864
8925
8981
9021
9047
9070
9130
9159
9195
9237
9271
9309
9330
9351
9381
9408
9430
9478
9524
9545
9584
9614
9637
9763
9817
9849
9882
9921
9945
9979
10010
10043
10073
10131
10161
10183
10215
10236
10258
10279
10306
10344
10374
10398
10419
10447
10470
10493
10532
10566
10596
10623
10648
10670
10694
10716
10743
10778
