# 1250, 1b65b1064ead7cd1c22f3146761c838df3dc9cc836069bb117c70e789232b0ab.SC2Replay
3367
3397
3426
9621
9660
9872
10215
10248
10270
10296
10326
10359
10547
10568
10604
11396
11417
11438
11460
11604
11883
13513
13534
13555
13579
13608
13629
13656
14234
14992
15074
15101
15132
15172
15193
15219
15659
16778
16813
17386
17411
17452
17478
17501
17538
17570
17607
17639
17663
17690
17717
17754
17775
17797
17822
17852
17888
17909
17936
17969
18006
18047
18080
18105
18132
18153
18185
18220
18244
18284
19384
19559
19721
19923
20041
20089
20125
20152
20173
20200
20221
20251
20273
20304
20326
20365
20394
20559
20581
20603
20624
20651
20679
20718
20740
20777
20813
20841
20865
20893
20924
20954
20978
21015
21050
21078
21111
21132
21154
21175
21198
21226
21248
21269
21302
21330
21368
21656
21679
21704
21726
21749
21776
22231
22518
22728
22783
22810
22857
22878
22904
22939
22972
22999
23034
23062
23095
23128
23169
23207
23228
23253
23277
23306
23333
23362
23394
23430
23451
23472
23657
23687
23713
23735
23766
23805
23827
23854
23876
23899
23923
23974
24004
24033
24071
24096
24124
24156
24177
24198
24226
24248
24270
24297
24495
24519
24542
24563
24584
24613
24640
24672
24707
24742
24814
24848
24887
24908
24930
24970
24991
25013
25034
25060
25095
25118
25143
25169
25199
25231
25259
25285
25306
25328
25354
25395
25418
25439
25463
25487
25512
25533
25560
25582
25604
25627
25650
25673
25699
25721
25751
25776
25797
25823
25844
25865
25891
25917
25938
25963
25985
26015
26038
26060
26100
26132
26169
26190
26211
26250
26276
26312
26334
26368
26394
26415
26441
26463
26489
26519
26546
26573
26602
26626
26652
26673
26698
26736
26761
26786
26819
26906
26938
26964
27000
27027
27050
27081
27111
27135
27166
