# 1649, 01c8fe438e865f843527683f623204b7bdef5852e10c050e4ebe84512ec47504.SC2Replay
3740
8258
8285
8310
8338
8360
8499
8520
8549
8596
8620
8641
8668
8693
8725
8809
8850
9202
9233
9277
9302
9328
9354
9387
9449
9474
9887
9923
10171
10199
10244
10266
10287
10314
10363
10385
10412
10438
10769
10801
10830
10853
10878
10907
11107
11147
11170
11191
11212
11329
11359
11669
11698
11722
11745
11777
11803
12485
12510
12540
12569
12592
12615
12650
12694
12720
12753
12789
12830
12872
12904
12925
12950
12975
13172
13193
13216
13267
13289
13311
13347
13395
13479
13506
13546
13591
13624
13656
13682
13703
13736
13777
13800
13855
13876
13903
13939
13960
14050
14079
14108
14133
14160
14186
14222
14251
14276
14380
14433
14461
14483
14522
14543
14564
14585
14606
14633
14666
14690
14728
14755
14786
14807
14829
14851
14872
14896
14918
15051
15079
15103
15136
15157
15179
15202
15227
15252
15279
15300
15328
15350
15375
15398
15429
15454
15481
15502
15536
15557
15578
15604
15660
15682
15786
15808
15834
15867
15989
16011
16053
16372
16432
16459
16487
16514
16670
16851
16878
16954
16980
17035
17056
17092
17115
17149
17171
17194
17215
17239
17260
17284
17306
17722
17754
18257
18423
18444
18466
19044
19085
19117
19139
19161
19192
19368
19397
19738
19955
19976
20012
