# 812, 1b0af7befccbc870b8e85a0051297193278c5bfd8b995dbcf3519176abeec46a.SC2Replay
5229
5271
5990
6373
6414
6576
6799
6962
6983
7493
7568
7593
7855
7892
7919
7955
7977
8007
8041
8068
8140
8272
8294
8319
8410
8484
8518
8539
8578
8608
8632
8698
8727
8752
8778
8859
8890
8924
8946
8969
8990
9018
9044
9070
9096
9122
9143
9187
9212
9309
9539
9562
9627
9715
9739
9816
10081
10104
10128
10151
10184
10208
10236
10261
10284
10311
10333
10355
10377
10400
10429
10461
10492
10513
10553
10574
10607
10645
10667
10692
10713
10742
10776
10798
10820
10842
10867
10888
10909
10938
10978
11002
11025
11049
11127
11166
11202
11225
11246
11282
11309
11333
11357
11380
11410
11433
11468
11492
11532
11569
11602
11640
11662
11686
11707
11747
11781
11812
11835
11856
11877
11899
11935
11962
11996
12018
12057
12081
12106
12129
12163
12187
12212
12251
12272
12293
12314
12343
12371
12407
12432
12461
12489
