# 1379, 0a85f5d8accc945a8c75fbc6c50f77eb54cedc8fd0e3c49bd64172bf010d258a.SC2Replay
6712
6737
6778
6804
7835
7876
8010
8037
8073
8102
8138
8584
8618
8639
8766
8791
8817
8848
8869
8900
8927
8965
8997
9790
9822
10140
10168
10477
10516
10550
10584
10623
10664
10691
10714
10738
10768
10792
10817
10852
10881
10919
10960
11095
11125
11154
11253
11275
11300
11332
11358
11382
11495
11529
11551
11896
11917
11938
11963
11989
12057
12083
12106
12128
12160
12181
12203
12234
12268
12305
12405
12426
12447
12470
12491
12514
12536
12567
12615
12643
12666
12689
12726
12765
12787
12828
12851
12880
12901
12922
12946
12985
13061
13083
13114
13142
13320
13345
13733
13754
13775
13797
13819
13842
13874
13907
13943
13970
13991
14017
14055
14271
14328
14352
14404
14449
14501
14530
14581
14613
14644
14868
14889
14925
14952
14989
15015
15037
15193
15215
15245
15283
15762
15788
15827
15906
15928
15949
16031
16052
16082
16122
16158
16179
16590
16619
16646
16673
16710
16749
16790
16817
16864
16890
16930
16974
17003
17030
17051
17080
17814
17922
17952
17994
18030
18098
18123
18144
18175
18197
18244
18313
18381
18413
18435
18456
18533
18554
18582
18604
18644
18691
18726
18783
18806
18827
18940
18979
19016
19039
19063
19803
19839
20108
20130
20154
20181
20203
20230
20265
20321
20345
20376
