# 1830, 266a840dbbea15eca2324d732a2b7a378120bcc52b0b6ab758fa64acb4a5f064.SC2Replay
4410
4449
4470
5507
5529
5557
5578
5612
5636
5664
5696
5718
5746
5770
5794
5830
5858
5884
5923
5944
5977
6000
6021
6126
6160
6189
6210
6235
6265
6286
6311
6335
6357
7204
7225
7246
7907
7934
7965
7990
8019
8040
8076
8098
8122
8146
8171
8481
8695
8726
8762
8797
8842
8874
8903
8926
8947
8968
9036
9058
9092
9115
9142
9163
9188
9220
9251
9276
9300
9357
9388
9413
9491
9520
9558
9713
9744
9924
9975
9996
10017
10047
10082
10105
10186
10210
10238
10260
10298
10331
10454
10677
10711
11017
11040
11101
11542
11570
11592
11834
11875
11912
11952
11984
12142
12175
12401
12425
12463
12500
12531
12555
12627
12656
12785
12815
12837
12859
12880
12905
12941
12977
13004
13042
13083
13145
13173
13812
13849
13871
13944
13983
14011
14034
14057
14084
14452
14499
14534
14563
14588
14651
14674
14701
14727
14748
14772
14794
14826
14852
14886
