# 933, 26d2e8f7d65c6280e5512f55deae40955a49c0528cb4be98b500282796cb1fe0.SC2Replay
6283
6684
6707
6741
6779
6952
7155
7176
7205
7227
7263
7299
7328
7352
7381
7404
7455
7829
7865
7902
7950
8048
8601
8650
8693
8715
8739
8797
8835
8858
8895
8928
8968
8991
9014
9047
9077
9110
9133
9156
9178
9209
9235
9281
9311
9338
9402
9438
9470
9502
9534
9565
9596
9635
9680
9706
9741
9762
9789
9826
9857
9889
9938
9965
10003
10155
10191
10235
10259
10284
10318
10365
10389
10427
10457
10486
10553
10586
10784
10824
10849
10870
10914
10958
10986
11086
11204
11256
11292
11327
11351
11377
11399
11420
11441
11479
11510
11532
11560
11583
11604
11631
11652
11677
11706
11731
11760
11782
11813
11836
11860
11940
11963
11992
12179
12277
12310
12363
12388
12409
12432
12461
12502
12879
12911
12935
12964
12998
13030
13052
