# 975, 15fafcc35f9791aa50ec831965597e0311c20f562c7e28751c1f1db407ef6221.SC2Replay
2849
2887
2908
3070
3091
3123
3151
3188
3228
3250
3274
3299
3335
3370
3410
3788
3818
3845
3881
3916
3937
4516
4537
4558
4583
4617
4870
4896
4921
4946
4978
4999
5020
5060
5098
5133
5164
5185
5258
5279
5315
5345
5368
5398
5436
5458
5483
5504
5533
5571
5602
5642
5667
5689
5716
5739
5766
5799
5830
5861
5890
5963
6100
6121
6147
6170
6191
6589
6618
6717
6738
6773
6809
6840
6873
6899
6939
6962
7000
7038
7076
7097
7118
7139
7160
7194
7215
7247
7322
7362
7384
7423
7462
7504
7534
