# 490, 26047ab1ead3748e149709c612f491241d2ddb43510e467c4747128db4234325.SC2Replay
4674
4698
4725
4761
5278
5332
5359
5384
5412
5433
5458
5498
5523
5557
5590
5619
5659
5681
5722
5744
5766
5792
5818
5845
5866
5893
5994
6022
6045
6075
6116
6137
6158
6183
6205
6226
6247
6283
6304
6328
7252
7273
7304
7335
7371
8966
8987
9012
9042
9072
9102
9129
9150
9174
9210
9355
9376
9406
9440
9461
9489
9521
9557
9580
9608
9631
9663
9833
9866
9900
10032
10056
10092
10119
10141
10169
10198
10265
10293
10314
10335
10360
10452
10479
10670
10692
10714
10760
10796
10819
10843
10866
10903
10924
10948
10973
11011
11050
11075
11100
11125
11148
11232
11265
11306
11345
11368
11507
11528
12127
12165
12189
12216
12241
13334
13357
13383
13415
13921
13948
14422
14445
14476
14515
14750
14793
14853
14882
14949
14983
15054
15081
15110
15134
15160
15188
15209
15233
15258
15280
15302
15329
15372
15448
15489
15515
15556
15579
15604
15631
15662
15689
15727
15755
15778
15800
15825
15846
15867
15981
16009
16043
16080
16116
16151
16589
16615
16637
16661
16685
16781
16809
16845
16886
16914
16943
18355
18382
18404
18431
18457
18494
18519
18540
18574
18612
18717
18742
