# 1073, 21cafb2b2adc1e77bd2fa9a6a944bf777536b19914d97ff98e031f81f2f2eae8.SC2Replay
3599
3620
4075
4149
4232
4302
4343
4374
4410
4459
4480
4504
4532
4594
4628
4659
4781
5675
5700
5881
5906
5927
5952
5991
6012
6040
6064
6092
6131
6159
6182
6210
6231
7469
7506
7562
7604
7647
7668
7708
7917
7957
7990
8038
8137
8163
8187
8216
8245
8291
8312
8334
8355
8410
8444
8483
8504
8527
8558
8579
8618
8644
8682
8703
8741
8764
8799
8834
8858
8879
8902
8924
8949
8976
9009
9030
9064
9085
9109
9713
9734
9757
9790
9814
9842
9863
9886
9908
9939
9960
9983
10004
10025
10052
10078
10260
10290
10318
10347
10373
10414
10451
10475
10497
10537
10570
10591
10612
