# 1668, 03c72a504f69eb59551ff17793174b9847ea79981b8a0dd7c35bcc62c8f53eba.SC2Replay
4823
5151
5481
5862
6367
6391
6415
6440
6467
6498
6530
6566
6597
6627
6654
6676
6701
7263
7415
7450
7536
7559
7581
7618
7648
7670
8036
8085
8116
8137
8170
8300
8329
8381
8413
8442
8476
8512
8541
8562
8589
8640
8670
8708
8833
8870
8919
8967
8988
9009
9043
9069
9100
9138
9161
9185
9206
9228
9265
9295
9655
10038
10072
10110
10134
10188
10411
10509
10532
10553
10574
10602
10627
10668
10709
10732
10754
10778
10812
10834
10856
10878
10900
10926
10963
10994
11033
11074
11547
11570
11602
11630
11654
11684
11705
11727
11768
11806
11831
11872
11901
11924
11946
12055
12103
12127
12151
12176
12203
12230
12252
12284
12315
12340
12367
12396
12429
12450
12478
12500
12532
12553
12574
12634
12660
12829
12850
12882
12909
12932
12962
