# 1654, 1a1e7a22f0767c49b51284a7625acd6c2188a81ae7df041384d0ac5bd2ff8012.SC2Replay
5063
5097
5120
5158
5182
5205
5235
6422
7494
7534
7634
7659
7680
7707
7738
7767
7801
7829
7855
7891
8064
8086
8125
8175
8212
8235
8256
8280
8306
8336
8361
8385
9352
9376
9516
9543
9572
9628
9654
9678
9929
10032
10297
10326
10347
10375
10468
10491
10524
10566
10595
10653
10688
10798
10838
10870
10901
10931
10957
10980
11001
11083
11109
11147
11194
11235
11263
11284
11310
11348
11391
11448
11478
11501
11527
11556
11580
11617
11657
11729
11754
11775
11804
11827
11873
11910
11937
11961
12004
12043
12071
12224
12245
12281
12302
12336
12370
12414
12438
12471
12503
12524
12547
12624
12651
12682
12718
12785
12982
13025
13049
13085
13109
13158
13305
13340
13364
13385
13415
13441
13474
13498
13526
13559
13581
13611
13644
13665
13707
13729
13759
13782
13859
14125
14152
14179
14678
14776
14809
14837
14873
14894
14915
14936
15909
15939
16000
16022
16045
16067
16088
16110
16133
16162
16183
16211
16236
16274
16296
17088
17111
17133
17157
17198
17226
17249
17289
17327
17461
17496
17518
17539
17578
17674
17702
17739
17760
17781
17805
