# 73, 1d429ebcdcfd8b22a9e2ad05a11f13abc56d85401c425d1f61722c79844e9cd2.SC2Replay
3750
3771
4521
4555
4589
4625
4658
4744
4776
4816
4841
4864
4958
4983
5100
5193
5220
5246
5286
5313
5335
5384
5436
5474
5495
5520
5541
5569
5606
5632
5661
5701
5729
5751
5779
5820
5842
5876
5906
5928
5952
6387
6850
6948
6972
7012
7039
7346
7387
7408
7429
7450
7471
8295
8330
8356
8664
8698
8726
8747
8770
8791
8812
8833
8859
8892
8923
9032
9086
9107
9128
9168
9209
9236
9259
9291
9318
9346
9368
9393
9433
9461
9484
9505
9536
9801
9828
9924
9950
9987
10025
10142
10178
10201
10222
10250
10275
10312
10333
10355
10387
10422
10447
10469
10490
10527
10548
10637
10659
10683
10704
10733
10760
10781
10804
10828
10850
10871
10892
10914
10949
10971
10992
11014
11042
11071
11101
11338
11365
11400
11437
11463
11492
11524
11562
11586
11615
11638
11666
11691
11725
12500
12530
12556
12585
12608
12801
12840
12877
12904
12929
12970
13068
16760
16804
16843
16867
17050
17182
17231
17300
17353
17629
17828
17865
17891
17920
17961
17986
18026
18058
18096
18143
18238
18262
18380
18403
18427
18449
18808
19161
19308
19384
19540
19574
19607
19640
19671
19702
19731
19755
19784
19824
19847
19868
19889
19910
19948
20004
20298
20322
20399
20424
20447
20472
20493
20518
20539
20560
20585
20777
20934
21443
21802
22102
22368
22420
22683
22898
22921
22960
22983
23024
23057
23086
23610
23701
23735
23768
23836
23875
23915
23938
23977
24053
24082
24108
24141
24165
24200
24221
24243
24279
24309
24334
24363
24389
24420
24444
24465
24950
24980
25015
25052
25078
25099
25128
25151
25179
25204
25233
25256
25279
25302
25324
25352
25388
25413
25439
25460
25484
