# 186, 13ac34133a8fa103ad0037a257259833b6e602f8d7272d0447d0fad2a2f17c1c.SC2Replay
2677
2919
3071
3174
3435
3475
3529
3553
3909
3956
4041
4062
4098
4124
4150
4172
4199
4221
4251
4277
4312
4334
4359
4398
4433
4454
4488
4522
4551
4651
5148
5344
5696
5825
5846
5868
5941
5973
5999
6031
6071
6103
6140
6178
6199
6231
6255
6288
6329
6350
6371
6392
6415
6446
6468
6492
6513
6543
6632
6661
6687
6711
6738
6761
6788
6811
6835
6859
6888
6909
6930
7174
7198
7219
7242
7263
7303
7328
7410
7450
7475
7520
7542
7564
7585
7623
7644
7665
7688
7729
7769
7794
7830
7857
7890
7912
7942
7965
7993
8870
8891
8925
8963
8985
9017
9044
9105
9135
9160
9187
11544
11571
11595
11627
11648
11715
11740
