# 1757, 0ededb97a4bc0cd8f1e74d3ad6128875a0fe333a830e85f70634bd6c095ae866.SC2Replay
4170
4813
6491
6919
6944
6970
6992
7019
7333
7355
7383
7408
7432
7465
7489
7519
7549
7581
7605
7939
7961
7994
8033
8063
8090
8111
8132
8156
8181
8202
8233
8255
8281
8306
8332
8359
8392
8419
8442
8470
8494
8517
8549
8570
8594
8621
8648
8673
8696
8736
8781
8806
8832
8853
8874
8908
8943
8968
9021
9049
9071
9102
9123
9147
9168
9204
9229
9254
9356
9379
9400
9500
9524
9562
9584
9654
9677
9706
9729
9751
9773
9805
9841
9866
9890
9974
9995
10017
10042
10063
10103
10181
10218
10253
10294
10325
10348
10371
10411
10448
10484
10514
10542
10565
10597
10618
