# 623, 0c292e17965810da7f0569d38c6da57cd7b1838ce3d6bebd7fac30671515b18d.SC2Replay
3042
3070
3097
3392
3415
3443
3474
3518
3541
3564
3591
3614
3641
3662
3698
3731
4230
4347
4370
4409
4431
4454
4475
4501
4550
4572
6411
6449
6520
6542
6958
7093
7117
7140
7168
7191
7219
7254
7283
7306
7330
7385
7413
7758
7793
7818
7864
7895
7916
7941
7965
8002
8036
8061
8092
8131
8171
8208
8249
8273
8310
8333
8358
8398
8433
8467
8905
8949
8973
9014
9770
9798
9824
10683
10713
10851
10877
10948
10999
11358
11395
11431
11862
11883
11907
11929
12147
12283
12309
12337
12415
12437
12465
13127
13161
13183
13210
13232
13265
13286
13335
13362
13414
13437
13466
13498
13519
13543
13566
15281
15311
15334
15362
15641
15662
15701
15735
15917
15939
16072
16095
16123
16149
16175
16205
16470
16493
16525
16558
16581
16779
16800
16837
16874
16905
16927
16954
16990
17013
17034
17065
17088
17118
17152
17238
17264
17287
17308
17330
17351
17372
18118
18143
18176
18197
18218
18343
18383
18410
18444
18465
18486
18523
18545
19436
19472
19499
19717
19739
23689
23757
23787
24074
24102
24125
24147
24349
24370
24397
24425
25106
25145
25171
25192
25246
25277
25318
25343
25448
25469
25582
25677
25724
25749
25787
25845
25871
25909
25965
25988
26011
26046
26076
26099
26120
26141
26180
26201
26228
26252
26284
26314
26335
26356
26377
26408
26447
26481
26503
26534
26557
26578
26601
26623
26659
26696
26718
26754
26782
26819
26847
26870
26907
26929
26963
26984
27008
27040
27078
27105
27127
27151
27174
27210
27236
27274
27295
27326
27363
27388
27412
27437
27461
27488
27509
27531
27554
27577
27600
27626
27664
27686
27707
27731
27752
27841
27862
27888
28049
28075
28097
28120
28148
28183
28224
28261
28285
28306
28330
28361
28403
28433
28463
28484
28556
28577
28812
28833
28856
28884
28920
