# 1801, 0aeeb33ae8605b1fb8c13a65f9dc7f5ade0d48644c28f249c95c485690eaebce.SC2Replay
2345
2381
2415
2441
2925
2948
3050
4343
4368
4400
4421
4442
6136
6201
6570
6597
6618
6679
6706
6736
6812
6838
6929
6951
6984
7007
7030
7051
7079
7103
7133
7157
7179
7202
7223
7254
7276
7300
7340
7373
7407
7442
7469
7497
7519
7544
7566
7588
7624
7651
7676
7698
7720
7754
7782
7807
7830
7857
7885
7924
7946
7980
8017
8054
8094
8124
8156
8194
8224
8250
8276
8314
8341
8371
8396
8417
8455
8493
8528
8552
8573
8596
8623
8653
8691
8713
8737
8777
8815
8840
8878
8900
8925
8957
8978
9017
9045
9074
9135
9160
9186
9219
9257
9280
9314
9335
9357
9383
9418
9443
9480
9514
9553
9590
9625
9650
9672
9712
9746
9782
9813
9841
9862
