# 1644, 0297f78db186c1b945ed6edf911feff2e3327a9867c02aaa6b0c3a109c45084c.SC2Replay
4843
4865
5110
5136
5159
5520
5543
5567
5588
5613
5635
5658
5682
5712
5750
5779
6522
6544
6567
6594
6615
6639
6669
6694
6724
6760
6801
6823
7510
7534
7556
7585
7606
7628
7651
7673
7708
7735
7843
7867
7888
8179
8203
8234
8255
8276
8297
8333
8366
8389
8412
8448
8483
8954
8977
9010
9051
9072
9093
9114
9138
9159
9189
9216
9244
9269
9300
9322
9348
10065
10088
11395
11424
11448
11474
11496
11526
11870
11905
12232
12265
12344
12386
12526
12632
12656
12679
12701
12722
14499
14578
15491
15530
15565
16195
16223
17627
17655
17690
17729
17751
17781
17811
17843
17865
17887
17941
18056
18149
18175
18201
18270
18307
18358
18383
18430
18452
18485
18507
18531
18552
18574
18605
18631
18652
18673
18696
18718
18745
19212
19408
19447
19726
20450
20476
20777
20798
20821
20857
20879
20902
20934
20970
21004
21104
21128
21164
21189
21227
21575
21607
21638
21674
22136
22163
22187
22223
22844
23129
23170
23197
23218
23503
23534
23573
23597
24220
24246
24283
24307
24422
24443
24481
24510
24551
24619
24714
25075
25108
25142
25472
25495
25516
25557
25578
25619
25650
27099
27126
27154
27187
27211
27271
27300
27328
27354
27380
27403
27431
27470
27503
27526
27558
27634
27660
27681
27927
27956
28178
28201
28231
28253
28287
28310
28337
28370
28400
28437
28469
28494
28520
28542
28564
28590
28613
28639
28672
28713
28747
28775
28805
28844
28865
28890
28919
28941
28970
29008
29033
29069
29091
29118
29156
29185
29215
29240
29267
29302
29343
29367
29400
29429
29453
29499
29522
29549
29571
29593
29630
29663
29688
29713
29736
29766
29789
29813
29850
29888
29913
29941
29968
29998
30024
30045
30066
30087
30113
30137
30161
30184
30206
30229
30252
30275
30307
30328
30352
30374
30406
30431
30455
30493
30520
30551
30580
31277
31299
31327
31351
31373
31396
31429
31451
31473
31513
31549
31570
31594
31623
31644
31684
31711
31736
31776
31800
31827
31849
31871
31899
31932
31970
32019
