# 1178, 1d27625dc919c16169bb75ccd8cafa340874621877998398142df1e4606489cc.SC2Replay
7300
7327
7349
7373
7394
7420
7442
7465
7491
7523
7553
7578
7610
7632
8496
8522
8544
9053
9075
9262
9291
9319
9348
9373
9396
9427
9451
9480
9501
9538
9564
9605
11878
11913
11950
11982
12009
12219
12272
12344
12377
12743
12828
13468
13664
13699
13833
13871
13893
13917
13940
13985
14021
14736
15659
15752
15786
15821
15853
15884
15918
15949
15990
16033
16231
16259
16511
16550
16622
16658
16687
16759
16787
16814
16851
16880
16917
16969
17012
17141
17165
17186
17207
17243
17345
17567
17627
17846
17985
18007
18035
18067
18107
18140
18164
18191
18219
18248
18280
18311
18347
18380
18402
18437
18534
18562
18599
18625
18647
18672
18702
18734
18758
18780
18922
18944
18981
19008
19033
19054
19085
19110
19141
19181
19204
19225
19246
19284
19311
19337
19359
19424
19635
19661
19701
19769
19791
19822
19929
19968
20000
20040
20066
20124
20186
20227
20252
20294
20353
20411
20784
20810
20840
20872
20897
20923
20958
21120
21145
21167
21386
21411
21446
21528
21651
21698
21766
21789
21838
21899
21954
21975
22030
22091
22120
22146
22174
22197
22230
22253
22275
22300
22339
22361
22386
22411
22435
22458
22489
22518
22550
22589
22629
22665
22688
22711
22735
22764
22799
22828
22852
22878
22911
22935
22962
22984
23011
23038
23075
23099
23129
23155
23177
23199
23226
23264
23289
23330
23353
23382
23413
23449
23478
23506
23538
23565
23617
23640
23667
23696
23861
23885
23908
23930
23960
23988
24021
24042
24074
24102
24138
