# 1806, 18d6aaed6ded1acdb423aa0f41e39667939ffa899a80d87dad661398da09329f.SC2Replay
5472
5568
5591
5617
5639
5662
8129
8158
8183
8383
8998
9021
9060
9086
9109
9145
9166
9195
9218
9244
9311
9341
9365
9387
9409
9430
9467
9493
9515
9753
9784
10062
10116
10296
10345
10586
10613
10642
10665
10692
10716
10751
10772
10800
10821
10847
10871
10908
11178
11730
11756
11778
11814
11854
12618
12644
12669
12692
12713
12750
12773
12979
13013
13039
13071
13108
13131
13153
13175
13208
13237
13276
13460
13500
13538
13567
13604
13644
13727
13758
13821
13855
13876
14184
14227
14250
14288
14317
14348
14374
14464
14495
14521
14543
14566
14698
14724
14762
14789
14837
14878
14905
15264
15288
15320
15343
15561
15587
15629
15653
15684
15712
15743
15765
15925
15953
15975
16183
16204
16225
16257
16290
16317
16344
16366
16391
16412
16433
16454
16475
16498
16526
16549
16575
16613
16644
16672
16697
16760
16784
16814
16846
16870
16894
16925
16946
16976
17000
17028
17052
17092
17113
17138
17162
17195
17216
17238
17268
17305
17331
17362
17392
17413
17444
17472
17500
17929
17962
17988
18172
18296
18324
18712
18743
18779
18895
18927
18984
19010
19044
19070
19096
19125
19149
19179
19218
19259
19292
19316
19348
19369
19400
19425
19504
19525
19556
19588
19617
19649
