# 846, 13b197a1cfdc45cc75bf0473ea7b7586eaf1761a6921e19538378035baa3faee.SC2Replay
2200
2229
2257
2287
4665
4750
4785
4819
4857
4883
4914
4935
4956
4986
5009
5033
5054
5092
5130
5156
5356
5381
5404
5442
5480
5504
5527
9076
9111
9134
9159
9228
9249
9281
9309
9330
9351
9383
9404
9430
9454
9490
9519
9551
9581
9603
9627
9655
9683
9722
9763
9792
9823
9859
9892
9915
9936
9957
9979
10015
10056
10768
10796
10825
10849
10875
10898
10920
10948
10986
11007
11043
11064
11103
11124
11146
11170
11210
11246
11267
11289
11812
12075
12097
12125
12159
12198
12239
12264
12286
12747
12853
12878
12921
12950
12976
13006
13047
13239
13260
13873
13936
13977
14014
14037
14066
14093
14133
14162
14211
14241
14265
14299
14323
14349
14370
14391
14420
14443
14466
14488
14522
14556
14577
14603
14639
14660
14686
14713
14734
14770
14794
14815
14855
15315
15379
15447
15512
15533
15554
15791
15818
15839
15860
15889
15926
16034
16080
16111
16136
16173
16223
16260
16298
16330
16351
16377
16417
16458
16485
16522
16546
16570
16596
16617
16639
16660
