# 427, 1f5987dce1f3772a8e5b870e969e408263587c8a8f8b1ce32793781ed4c3ef51.SC2Replay
8933
8992
9049
9192
9217
9248
9269
9295
9319
9354
9391
9431
9458
9492
9529
9555
9704
9728
9751
9772
9793
9817
9853
9901
9923
9946
9968
9997
10021
10045
10098
10119
10145
10166
10187
10365
10390
10412
10436
10470
10491
10518
10545
10570
10591
10615
10637
10658
10688
10723
11611
11632
11659
11692
11748
11787
11822
11844
11871
11941
11977
11998
12024
12065
12097
12126
12157
12178
12201
12233
12254
12284
12432
12457
12496
12521
12544
12581
12605
12654
12683
12706
12730
12780
12807
12830
12861
12888
12913
12935
12957
12996
13018
13043
13065
13086
13203
13896
13939
13977
14001
14022
14047
14072
14094
14116
14139
14161
14182
14205
14230
14254
14279
14300
14340
14361
14382
14881
14905
14928
14985
15012
15225
15259
15292
15319
15838
15879
15944
16588
16609
16630
16713
17786
17808
17837
17872
17914
17937
17969
17990
18013
18039
18064
18091
18468
18490
18521
18549
18572
18593
18618
18652
18678
18705
18732
18753
18774
18797
18825
19149
19170
19192
19221
19272
19574
19596
19627
19652
19674
19695
19723
19756
19794
19832
19922
19946
19978
20067
20095
20132
20162
20183
20204
20234
20262
20285
20309
20335
20357
20382
20407
20441
20464
20493
20531
20566
20588
20617
20642
20665
20704
20756
20777
20802
20837
20866
20897
20935
20969
20994
21037
21071
21095
21116
21139
21160
21186
21322
21355
21376
21400
21435
21465
21486
21517
21539
21573
21601
21623
21648
21671
21702
21725
21746
21769
21798
22173
22242
22264
22395
22419
22443
22474
22505
22538
23538
23576
23608
23629
23670
24393
24419
24450
24565
24586
24611
25261
25452
25476
25508
25531
25553
25939
25960
25991
26021
26232
26260
26772
26796
26820
27608
27633
28342
28363
28422
28454
28735
28760
28782
28803
28826
28850
28880
28908
29226
29253
29274
29295
29316
29358
29380
29404
29425
29465
29500
29530
29552
29579
29609
29638
29674
29696
30146
30174
30207
30231
30253
30623
30644
30666
30694
30723
31312
31334
31362
31386
31418
31439
31600
31638
31909
32019
32048
32080
32121
32145
32426
32461
32491
32512
