# 1792, 157709c175b27d0337f8b784bc6974aac885b29686933c49d733176d0bc1da71.SC2Replay
2642
2686
2799
2869
3001
3077
3415
3556
3605
3639
3671
3703
3731
3768
3795
3832
3853
3874
3897
3938
3971
4005
4178
4359
4382
4406
4447
4487
4785
4954
5015
5334
5370
5400
5432
5458
5479
5511
5534
5573
5602
5625
5648
5671
5692
5717
5741
5763
5784
5806
5837
5859
5896
5924
6041
6079
6104
6128
6601
6722
6745
6768
6807
6835
6859
6889
6910
6939
7075
7114
7187
7675
7696
7719
7756
7787
7808
7834
7869
7894
7921
7969
8169
8290
8553
