# 574, 12c2065376df21a7daa3225110c322439ba99f2a3850e7233adbf6474c55aafc.SC2Replay
3381
4467
4488
4528
4572
4617
4655
4698
5636
5663
5693
5749
5859
5891
5915
5954
5991
6039
6069
6107
6148
6200
6413
6453
6505
6537
6563
6635
6656
6704
6729
6762
7097
7125
7237
7259
7303
7385
7439
7465
7587
7618
7677
7721
7770
7827
7914
7950
8209
8240
8263
8285
8371
8395
8419
8495
8532
8589
8753
8814
8874
8906
8944
8966
8987
9058
9079
9110
9136
9165
9193
9301
9339
9481
9502
9535
9559
9581
9770
9801
9827
9858
9880
10654
10675
10699
10777
10803
10825
10854
10891
10912
10933
10975
10998
11290
11322
11357
11379
11403
11438
11461
11499
11522
11556
11595
11625
11677
11700
11772
11806
11828
11850
11882
12291
12317
12341
12418
12457
12485
12518
12601
12636
12858
12941
12996
13032
13596
13698
13719
13740
13796
13830
13980
14093
14308
14329
14354
14379
14400
14571
14593
14627
14650
14686
14714
14738
