# 1161, 0af04d1ce4f58ce517bdd200a7d7bf950bf2ed265325620b1ed6c8636a679b34.SC2Replay
4227
4267
4291
4534
4573
4594
4617
4645
4670
5001
5030
5062
5083
5120
5144
5239
5264
5292
5327
5414
5443
5464
5485
5507
5544
5578
5607
5645
10763
10792
10821
10850
10884
10907
10939
10964
10993
11014
11052
11087
11115
11136
11211
11249
11274
11297
11331
11352
11379
11407
11435
11460
11481
11518
11543
11565
11586
11607
11981
12012
12423
12453
12475
12510
12936
12973
12997
13020
13172
13194
13235
13272
13294
13327
13361
13384
13453
13487
13663
13686
13717
13743
14163
14211
14239
14280
14330
14352
14396
14418
14471
14507
14533
14559
14751
14772
15240
15271
15296
15318
15357
15381
15422
15543
15569
15600
15633
15656
15694
15760
15781
15812
15842
15870
15903
15944
15969
16007
16028
16049
16070
16108
16306
16331
16359
16385
16408
16435
16464
16492
16514
16555
16586
16610
16648
16670
16692
16723
16747
16772
16802
17085
17108
17143
17170
17191
17212
17249
17285
17313
17340
17368
17406
17429
17455
17480
17512
17542
17563
17587
17613
17634
17655
17686
17711
17818
17858
17884
17921
17947
17987
18026
18061
18092
18116
18137
18250
18279
18307
18346
18374
18402
18425
18450
