# 1590, 11e0b231e242fcb757e6d16ca241182026f78e42fc08e76d10295f4ff884fdf9.SC2Replay
4197
4226
4247
4270
4611
4656
4681
4803
4887
4909
4958
4982
5089
5117
5153
5194
5215
5239
5277
5308
5361
5631
5652
5673
5694
5716
5798
5823
5853
5985
6032
6102
6129
6158
6347
6415
6489
6515
6536
6637
6662
6712
6734
6756
6777
6799
6827
6848
7113
7134
7162
7296
7336
7369
7398
7428
8831
8866
8897
8933
9133
9166
9197
9223
9263
9286
9309
9337
9939
9975
10001
10032
10054
10075
10098
10261
10286
10315
10338
10654
10681
10703
10727
10754
10785
10806
10830
10865
10887
10920
10949
10970
11314
11340
11668
11692
11713
11762
11835
11987
12371
12398
12579
12655
12940
13153
13179
13242
13374
13396
13420
13441
13482
13504
13575
13616
13637
13680
13703
13767
13937
13967
14065
14138
14292
14446
14468
14710
14731
14767
14790
14813
14840
14866
15024
15051
15086
15112
15135
15171
15198
15227
15256
15279
15302
15339
15361
15395
15435
15719
15763
15988
16009
16211
16260
16303
16336
16426
16911
16945
16973
17006
17027
17059
17084
17469
17496
17650
17684
17723
17960
17981
18017
18040
18065
18091
18161
18190
18449
18476
18499
19448
19648
19689
20068
20101
20122
20146
20179
20205
20235
20261
20296
20318
20787
21407
21772
21823
21847
21876
21907
21933
21966
21987
22014
22036
22069
22102
22137
22347
22392
22457
22565
22593
22718
22739
22762
22937
22983
23056
23081
23156
23181
23215
23268
23306
23331
23367
23388
23429
23468
23509
23532
23556
23577
23600
23639
23661
23686
23711
23734
23940
23965
23992
24013
24035
24111
24451
24491
24521
24557
24593
24615
24639
24678
24712
24750
24788
24820
24846
24882
24911
24943
24978
24999
25022
25043
25073
25106
25139
25177
25209
25246
25276
25297
25323
25349
25381
25407
25525
25563
25591
25681
25989
26055
26109
26152
26385
26504
26975
26996
27098
27162
27714
27835
27866
27894
27931
27994
28385
28410
28438
28479
28505
28534
28559
28595
29426
29887
29911
29934
30271
30295
30744
30774
30811
30993
31173
31217
31240
31267
31289
31358
31379
32194
32219
32245
32276
32301
32333
32355
32379
33186
33288
