# 136, 0e18e76f609ac693b02f4c1ad1481b26172086aafe9201396c8033fdcd4f6404.SC2Replay
7707
7729
7755
7785
7806
7841
7879
7954
7998
8019
8051
8087
8108
8129
8151
8172
8211
8307
8346
8548
8571
8606
8640
8661
8766
8799
8820
8842
8865
8890
8911
8934
8955
8984
9023
9048
9146
9167
9191
9284
9308
9331
9355
9385
9418
9494
9516
9716
9799
9825
9856
9879
9901
10037
10077
10109
10234
10261
10296
10317
10394
10475
10503
10532
10553
10576
10604
10638
10663
10696
10730
10756
10780
10982
11009
11039
11061
11082
11103
11137
11165
11195
11220
11243
11273
11294
11324
11576
11597
11619
11646
11674
11695
11716
11876
11912
11933
11965
11987
12017
12040
12070
12104
12144
12216
12238
12307
12349
12380
12414
12441
12478
12501
12523
12549
12574
12601
12633
12672
12711
12747
12772
12793
12815
12836
12858
12890
12923
12948
12970
12991
13019
13042
13069
13097
13121
13142
13177
13202
13237
13263
13528
13556
13953
14057
14082
14104
14131
14155
14388
14718
14959
14983
15008
15031
15299
15337
15361
15401
15501
15759
15920
16045
16069
16468
16652
16703
17151
17182
17229
17640
17768
17922
17946
17983
18004
18077
18108
18134
18175
18205
18235
18258
18516
18551
18652
18746
