# 223, 063e6763e257ab6536ee9e3204e29c86f184924080202bfa8dbbbaa0de66403e.SC2Replay
4020
5343
5364
6159
6185
6283
6314
6355
6381
6409
6446
6469
6603
6640
6683
7355
7385
7417
7439
7477
7505
7544
7574
7606
7629
7656
7678
7856
7896
7918
7974
8002
8035
8080
8211
8259
8292
8318
8422
8552
8587
8616
8659
8685
8736
8761
8791
8825
9202
9242
9272
9312
9340
9370
9405
9467
9501
9770
9815
9843
9870
9891
9975
10011
10046
10069
10097
10820
10858
10881
10906
10940
10975
11027
11068
11108
11163
11240
11272
11312
11338
11370
11399
11423
11481
11518
11610
11650
11677
11719
11762
11970
11999
12045
12145
12166
12227
12265
12300
12332
12356
12516
12562
12585
12624
12657
12685
12712
12922
12947
13004
13042
13091
13119
13160
13741
13800
13844
13872
13905
14383
14428
14449
14488
14512
14535
14564
14587
14610
14652
14844
14890
14915
14948
15014
15046
15097
15130
15276
15298
15346
15405
15459
15483
15522
15549
15578
15601
15746
15769
15797
15826
15861
15887
15924
15959
15986
16017
16040
16065
16088
