# 1009, 1d48fcfeacd202e493e79a92d238934cc4968e1c28c7a435fe8530def08caee1.SC2Replay
2824
2886
2912
3574
4400
4421
4445
4470
5416
5443
5464
5486
5511
5532
5558
5589
5629
5654
5682
5706
7119
7148
7906
7970
8083
8114
8149
8291
8332
8354
8470
8499
8535
8566
8592
8647
8673
8702
8724
8761
8812
8863
8890
8911
8932
8962
8993
9024
9045
9067
9093
9142
9165
9271
9458
9479
9643
9672
9701
9722
9743
9771
9794
9816
9839
9868
9898
9921
10094
10121
10223
10246
10270
10410
10438
10478
10513
10939
11102
11132
11153
11250
11477
11507
11618
11816
11858
11883
12361
12388
12409
12885
13427
13502
13528
13561
13594
13619
13909
13933
13954
13975
14004
14025
14055
14092
14143
14164
14185
14239
14283
14312
14366
14401
14422
14520
14549
14590
14679
14709
14740
14764
14863
14899
14920
14941
14963
15002
15209
15237
15264
15291
15327
15367
15392
15415
15460
15483
15508
15530
15563
15584
15609
15649
15687
15712
15738
15766
15799
15825
15852
15884
15913
15936
15968
15989
16075
16152
16202
16225
16274
16344
16376
16399
