# 1573, 26a9b46b4d92349a15706098cbe8ea591f38b8fd862083fc9c69eded35177f1d.SC2Replay
9488
9521
9551
9581
9619
9646
9687
9720
11989
12015
12038
12060
12088
12119
12148
12172
12197
12225
12256
12287
12309
12332
12354
12378
12404
12426
12447
12471
12493
13098
13123
13144
13172
13205
13230
13251
13273
13296
13323
13344
13368
13405
13429
13468
13503
13534
13560
13598
15266
15300
15331
15372
15393
15414
15435
15476
15497
16414
16440
16526
16566
16587
16615
16646
16671
16695
16731
16767
16972
16993
17020
17047
17075
17107
17416
17438
17460
17484
17505
17527
17559
17597
17623
17658
17699
17731
17765
17803
17827
17851
17875
17902
17939
17968
18001
18033
18064
18216
18237
18275
18302
18327
18362
18397
18433
18458
18497
18520
18561
18601
18625
18647
18670
18693
18733
18754
18776
18802
18827
18856
18881
18906
20026
20053
20082
20114
20139
20165
20204
20245
20277
20314
20335
20356
20396
20429
20450
20490
20516
20548
20574
20613
20642
21055
21079
21106
21143
21180
21202
21233
21261
21287
21318
21339
21360
21385
21414
21437
21476
21502
21543
21574
21595
21619
21650
21673
21704
21726
21749
21772
21806
21827
21849
21870
21893
21923
21944
21967
21991
22617
22640
22672
22694
22721
22748
22781
22804
23066
23088
23110
23131
23152
23178
23207
23233
23260
23297
23329
23355
23377
23411
23451
23476
23500
23523
23557
23587
23619
23646
23681
23722
23759
23781
23807
23831
23852
23876
23900
23925
23946
23973
23995
24020
24044
24074
24138
24163
24194
24217
24251
24272
24293
24314
24337
24358
24389
24410
24438
24467
24489
24513
24536
24558
24579
24600
24631
