# 719, 179ac83b3e61653e4b7c9c4dcc43d344828b4789fd8cf6b67d26c1199d86cdc0.SC2Replay
2843
2864
3785
3809
3887
3934
4161
4184
4207
4237
4785
4848
5241
5578
5602
5674
5699
5741
5854
5881
5905
5997
6081
6192
6216
6248
6522
6551
6817
6838
6911
6990
7011
7056
7108
7209
7283
7307
7397
7418
7544
7566
7603
7626
7649
7670
7698
7721
7759
7806
7835
7869
7909
7945
8018
8042
8223
8844
8881
8902
8934
8974
9008
9035
9060
9133
9194
9506
9545
9661
9703
9897
9936
9957
9989
10010
10042
10066
10099
10126
10147
10173
10197
10234
10256
10449
10541
10600
10672
10997
11033
11059
11105
11144
11166
11240
11271
11382
11406
11451
11483
11519
12030
12202
12225
12246
12267
12540
12631
12685
12881
13081
13603
14128
14164
14197
14243
14265
14311
14382
14852
14954
15137
15168
15206
15752
15782
15815
15843
15868
15891
15923
15946
15968
16012
16124
16455
16477
16597
16647
16687
16708
16731
16754
16786
16814
16839
16863
16890
16919
16956
16981
17005
17035
17060
17141
17169
17209
17233
17695
17724
17765
17790
17888
17915
18142
18163
18194
18233
18257
18289
18310
18598
18696
18736
18772
18794
18851
18881
18904
18931
19054
19075
19111
19151
19200
19236
19260
19298
19320
19343
19373
19394
19420
19444
19467
