# 480, 0eeef5d22c1657e2f9dcbd8059194ac9f23a39f61d70c92ba6298169fe0fd15a.SC2Replay
4520
4549
4578
4606
4629
4663
4684
4706
4738
4988
5129
5151
5187
5209
5230
5287
5325
5348
5374
5395
5654
5688
5726
5757
5783
5807
5833
5861
5888
5947
5973
6001
6022
6048
6084
6109
6138
6299
6328
6351
6385
6410
6436
6460
6499
6524
6622
6656
6679
6705
6733
6770
6805
6843
6875
6901
6930
6967
8186
8212
8240
8270
8478
8503
8535
8574
8609
12613
12671
12700
12770
12793
12821
12844
12868
12891
12913
12938
12960
12989
13016
13038
13060
13489
13514
13585
13751
13773
13814
13846
13867
13891
13930
13955
13977
13999
14027
14050
14078
14846
14876
15151
15185
15207
15241
15269
15292
15327
15366
15393
15429
15457
15479
15502
15523
15544
15580
15676
15698
15726
15756
15800
15825
15849
15870
15892
15914
15936
15957
15979
16018
16043
16071
16095
16121
16142
16164
16185
16207
16236
16259
16281
16308
16334
16359
16398
16420
16441
16470
16500
16524
16577
16598
16628
16653
16686
16722
16753
16775
16808
16836
16866
16890
16916
16938
16959
16982
17016
17037
17071
17094
