# 131, 0a726afb227e3c5c4ee0742e5ea606d22c2b30f09967ad4ee891c41134f037ae.SC2Replay
1182
1206
1238
1423
1523
1842
1884
1962
2182
3092
3981
4491
4931
5449
5602
5668
5714
5763
6040
6394
6422
6453
6476
6574
6615
6758
6785
6807
6970
7067
7138
7237
7398
7504
7595
7910
8163
8214
8336
8425
8464
8486
8538
8739
8774
8837
8924
9356
9381
9445
9468
9518
9632
9684
9753
9787
9809
9834
9864
9930
10025
10092
10183
10234
10275
10310
10344
10370
10409
10431
10463
10489
10511
10532
10571
10692
10929
11000
11094
11366
11411
11432
11548
11569
11650
11714
11822
11846
11874
11954
12002
12125
12217
12418
12457
12528
12562
12615
12806
12885
12928
13013
13038
13083
13104
13131
13155
13182
13209
13242
13263
13292
13319
13381
13404
13426
13462
13497
13545
13578
13613
13647
13669
13690
13730
13759
13804
13861
13892
13948
13979
14024
14064
14103
14155
14192
14226
14255
14285
14324
14365
14386
14446
14471
14498
