# 1455, 0c568a149aeed4e2c0089367c302036435d70e13dfdfc77a9425d373e5b15243.SC2Replay
4897
4933
4963
4991
5017
5058
5097
5123
5147
5169
5614
5713
5747
5785
5820
5842
5868
5893
5976
6017
6055
6089
6110
6131
7008
7037
7516
7636
7882
7954
8009
8288
8311
8340
8459
9708
9772
9806
10194
10219
10353
10410
10431
10607
10634
10656
10680
10795
10855
11091
11138
11188
11306
11802
12227
12261
12286
12307
12337
12370
12497
12538
12738
12765
12786
12808
12850
12882
13296
13319
13349
14185
14209
14234
14261
14291
14315
14440
14469
14664
14701
14725
14760
15010
15042
15105
15179
15207
15236
15265
15286
15308
15331
15352
15378
15406
15429
15452
15473
15495
15518
15622
15651
15758
15781
15877
16029
16060
16986
17010
17127
17327
17363
17389
17412
17440
17463
17485
17618
17653
17733
17773
17802
17840
17869
17979
18011
18032
18063
18086
18116
18142
18179
18218
18241
18267
18374
18440
18542
18580
18861
18884
18914
18944
18984
19008
19033
19095
19274
19303
19335
19365
19404
19435
19457
19483
19512
19548
19702
19724
19753
20093
20466
20507
20534
20564
20585
20606
20633
20673
20709
20745
20766
20788
20812
20841
20874
20915
20938
20960
20992
21033
21070
21152
21529
21562
21619
21737
21760
21785
21815
21886
21925
21950
22033
22286
22313
22415
22445
22481
22507
22532
22554
22575
22596
22618
22988
23012
23041
23159
23181
23217
23279
23307
23332
23356
23394
23415
23553
23579
23616
23645
23696
23815
23840
23863
23895
23916
23950
23990
24022
24423
24447
24487
24508
24557
24584
24615
24644
24668
24693
24724
24750
24779
24801
24862
25138
25159
25186
25321
25348
25370
25391
25413
25445
