# 1748, 0b958b59c66faa780adcb67badf5382396a080b584e405d3f85f70cac10ba9cb.SC2Replay
3680
3704
3732
3759
3781
3808
3835
4346
4367
4688
4714
4754
4778
5126
5153
5174
5581
8465
8728
8764
8798
8820
8846
9373
9399
9437
10000
10123
10144
10180
10349
10486
10648
10679
10702
10725
11087
11540
11564
11593
12350
12629
12669
12690
12716
12874
12906
12931
12957
13161
13190
13211
13250
13271
13452
13492
13520
13543
13564
13585
13606
13682
13885
14442
14463
14498
14524
14562
14598
14621
14656
14685
14708
14732
14889
14917
14957
14978
15001
15039
15065
15086
15110
15138
15162
15270
15294
15339
15372
15410
15460
15525
15661
15764
15786
15808
15829
15851
15878
15904
15935
15969
15992
16030
16071
16129
16152
16185
16211
16234
16263
16288
16311
16357
16378
16402
16426
16520
16541
16615
16638
16663
16686
16708
16729
16877
16899
16920
16941
17205
17226
17260
17300
17333
17359
17390
17425
17457
17489
17520
17560
17595
17620
17752
17773
17794
17831
17875
17911
17951
17986
18008
18031
18075
18097
18185
18220
18246
18272
18303
18330
18356
18382
18420
18454
18478
18522
18554
18584
18610
18648
18672
18700
18725
18759
18800
18848
18873
18898
18921
18943
19059
19080
19101
19122
19144
19166
19203
19229
19251
19281
19304
19327
19429
19500
