# 622, 00b5e2a7c052aea4b901047891113df1679fe55f59eff7fcc32800cd86eed946.SC2Replay
4692
4764
4789
4820
4945
4968
5024
5281
5337
5364
5433
5471
5531
5563
5813
5836
6331
6372
6395
6417
6461
6491
6677
6727
6748
6774
6799
6827
6855
6882
6914
6952
7006
7039
7071
7338
8034
8059
8081
8103
8124
8707
8734
8755
8785
8809
8830
8860
8881
8910
8945
8966
9007
9036
9140
9675
9698
9739
9882
9946
9972
9995
10022
10045
10072
10274
10543
10569
10605
10761
10802
11026
11056
11077
11098
11131
11167
11196
11220
11247
11270
11304
11329
11351
11384
11419
11562
11585
11615
11655
11681
11706
11813
11849
11871
11902
11928
11962
11984
12129
12167
12192
12214
12278
12304
12332
12390
12411
12440
12462
12483
12504
12532
12571
12600
12633
12658
12697
12732
12767
12802
12826
12866
12887
12912
12939
12960
12991
13026
13051
13072
13098
13133
13172
13199
13220
13277
13306
13801
