# 1174, 18db946ece8c381578c5b11fca801f881cb905d8745261e6e3127bfb785c0343.SC2Replay
2476
4755
7089
7128
7259
7295
7322
7343
10320
10344
10411
10443
10482
11383
11452
11479
11513
11571
11592
11616
11639
11921
11953
12219
12240
12429
12462
12533
12557
12579
12606
12627
12660
12690
12806
12831
12853
12878
12912
12945
12967
13008
13034
13057
13755
13777
14226
14252
14286
14322
14347
14375
14405
14443
14572
14645
14666
14698
14722
14820
14843
14865
14889
15030
15061
15083
15110
15214
15302
15325
15366
15391
15414
15441
15464
15492
15516
15542
15572
15605
15635
15659
15724
15745
15783
15814
15842
15880
15907
15935
16364
16386
16422
16459
16499
16566
16664
16692
16717
16744
16849
16959
16980
17013
17040
17357
17395
17443
17466
17487
17536
17788
17862
17894
17924
17959
17980
18060
18083
18117
18140
18171
18192
18521
18560
18582
18605
18629
18651
18691
19045
19066
19091
19247
19287
19344
19367
19392
19436
19620
19641
19666
19691
19715
19753
19819
19845
19867
19910
19933
19958
20050
20084
20151
20186
20209
20233
20267
20294
20319
20343
20365
20388
20421
20442
20464
20489
20517
20539
20576
20597
20620
20660
20846
20871
20926
20956
20986
21032
21134
21180
21213
21236
21257
21396
21579
21611
21732
21765
21895
21917
21965
22019
22040
22099
22122
22148
22174
22204
22234
22255
22805
23188
23755
23776
23943
23977
24508
24620
24642
24669
24757
24799
24884
24906
24943
24964
24995
25036
25057
25078
25126
25148
25169
25209
25230
25251
25272
25336
25364
25389
25412
25434
25455
25598
25625
25646
25667
25851
25874
25909
25930
25970
26014
26039
26070
26094
26133
26158
26189
26229
26251
26273
26302
26324
26345
26368
26390
26437
26460
26495
26536
26876
26898
26923
26951
26979
27004
27035
27065
27316
27337
27373
27397
