# 644, 13bc8730659d16f2bd85d9b5eabf5b3a44a0f2984af1db7de33a36c91549e600.SC2Replay
3683
3704
4050
5228
5809
5833
5862
5889
5927
5948
5970
5997
6025
6052
6088
6112
6145
6211
6237
6266
6287
6354
6543
6608
6710
6816
6853
7016
7070
7108
7454
7609
7705
7805
7827
7931
7953
7985
8015
8122
8146
8229
8326
8394
8479
8565
8707
8951
8995
9148
9231
9277
9713
9805
9837
9859
9882
9903
9932
9959
9991
10016
10100
10122
10148
10178
10276
10298
10361
10570
10595
10704
11122
11145
11208
11305
11341
11396
11421
11513
11750
12013
12044
12129
12167
12276
12298
12440
12468
12943
12984
13065
13149
14619
14655
14746
14789
14825
15501
15754
15865
16032
16217
16581
16608
16630
16653
16674
16695
16718
16739
16760
16846
16885
16953
16981
17069
17104
17127
17167
17194
17250
17302
17411
17753
17786
17818
18127
18150
18185
18266
18295
18326
18391
18439
18489
18511
18598
18619
18660
18735
18797
18847
18933
18954
18979
19005
19029
19052
19098
19173
19307
19355
19378
19470
19522
19556
19601
19633
19660
19705
19728
19753
19805
19876
19960
20037
20059
20132
20161
20182
20204
20225
20256
20297
20319
20341
20362
20393
20414
20435
20465
20491
20531
20554
20590
20614
20645
20666
20704
21032
21054
21316
21628
21655
21691
21712
21759
21793
21822
22045
22072
22106
22133
22157
22182
22220
22244
22275
22303
22325
22412
22445
22468
22505
22532
22565
22588
22613
22637
22659
22680
22712
22739
23171
23196
23227
23266
23287
23320
23342
23378
23608
24014
24045
24076
24104
24126
24218
24248
24286
24320
24351
24375
24396
24429
24452
24473
24494
24535
24558
24595
24621
24651
24676
24717
24741
24782
24807
24836
24860
24881
24914
24939
25000
25047
25188
25217
25238
25271
25310
25331
25354
25375
25407
25458
25493
28123
28161
28285
28306
28348
28371
28469
28633
28654
28677
28723
28788
28870
28943
29012
29054
29081
29114
29158
29308
29765
29812
29888
29939
29986
30044
30088
30131
30161
30185
30280
30356
30395
30427
30466
30618
30691
30721
30753
30780
31369
31864
32045
32096
32174
32303
32364
32440
