# 904, 083f5cd1fa92da8f83a316656cf675729643705340a3c108c15a593dbabdd4f3.SC2Replay
4067
4535
4917
5847
6623
6661
7104
7131
7214
8787
8896
8928
9046
9419
10453
10499
10580
10800
11083
11367
11490
12740
13308
13519
13624
13677
13735
13756
13785
13819
13852
13883
13909
13934
13957
13992
14014
14052
14079
14106
14131
14172
14207
14241
14262
14294
14316
14337
14367
14397
14577
14734
14761
14784
14811
14837
14860
14882
14910
14931
14953
15000
15023
15059
15084
15108
15148
15175
15204
15438
15464
15490
15521
15551
15578
15602
15626
15661
15688
15712
15752
15773
15803
15830
15857
15879
15903
15926
15961
15988
16013
16034
16055
16077
16102
16123
16156
16191
16228
16249
16271
16293
16329
16362
16388
16413
16443
16475
16502
16540
16581
16605
16636
16663
16688
16724
16848
16875
16910
16932
16965
16997
17026
17048
17073
17104
17137
17159
17181
17203
17231
17256
17279
17301
17333
17367
17390
17413
17440
17468
17492
17520
17544
17571
17610
17636
17659
17680
17702
17727
17752
17778
17826
17850
17877
18099
18120
18559
18580
18613
18634
18657
18690
18729
18755
18783
18819
18844
18874
18895
18923
18944
18968
18994
19023
19052
19092
19124
19145
19181
19220
19254
19279
19300
19334
19367
19390
19415
19444
19478
19508
19538
19571
19608
19646
19668
19692
