# 221, 01dd4255444998902ce90ac46c7d91a2048db4106abb8011eef3b6c6cd124ae7.SC2Replay
2943
2969
2995
3018
3814
3962
3991
4013
4045
4066
4588
4683
4717
4744
4854
4890
4922
4945
4966
4990
5095
5133
5165
5187
5212
5250
5272
7633
7658
7681
7709
8598
8672
8696
8724
8745
8766
8792
8814
8843
9421
9457
9620
9654
9677
9705
9733
12083
12108
12144
12168
12205
12228
12268
12307
12328
12351
12375
12397
12477
12499
12522
12544
12573
12594
12629
12751
12773
12800
12830
12853
12891
12919
12941
12981
13002
13026
13065
13203
13225
13250
13287
13310
13356
13505
13526
13553
13584
13608
13633
13657
13686
13724
13759
13792
13874
13898
13922
13956
13994
14015
14045
14073
14095
14117
14139
14174
14195
14222
14247
14273
14303
14324
14350
14373
14411
14451
14472
14512
14604
14647
14695
14716
14741
14765
14786
14814
14835
14857
14879
14911
14935
14956
14979
15003
15041
15063
17168
17194
17215
17243
17265
17286
18004
18025
18049
18079
18100
18123
18144
18166
18187
18212
18236
18268
18301
18322
18343
18366
18393
18415
18437
18459
18480
18504
18525
18548
19179
19206
19238
19279
19303
19344
19383
19413
19506
19545
19577
19614
19648
19672
20205
20236
20257
20282
20320
20621
20672
20724
20782
20809
20855
20878
20911
20997
21045
21080
21113
21140
21161
21182
21214
21239
21271
21305
21331
21361
21394
21457
21498
21527
21549
21631
21656
21685
21712
21772
