# 1071, 0a2b3328ebd3dd5f5f51a9950ab84c50b5d351b150ddb996b3070df23ca87f06.SC2Replay
4883
4909
4977
5005
5054
5083
5194
5812
5835
5866
5904
5926
6188
6213
6242
6283
6309
6350
6375
6404
6433
6467
6508
6535
6557
6581
6723
6746
6770
6795
6824
6848
6869
6952
6982
7016
7106
7139
7164
7188
7211
7233
7367
7578
7735
7880
7902
7932
7955
7990
8196
8221
8277
8305
8344
8687
8708
8744
8781
8816
8846
8980
9006
9027
9057
9083
9163
9232
9256
9283
9313
9341
9363
9385
9420
9442
9486
9509
9530
9574
9605
9626
9652
9673
9699
9729
9751
9788
9829
9863
9896
9919
9946
9968
9993
10032
10054
10075
10097
10119
10140
10176
10209
