# 1352, 0894061363d8fca9767317fb050227c6e3c4a6ee87169c13510350926d1dcec9.SC2Replay
7035
7057
12735
12763
12803
13060
13081
13105
13143
13165
13287
13309
13419
13444
13478
13510
13549
13577
13602
13642
13666
13690
13716
13741
13764
13789
13813
13834
13855
13878
13899
13926
13960
13993
14071
14102
14130
14170
14194
14228
14265
14286
14318
14343
14368
14482
14503
14530
14561
14605
14635
14660
14685
14706
14776
14799
14878
14899
14921
14943
14975
15008
15033
15068
15092
15116
15145
15294
15321
15343
15365
15388
15418
15440
15465
15488
15566
15588
15616
15638
15671
15698
15736
15762
15784
15809
15845
15875
15901
15939
15960
16029
16112
16133
16169
16193
16306
16328
16349
16550
16573
16600
16623
16651
16673
16698
16719
16756
16790
16824
16992
17027
17048
17074
17102
17124
17163
17186
17419
17441
17462
17487
17513
17548
17572
17599
17741
17764
17798
17828
18012
18034
18059
18086
18113
18195
18337
18376
18398
18422
18444
18465
18486
18523
18545
18567
18590
18682
18714
18755
18836
18871
18894
19293
19314
19374
19480
19521
19547
19570
19604
19630
19720
19748
19776
19802
19827
19863
19890
19914
20021
20043
20120
20143
20166
20191
20213
20237
20269
20303
20339
20361
20382
20422
20459
20486
20517
20550
20576
20600
20652
20682
20707
20733
20758
21263
21297
21318
21506
21535
21561
21585
21610
21649
21670
21692
21715
21746
21784
21820
21852
21873
21910
21935
21964
22003
22037
22071
22105
22130
22151
22184
22206
