# 1123, 16b26a08332c0f335196a774de129f22deb037ba57b63f876165cbe34b96c175.SC2Replay
5867
5922
5945
5982
7200
7232
7258
7302
7332
7810
7850
7875
7899
7987
8012
8048
8073
8108
8133
8164
8195
8230
8251
8274
8297
8324
8358
8396
8436
8458
8490
8514
8537
8573
8602
8628
8658
8686
8710
8743
8770
8804
8828
8850
8875
8901
8938
8972
9010
9041
9070
9095
9131
9166
9203
9224
9247
9280
9318
9342
9366
9390
9421
9442
9471
9496
9519
9552
9577
9607
9632
9672
9693
9738
9760
9786
9818
9842
9864
9890
9913
9944
9969
10009
10050
10076
10101
10127
10148
10170
10196
10224
10247
10271
10293
10315
10341
10368
10390
10415
10439
10466
10487
10508
10531
10566
10595
10624
10660
10682
10704
10731
10767
10804
10825
10848
10870
10892
10919
10957
10995
11016
11056
11078
11117
