# 1267, 2a6e024b312a62e20ae291b0a27b8aa5ef730fac645ae578196e675b2946886b.SC2Replay
6927
6951
7709
7742
7781
9671
9702
9732
9757
9781
9822
9844
9869
9898
9919
9940
9963
9989
10022
10046
10080
10101
10406
10447
10482
10680
10842
10864
10890
10911
10932
10967
10990
11011
11037
11059
11100
11126
11151
11173
11194
11216
11241
11276
11310
11337
11373
11399
11424
11457
11722
11773
11802
11834
11866
12089
12123
12157
12182
12204
12315
12336
12374
12397
12422
12446
12481
12515
12623
12647
12688
12713
12736
12781
12806
12835
12857
12895
12924
12951
12990
13040
13100
13606
13638
13664
13688
13785
13806
13838
13866
13895
13919
13949
13973
13994
14030
14052
14088
14118
14170
14197
14237
14263
14284
14313
14341
14362
14482
14507
14528
14561
14793
14831
15048
15071
15092
15113
15257
15282
15305
15331
15754
16023
16051
16113
16134
16156
16187
16208
16346
16367
16403
17229
17262
17295
17328
17349
17877
17898
17923
17951
17984
18005
18030
18051
18078
18106
18127
18149
18170
18195
18216
18257
18278
18306
18330
18360
18390
18415
18469
18490
18544
18569
18596
18621
18650
18798
18821
18844
18870
18894
18916
19228
19250
19277
19313
19401
19423
19444
19469
19495
19530
19551
19580
19678
19699
19853
19902
20417
20440
20463
20488
20523
20546
20576
20607
20632
20657
20689
20710
20749
20775
20815
20840
20881
20906
20928
20967
20995
