# 770, 19f68d1e409f6dfb2cf4668ef52a470080ff35f1d6c73d5418840a64ef47334e.SC2Replay
4080
5822
6005
6026
6047
6075
6103
6133
6171
6192
6214
6240
6265
6295
6321
6349
6371
6398
6427
7543
7755
7795
8478
8540
8652
8930
9172
9494
10284
10312
10853
11000
11024
11117
11152
11194
11230
11253
11483
11510
11538
11709
11738
11761
11784
11920
11988
12067
12115
12227
13225
13378
13399
13422
13444
13472
13495
13659
13683
13707
13734
13895
13920
13946
13972
14020
14044
14073
14094
14127
14157
14180
14215
14242
14270
14291
14364
14398
14427
14466
14492
14524
14673
14695
14724
14749
14847
14873
14896
14926
14947
14968
14990
15512
15533
15623
15651
15706
15797
15823
15848
16396
16592
16619
16647
16682
16729
16761
16845
16892
17015
17057
17195
17234
17296
17358
17496
17691
17713
17796
17874
17896
17954
18111
18260
18338
18370
18482
18529
18561
18606
18627
18912
19042
19068
19101
19134
19155
19245
19360
19453
19494
19515
19536
19722
20299
20411
20445
20469
20496
20524
20559
20586
20607
20629
20668
20708
20735
20827
20848
20878
20915
20937
20961
20991
21016
21044
21070
21094
21126
21208
21229
21262
21284
21308
21331
21353
21374
21400
21425
21457
21480
21507
21544
21571
21659
21681
21702
21723
21775
21803
21854
21875
21906
21930
21955
21996
22018
22041
22065
22095
22131
22156
22190
22212
22238
22262
22299
22323
22360
22390
22411
22434
22462
22483
22504
22527
22554
22577
22607
22630
22659
22687
22720
22741
22764
22797
22819
