# 483, 1a2ba7842e3936a91885e240a9cf8894ff181dbb22bf473095df3443eaf2c053.SC2Replay
4506
4527
4574
4608
4629
4779
4808
4835
4865
4918
4939
5302
5609
5733
5762
5787
5834
5866
5891
5951
6019
6121
6146
6387
6471
6509
6549
6579
6707
6768
6853
6932
7019
7084
7115
7136
7227
7252
7286
7318
7342
7378
7401
7458
7723
7787
7818
7860
7913
7957
8004
8034
8069
8090
8113
8152
8176
8214
8241
8280
8313
8334
8358
8382
8405
8426
8447
8658
8814
8861
8967
9006
9036
9064
9092
9117
9140
9161
9186
9213
9248
9279
9303
9358
9418
9559
9587
9619
9647
9675
9702
9728
9751
9773
9799
9838
9859
9897
9919
9940
9968
10002
10033
10198
