# 982, 20bba8f409841d3406016ce3c116a6db02622d41c639e2ec90d3072629b39540.SC2Replay
3750
3771
7476
7506
7528
7562
7584
8188
8220
13709
13742
13774
13805
13861
13891
13914
13940
14023
14044
14077
14106
14134
14155
14176
14212
14252
14288
14322
14354
14382
14405
14430
14465
14486
14507
14532
14555
14595
14623
14662
14706
15290
15311
15443
15481
15506
15527
15601
15630
15654
15681
15702
15733
15765
15787
15820
15844
15880
15910
15951
15977
16008
16036
16057
16078
16104
16130
16272
16451
16473
16512
16652
16675
16723
16785
16818
16847
16868
16890
16911
17019
17040
17084
17112
17139
17165
17191
17468
17496
17519
17543
17580
17607
17677
17726
17763
17789
17815
17841
17871
17906
17930
17952
17984
18087
18111
18134
18208
18246
18268
18299
18320
18341
18382
18417
18438
18462
18483
18505
18535
18556
18592
18632
18675
18696
18717
18740
18778
18799
18901
18930
18953
19484
19510
20201
20329
20361
20688
20713
20870
20898
20931
20963
20989
21013
21034
21062
21093
21118
21147
21188
21211
21239
21280
21301
21322
21354
21376
21416
21437
21461
21482
21520
21541
21562
21586
21615
21722
21749
21770
21799
21826
21865
21897
21925
21947
21968
21991
22034
22067
22088
22120
22142
22166
22189
22210
22243
22277
22301
22371
22415
22436
22479
22501
22538
22567
22593
22625
22646
22670
22692
22716
22741
22762
22790
22824
22857
22879
22915
22939
22996
23017
23055
23089
23110
23133
23158
23218
23372
23408
23437
23465
23488
23517
23542
23582
23607
23628
23650
23672
23703
23768
23795
23828
23850
23875
23904
23928
23950
23972
24036
