# 1454, 27519b05eb63e7213a53150a8925eb88fb0ea1dbb54cf12778050bd4fbeb162f.SC2Replay
3157
3199
3221
3305
3335
3432
3619
3645
3677
3775
3803
4075
4123
4554
4587
4616
4696
4740
4783
4824
5014
5035
5109
5195
5238
5273
5342
5371
5418
5445
5468
5503
5526
5547
5579
5653
5718
5844
5880
5906
5997
6019
6217
6242
6268
6296
6779
6862
7098
7181
7518
7548
7670
7702
7726
7749
7778
7814
7839
7874
7949
7977
8129
8150
8191
8212
8417
8503
8526
8548
8641
8662
9278
9315
9346
9434
9499
9553
9581
9617
9815
9838
9859
9895
9947
9976
10011
10037
10059
10090
10125
10154
10194
10395
10431
10454
10482
10509
10536
10595
10645
10722
10996
11426
11460
11518
11544
11565
11586
11608
11637
11660
11703
11724
11752
11773
11801
11825
11856
11889
11926
12047
