# 818, 20ae72091bea7f4aaaf5e58d0c158e7bb2a3d769d5d75bb065894fea47438101.SC2Replay
6622
6652
6673
7107
7178
7201
7261
7293
7315
7591
7625
8108
8210
8241
8280
8336
8362
8389
8863
9036
9066
9088
9580
10908
11036
11061
11084
11223
11258
11713
12219
12245
12362
12397
12426
12463
12493
12787
12862
12891
12913
13285
13312
13448
13490
13530
13621
13807
13861
14173
14225
14246
14293
14318
14363
14384
14423
14452
14509
14632
14682
14713
14747
14772
14915
15057
15286
15313
15342
15406
15433
15541
15779
16353
16384
16414
16441
16702
16723
16747
16779
16803
16828
16858
16966
16988
17011
17046
17083
17106
17133
17154
17191
17216
17256
17281
17302
17341
17376
17401
17423
17453
17489
17512
17538
17560
17591
17619
17640
17661
17682
17703
17739
17772
17796
17818
17843
17868
17896
17921
17946
17969
18035
18056
18339
18377
18407
18478
18615
18636
18668
18710
18735
18764
18785
18807
18835
18864
18886
18909
18946
18984
19007
19031
19052
19078
19103
19132
19153
19183
19208
19237
19271
19296
19337
19362
19392
19413
19438
19474
19497
19625
19647
19679
19705
19729
19758
19798
19838
19860
19886
19921
19946
19984
20005
20030
20052
20076
20103
20127
20155
20185
20220
20243
20272
20302
20341
20367
20393
20427
20450
20475
20502
20526
20550
20581
20615
20637
20658
20684
20712
20736
20758
20779
20804
20838
20859
20885
20918
20944
20973
