# 1678, 2a5b6ef432a0a0cc95db94a8adac94d8fcf7c53b8a00f46552db3aa12cb624a5.SC2Replay
10419
10464
10499
10534
10613
10661
10690
10716
10751
10794
10819
10845
10870
10901
10947
11020
11104
11150
11190
11211
11443
11465
11495
11558
11938
11966
11992
12033
12079
12117
12192
12254
12350
12621
12654
12677
12719
12753
12780
12823
12868
12922
12972
13431
13487
13606
13651
13676
13700
13732
13782
13819
13860
13883
13908
14096
14135
14177
14213
14246
14273
14297
14536
14559
14683
14731
14754
14832
15453
15486
15522
15545
15582
15606
15630
15668
15689
15710
15751
15779
16125
16169
16218
16296
16320
16345
17142
17171
17202
17223
17244
17368
17395
17417
17456
17488
17512
17537
17577
17617
17640
17661
17685
17712
17740
17763
17789
17813
17835
17861
17894
17936
17968
17994
18019
18041
18069
18225
18257
18291
18330
18352
18373
18408
18431
18464
18489
18523
18551
18586
18617
18653
18685
18709
18738
18779
18811
18832
18903
18975
19015
19168
19201
19222
19292
19317
19338
19375
19398
19439
19467
19488
19521
19551
19573
19602
19623
19644
19670
19844
19895
19927
19966
19988
20029
20050
20071
20093
20114
20145
20167
20194
20217
20246
20267
20296
20317
20338
20376
20409
20447
20470
20493
20517
20540
20562
20583
20622
20663
20698
20737
20760
20785
20808
20830
20859
20899
20926
20959
20986
21007
21029
21051
21073
21097
21129
21156
21188
21212
21236
21261
21293
21318
21339
21361
21389
21412
