# 46, 0f9a705a47d3dbf13f837403e39a19a620bc15721a0b1a95ab155bc9acc09086.SC2Replay
4971
5004
5045
5076
5099
5148
5172
5944
6058
7245
7266
7302
7326
7750
7775
7806
7827
8386
8812
8833
8865
8897
8922
8948
8981
9020
9059
9094
9123
9145
9174
9209
9235
9270
9305
9344
9472
9499
9521
9593
9623
9644
10184
10205
10236
10272
10304
10326
10362
10403
10436
10462
10492
10514
10535
10562
10602
10623
10655
10677
10705
10731
10962
10993
11034
11073
11108
11138
11159
11184
11221
11245
11269
11302
11332
11537
12750
12771
12792
12816
12837
12859
12886
12912
12952
12974
12995
13019
13041
13066
13089
13113
13135
13157
13181
13218
13243
13266
13401
13438
13464
13505
13526
13553
13577
13598
13625
13653
13692
13714
13739
13910
13934
13955
13977
14309
14332
14355
14376
14404
14425
14452
14487
14514
15578
15615
15923
15950
15984
16015
16038
16066
16098
16136
16160
16189
16438
16460
16485
16507
16537
16561
16598
16636
16659
16680
18704
18726
18747
18768
18809
18845
18872
18902
18926
18951
19535
19559
19581
19602
19744
19772
19803
19828
19850
19887
19919
19944
19967
20008
20043
20083
20106
20130
20167
20190
20212
20233
20263
20284
20306
20346
20387
20410
20508
20532
20553
20577
20610
20632
20659
20688
20711
20733
20764
20794
20818
20839
20861
20895
20919
20947
20972
21010
21031
21466
21490
21513
21534
21563
21592
21628
21655
21690
21712
21739
21760
