# 471, 2ae4e49dea67b3cd3ca66205191a45883e00a51f2ed21eed95dc10c8ee6d25b5.SC2Replay
5129
5150
5172
5212
5244
5296
6156
6196
6234
6260
6615
6645
6667
6707
6738
6769
6795
6822
6843
6864
6898
6921
6956
6981
7010
7038
7066
7089
7123
7157
7183
7221
7247
7268
7292
7315
7339
7372
7405
7432
7465
7494
7518
7629
7747
8222
8256
8285
8308
8343
8364
8393
8422
8445
8471
8496
8517
8538
8563
8589
8610
8638
8660
8684
8706
8738
8760
8781
8810
8834
8857
8896
8932
8955
8991
9013
9049
9074
9097
9118
9157
9197
9222
9247
9270
9305
9329
9430
9451
9481
9895
9921
9951
10074
10095
10117
10149
10185
10208
10235
10261
10282
10303
10339
10362
10385
10406
10728
10806
10906
11034
11096
11142
11221
11242
11479
11809
11864
11962
12004
12152
12396
12660
13045
13478
13573
13630
13827
14097
14140
14234
14470
15302
15416
15633
15755
15934
15988
16261
16797
16853
16874
16896
16918
16953
16989
17014
17039
17065
17090
17111
17133
17189
17338
17498
17594
17622
17789
17842
18039
18071
18093
18114
18137
18169
18190
18214
18252
18279
18300
18324
18392
18443
18634
18667
18688
18709
18743
18776
18798
18823
18855
18881
18903
18991
19013
19039
19070
19104
19130
19151
19172
19249
