# 1141, 04e957a84fc0f466a6e4854832e50ee59c8398bf78ba3acc1e1846a58ec4deab.SC2Replay
4169
4198
4220
4703
4760
4782
7194
7226
7433
7572
7594
7631
7732
7755
8034
8056
8092
8203
8225
8340
8371
8394
8418
8441
8466
8502
8524
8546
8586
8620
8641
8670
8706
8729
8757
8782
8803
9092
9116
9137
9408
9430
9451
9480
9510
9536
9560
9598
9624
9648
9671
10060
10085
10109
10137
10158
10186
10227
10269
10901
10931
11336
11382
11556
11579
11600
11624
11647
11708
11743
11768
11941
11968
12059
12281
12303
12881
12904
12929
13243
13270
13308
13341
13447
13476
13567
13757
13786
13808
13837
13868
13897
13921
14054
14078
14102
14196
14217
14240
14261
14282
14306
14334
14436
14487
14511
14545
14583
14608
14631
14652
14681
14709
14735
14758
14789
14818
14840
14878
15070
15100
15664
15685
16451
16473
16494
16515
16740
17071
17092
17115
17138
17160
17185
17206
17227
17251
17289
17315
17336
17358
17387
17427
17462
17495
17530
17616
17646
17674
17713
17751
17785
17812
17848
17906
17930
17951
17985
18016
18041
18064
18095
18116
18138
18161
18182
18235
18260
18281
18315
18351
18374
18409
18445
18467
18488
18513
18541
18562
18583
18604
18629
18667
18703
18729
18755
18781
18803
18826
18866
18891
