# 1688, 14e328d5b41c373c6340a3d00878e64938b6e4b824201e9e41876cbcab172ff1.SC2Replay
4432
4457
4488
4515
4537
4559
4591
4618
5504
5540
5738
5956
6429
6452
6478
9176
9221
9247
9766
9799
9831
9858
9888
9913
9944
10295
10371
10423
10496
10818
10842
11605
11674
11705
11939
11981
12007
12313
12349
12386
12409
12437
12467
12505
12526
12562
12588
12976
13269
13291
13313
13337
13361
13383
13412
13441
13580
13609
13630
13676
13698
13827
14432
14771
14792
14829
14861
14887
14912
14942
14965
14998
15028
15049
15072
15101
15131
15171
15208
15239
15263
15285
15462
15483
15639
15662
15729
15759
15796
15991
16026
16047
16068
16092
16169
16543
16569
16620
16784
16811
16841
16909
16944
16987
17113
17196
17575
17606
17642
17680
17797
17833
17858
17881
18008
18029
18060
18099
18124
18656
18692
18713
18738
18760
18788
18866
18892
18922
18943
18964
18985
19006
19028
19050
19085
19110
19135
19168
19192
19215
19252
19278
19301
19340
19365
19402
19429
19453
19477
19502
19524
19565
19602
19624
19662
19687
19708
19731
19756
19777
19799
19866
19890
19911
19949
19970
19992
20015
20038
20059
20082
20108
20138
20168
20189
20211
20238
20262
20285
20317
20347
20382
20489
20517
20562
20599
20670
20692
20713
20821
20842
20863
20887
20917
20950
20971
20992
21019
21041
21108
21157
21181
21205
21237
21267
21302
21329
21366
21392
21424
21447
21481
21502
21524
21561
21585
