# 319, 05bc5a61b5594007ce8d0793e9af560e5ff449b64374c8f7639f4dbe5b20ea60.SC2Replay
5604
5694
5760
5787
5815
5894
5983
6016
6050
6113
6225
6248
6273
6314
6350
6424
6568
6604
6693
6795
6817
6883
6907
6929
6952
6978
7007
7130
7152
7175
7200
7234
7256
7297
7325
7360
7479
7504
7525
7557
7637
7663
7691
7731
7752
7828
7861
7889
7911
7934
7963
7989
8012
8037
8098
8125
8165
8219
8243
8272
8304
8365
8463
8492
8515
8536
8842
8863
8979
9004
9025
9050
9071
9094
9116
9148
9183
9382
9412
9446
9483
9542
9563
9585
9609
9633
9664
9688
9717
9742
9766
9805
9844
9867
9895
9920
9951
9981
10013
10049
