# 1800, 25d249ddd3924b6b5b9bd05675677bc1fad7ef0e71af821adaba2bb348e505c1.SC2Replay
9298
10078
10106
10145
10176
10200
10222
10256
10557
10578
10600
10638
10665
10704
10730
10754
12905
13021
13056
13083
13105
13214
13235
13265
13294
13334
13501
13543
13565
13587
13608
13638
13675
13697
13741
13891
13930
14081
14104
14125
14154
14645
14971
15016
15054
15090
15163
15198
15221
15246
15452
15498
15604
15633
15660
15843
15864
15885
15926
15960
15985
16585
16622
16656
16696
16724
16763
16887
16908
16942
16970
16991
17015
17051
17261
17284
17309
17557
17583
17604
17625
17651
17692
17720
17748
17811
18044
18264
18392
18430
18650
18906
19438
19459
19480
19504
19529
20702
20723
20748
21249
21270
21291
21352
21375
21396
21804
21858
21941
21973
21998
22122
22143
22173
22287
22320
22344
22368
22391
22424
22447
22475
22512
22657
22685
23417
23477
23498
23519
23553
23580
23601
23775
23804
23827
23851
23884
23910
23932
23963
24040
24078
24103
24135
24168
24376
24397
24426
24454
24489
24629
24650
24673
24709
24734
24765
24788
24815
24840
24861
24885
24906
24927
24949
24986
25020
25056
25129
25162
25191
25227
25305
25330
25368
25397
25422
25448
25471
25952
25990
26025
26119
26145
26167
26211
26249
26288
26312
26339
26384
26405
26426
26453
26528
26601
26625
26723
26751
26775
26812
26835
26857
26893
26917
26959
26981
27014
27037
27058
27088
27111
27132
27165
27196
27221
27244
27269
27297
27324
27354
27375
27494
27527
27555
27586
27610
27714
27781
27810
27906
27940
27962
27984
28011
28382
28449
28513
28542
28594
28655
29067
29095
29119
29184
29208
29237
29320
29471
29617
29641
29742
29781
29836
29912
29983
30032
30106
30129
30260
30327
30370
30418
30459
30514
30541
30613
30636
30732
30791
30899
30939
31022
31062
31118
31200
31277
31362
31383
31437
31542
31773
32188
32224
32332
32389
32426
32450
32474
32498
32519
32547
32568
32589
32627
32649
32685
32709
32756
32904
32928
33872
33904
33944
33968
33992
34320
34346
34367
34390
34416
34438
34472
34497
35977
36001
36037
36132
36159
36188
37012
37034
37070
37327
37348
37380
37401
37423
37447
37475
37496
37523
37550
37576
37602
37626
37647
37668
37704
37733
37803
37827
37853
37893
37917
37951
38090
38123
38144
38165
38189
38218
38246
38267
38290
38328
38354
38376
38405
38435
38463
38502
38524
38554
38592
38628
38655
38677
38709
38738
38774
38795
38818
38852
38881
38911
38940
38962
38983
39011
39052
39073
39096
39118
39139
39174
39237
39279
39305
39327
39352
39377
39401
39442
39466
39487
39512
39539
39572
39602
39623
39645
39676
39703
39730
39763
39855
39888
39913
39949
39970
39995
40017
40038
40059
40088
40116
40145
40174
40195
40223
40256
40282
40303
40332
40354
40379
40404
40435
40468
40502
40524
40545
40566
40589
40615
40639
40662
40686
40707
40729
40757
40778
40799
40996
41038
41184
41219
41242
41280
41601
41625
41835
41880
41936
42042
43286
43425
43457
43484
43536
43669
43723
43752
43773
43854
43884
43920
44116
44137
44451
44525
44648
44680
44718
44763
44835
44873
45101
45204
45284
45429
45458
45558
45625
45685
46562
46597
46899
46924
46959
47455
47560
47794
