# 1633, 06fe37e130c4e260347a03c281fb38c2797c470aa5e4937361e85a39390017c0.SC2Replay
8359
8395
8483
10460
10640
10661
10697
10727
10787
10811
10836
10857
10878
10909
10947
10980
11008
11039
11078
11103
11231
11349
11404
11613
11643
11953
11984
12049
12083
12115
12149
12174
12201
12228
12254
12295
12355
12392
12416
12449
12475
12497
12527
12558
12597
12618
12671
12697
12730
12752
12775
12853
12880
12920
12954
12978
13014
13089
13197
13236
13260
13318
13616
13640
13663
13689
13711
13747
13768
13807
13828
13857
13893
13915
13943
13964
13989
14013
14035
14155
14274
14308
14368
14481
14504
14525
14546
14587
14615
14641
14662
14686
14724
14765
14834
14885
14911
15147
15183
15222
15254
15275
15299
15329
15357
15380
15403
15427
15451
15477
15509
15533
15561
15584
15619
15651
15673
15706
16551
16733
16755
16783
16813
16839
17233
17256
17277
17328
17349
17373
17394
17423
17455
17477
17501
17613
17635
17667
17689
17710
17733
17759
17780
17801
17822
17843
17876
17910
17942
17965
17994
18025
18047
18073
18101
18128
18165
18223
18258
18288
18311
18338
18377
18417
18438
18463
18661
18685
18711
18733
18756
18778
18862
18895
18921
18946
18970
19019
19042
19077
19105
19129
19156
19193
19505
19541
19585
19608
19630
19652
19675
19710
19731
19752
19774
19795
19823
19862
19898
19928
19949
19971
20161
20439
20815
20849
20918
20968
20998
21038
21062
21084
21109
21140
21161
21188
21210
21232
21522
21653
21756
21804
21927
21954
21977
22014
