# 1624, 219e7575c9aef76f8b4c40abc0ce1394be232919a6b3e338d55d1f3b1a615ce0.SC2Replay
3853
3875
3899
3926
4049
4226
4260
4285
4336
4360
4381
4405
4439
4473
4509
4531
4556
4588
4616
4641
4674
4696
4717
4745
4771
4808
4841
4862
4892
4920
4954
5969
5999
6021
6053
6074
6100
7311
7334
8123
8144
8165
8199
8228
8252
8275
8310
8349
8377
8505
8533
8559
8693
8723
8749
8782
8820
8897
8920
8965
8997
9138
9159
9269
9317
9350
9372
9545
9582
9603
9640
9675
9711
9737
9779
9808
9832
9857
9996
10017
10038
10060
10310
10347
10368
10402
11847
12722
12754
12775
12802
12829
12856
12925
12961
12983
13004
13026
13060
13081
13268
13290
13346
13375
13406
13430
13452
13491
13523
13551
13589
13611
13632
13657
13679
13701
13728
13756
13825
13849
13884
13992
14524
14549
14573
14598
16095
16117
16139
16338
16373
16413
16450
16472
16513
16535
16558
16599
16624
16648
16692
16715
16760
16789
16822
16893
16935
16957
17016
17063
17098
17136
17169
17191
17237
17284
17319
17344
17366
17417
17446
17479
17500
17526
17628
17660
17681
17751
17802
17861
17937
17990
18011
18032
18054
18081
18119
18145
18183
18217
18261
18297
18328
18358
18447
18609
