# 576, 05a1dd2e3215ba2696a8aa942a11f307ea3b0b4abf212669e50344a46669f2a2.SC2Replay
3314
4408
4443
4466
4487
4587
4614
4636
4658
4684
5809
5850
5874
5903
5936
5965
5988
6018
6044
6613
6649
6683
6705
7222
7247
7279
7303
7343
7452
7543
7568
7590
7667
7689
7716
7739
7765
8990
9012
9034
9061
9088
9113
9136
9158
9179
9214
9235
9274
9611
9653
9679
9700
9721
9742
9763
9786
9994
10263
10287
10910
10932
10955
11000
11034
11057
11356
11378
11553
11896
12143
12164
12539
12571
12629
12667
12701
12734
12760
12788
12814
12836
12894
12917
12958
13043
13128
13410
13565
13598
13620
14252
15224
15268
15294
15494
15521
15682
15721
15818
15840
16543
16706
16730
16757
16790
16819
16842
16991
17115
17187
17209
17381
17403
17693
17931
18153
19166
19187
19215
19237
19336
19962
19987
20027
20319
20341
20363
20384
20412
20442
20471
20495
20516
21224
21250
21271
21296
21317
21338
21359
21394
21444
21810
21838
21863
21884
21906
21931
22051
22186
22209
22248
22390
22490
22524
22574
22658
22733
22876
22955
22981
23016
23043
23070
23104
23130
23154
23189
23236
23259
23282
23312
23335
23362
23384
23415
23437
23470
23498
23567
23602
23636
23662
23700
23811
23833
23868
23893
23917
23950
23982
24008
24040
24064
24093
24116
24142
24171
24192
24215
24331
24782
24832
24862
24884
24906
24929
24964
24997
25082
25106
25131
25212
25272
25295
25327
25374
25850
25872
25909
25930
25980
26001
26036
26066
26088
26111
26148
26197
26218
26253
26282
26304
26331
26355
26376
26411
26475
26551
26573
26636
26666
26694
26717
26738
26761
26802
26823
26865
26898
27289
27311
27338
27372
27395
27426
27454
27491
27512
27561
27588
27610
27635
27673
27708
27744
27772
27794
27835
27860
27887
27915
27956
27982
28021
28047
28072
28096
28119
28150
28179
