# 302, 1dcb1d8c989ba36ce93e6a38ed250588c6527ed25ebb11ee5bde10a11a4da945.SC2Replay
2947
2977
3014
3039
3574
8583
8604
8625
8683
8710
8735
8789
8813
9179
9204
9242
9270
9301
9325
9348
9387
9408
9431
9818
9856
9887
9910
9946
9986
10016
10347
10369
10404
10487
10527
10847
10869
11604
11634
11813
11851
11874
11915
12019
12316
12747
12784
12810
12833
12854
12887
12908
12930
13182
13210
13244
13283
13308
13347
13378
13402
13425
13461
14077
14117
14180
14204
14226
14247
14333
14354
14531
14565
14590
14614
14639
14669
14699
14730
14765
14787
14823
14878
14926
14956
14993
15016
15041
15062
16186
16208
16240
16270
16297
16327
16580
16735
16757
17014
17037
17061
17084
17110
17142
17164
17185
17212
17233
17255
17276
17299
17329
17361
17399
17420
17441
17463
17492
17515
17538
17601
17630
17659
17700
17723
17756
18152
18173
18206
18228
18291
18329
18355
18378
18428
18457
18480
18520
18554
19959
19984
20008
20032
20056
20090
20181
20204
20230
20263
20295
20324
20361
20402
20423
20761
20785
20812
20896
20921
20947
20974
21005
21027
21053
21129
21155
21190
21216
21243
21264
21301
21325
21357
21538
21563
21586
21607
21634
21880
21939
21974
21999
22040
22062
22395
22429
22465
22497
22521
22615
22636
22672
22697
22724
22754
22777
22809
22837
22858
22884
23351
23373
23397
23422
23447
23474
23495
23516
23538
23560
23581
23602
23624
23657
23687
23711
23752
23784
23809
23830
23855
23877
23905
23929
23952
23978
24007
24028
24053
24081
24102
24131
24169
24198
24232
24267
24295
24317
24338
24370
24400
24430
24454
24487
