# 405, 1211f6caed9b0777fa6f85ec3acad888a2120533474847dda317279dc8f736ca.SC2Replay
6695
7301
8220
8254
8277
8303
8380
8403
8425
9741
9763
9791
9821
9842
9864
9901
10194
10225
10246
10275
10306
10340
10376
10398
10432
10456
10477
10506
10531
10566
10591
10614
10668
10689
10714
10738
10767
10795
10821
10843
10864
10895
10929
10967
10996
11017
11042
11068
11100
11122
11151
11621
11644
11666
11699
11721
11746
11781
11810
11831
11856
11878
11903
11924
11946
11968
12342
12368
12405
12426
12518
12641
12677
12713
12735
12770
12857
12893
12921
12948
12970
13006
13033
13072
13113
13140
13171
13193
13220
13244
13265
13286
13307
13332
13428
13452
13490
13514
13554
13587
13619
13646
13677
13720
13742
13787
13985
14012
14035
14056
14091
14113
14137
14158
14191
14215
14239
14279
14300
14322
14348
14375
14396
14423
14446
14472
14493
14515
14536
14562
14586
14609
14646
15130
15153
15176
15199
15222
15245
15267
15296
15332
15369
15397
15418
15439
15462
15491
15528
15550
15579
15606
15645
15707
15729
15870
15891
15931
15957
15993
16015
16043
16083
