# 695, 1b6625c1909876b224392b1e45a67c877a0f145958c22e69fc8b9c09bdc3d7a1.SC2Replay
1333
1365
1409
1452
1490
1693
1723
1765
1789
1832
1855
1881
1908
1940
1989
2040
2070
2112
2139
2269
2313
2339
2402
2430
2470
2495
2521
2775
2832
2875
2915
2960
3119
3151
3174
3216
3242
3296
3888
3910
3940
3972
4007
4032
4056
4095
4123
4236
4508
4541
4565
4589
5099
5125
5164
5394
5421
5454
5555
5584
6088
6114
6729
6756
6882
6909
8860
8882
8903
8936
8958
9643
9680
9707
9728
9755
9777
9811
9832
9854
9880
9919
9950
9987
10008
10037
10062
10084
10114
10149
10176
10253
10287
10308
10330
10356
10382
10423
10464
10494
10524
10559
10582
10605
10631
10654
10675
10696
10727
10757
10788
10811
10834
10855
10896
10934
10973
10997
11021
11048
11074
11102
11126
11147
11177
11199
11220
11245
11270
11291
11323
11352
11390
11411
11590
11627
11656
11692
11726
11747
11777
11804
11829
11854
11881
12711
12735
12756
12778
12801
12826
12847
12868
12890
12911
12944
12975
13190
13221
13248
13278
13299
13320
13344
13368
13693
13722
13746
13769
13792
13826
13851
17882
17905
17933
17966
18004
18031
18062
18094
18126
18147
