# 720, 15fea63286ac97ae98138018da3f72cff6ef2fe5b61c333789c0b79110fec447.SC2Replay
4747
4837
4864
5017
5188
5242
5355
5707
5738
5765
5970
6010
6127
6148
6188
6269
6292
6401
6433
6459
6835
6868
6897
6919
7061
7129
7228
7313
7461
7494
7535
7653
7742
7860
8078
8325
8669
8771
8850
8967
9547
9575
9771
9801
9834
9857
9887
9915
9954
9989
10026
10057
10095
10126
10157
10182
10204
10232
10259
10280
10303
10345
10381
10404
10440
10466
10490
10515
10556
10580
10607
10632
10669
10690
10722
10752
10773
10794
10822
10843
10879
10906
10930
10963
10990
11012
11128
11149
11182
11210
11250
11282
11315
11344
11367
11403
11438
11471
11641
11665
11695
11726
11762
11842
11875
11910
11931
12033
12067
12101
12134
12163
12295
12321
12351
12372
12398
12488
12512
12534
12575
12598
12621
12642
12666
12695
12734
