# 853, 0c999e43418e0d37fea627c1fea703c4a613a432df7cccfb85c561f018bd322e.SC2Replay
6865
6891
6927
6955
9821
11474
11511
11561
11584
11620
11641
11664
11689
11713
11751
11792
11813
11843
11864
11899
12021
12083
12252
12273
12297
12323
12363
12396
12419
12447
12477
12506
12529
12551
12575
12603
12634
12682
12708
12736
12760
12781
12803
12825
12849
12877
12960
12987
13024
13138
13177
13225
13246
13274
13325
13356
13377
13408
13449
13607
13643
13674
13708
13744
13765
13786
13808
13853
13883
13906
13937
13968
13991
14022
14091
14129
14151
14175
14201
14224
14524
14545
14624
15032
15193
15217
15239
15262
15294
15315
15339
15360
15382
15511
15536
15564
15605
15633
15654
15675
15710
15737
15767
15794
15816
15841
15876
15903
15941
15979
16009
16041
16064
16098
16231
16253
16408
16430
16451
16499
16524
16547
16568
16592
16626
16663
16693
16721
16760
16791
16814
16933
16969
16994
17019
17040
17063
17091
17117
17151
17197
17231
17252
17292
17322
17344
17369
17391
17428
17486
17689
17713
17756
18059
18215
18473
18667
18694
18771
19203
19327
19348
19373
19404
19425
19459
19482
19511
19551
19582
19811
19843
19874
19906
20107
20201
20242
20834
20856
20877
20902
20934
20956
20977
20998
21302
21417
21438
21478
21499
21520
21541
21563
21590
21611
21633
22055
22077
22100
22122
22149
22176
22208
22237
22271
22326
22348
22386
22411
22433
22461
22499
22741
22766
22788
22813
22854
22882
22914
22936
22957
23287
23318
23386
23411
23434
23457
23479
23533
23568
23594
23625
23656
23835
24063
24093
24355
24378
24402
24427
24641
24682
24715
24739
24765
24789
24810
24839
