# 1075, 06056acd5fbbc5a12c14aa82f9a0a77dc6a241b4a8e3e468e592a7021863a785.SC2Replay
5872
5893
5929
5963
5985
6013
6039
6063
6687
6783
6821
7271
7294
8166
8373
8399
8443
9169
9279
9303
9324
9566
9589
9612
9665
9688
9711
9743
9769
9790
9811
9832
10104
10136
10210
10231
10260
10319
10340
10440
10478
10509
10531
10552
10574
10867
10913
10934
10963
11097
11125
11151
11381
11402
11428
11465
11513
11615
12051
12078
12110
12202
12226
12249
12271
12610
12640
12697
12723
12747
12770
12798
12831
12854
12876
12908
12939
13009
13081
13129
13170
13212
13233
13520
13557
13595
13912
13933
13954
13978
14003
14036
14060
14085
14106
14131
14162
14193
14260
14298
14408
14429
14455
14482
14543
14564
14588
14610
14722
14748
14770
14812
14849
14878
14908
14940
14967
15005
15027
15052
15161
15241
15380
15406
15429
15453
15474
15511
15532
15563
15590
15618
15640
15668
15698
15722
15746
15767
15789
15814
15838
15865
15898
15923
15954
15986
16007
16045
16412
16642
16663
16686
16717
16745
16766
16855
16892
16931
16957
16978
18088
18112
18263
18291
18313
18335
18357
18378
18399
18435
18462
18486
18507
18544
18577
18835
18870
18892
19103
19135
19186
19215
19239
19262
19287
19341
19367
19394
19415
19436
19462
19488
19515
19540
19624
19860
20081
20418
20445
20485
20507
20532
20602
20633
20674
20697
20769
20796
20837
20868
20900
20926
20948
