# 424, 23827b326a21248847089d67111c139e860cada527f6c39816dfea40f14a20ea.SC2Replay
4740
6116
6137
6161
6195
6247
6273
6845
6872
6905
7051
7075
8616
8643
8667
8693
8755
8783
8813
8846
8869
8890
8961
8986
9077
9118
9149
9173
9200
9223
9253
9283
9305
9334
9368
9402
9642
9672
9696
9770
10129
10154
10176
10214
10247
10277
10303
10368
10398
10422
10464
10496
10529
10756
10784
10806
10838
10870
10909
10939
10962
10989
11018
11103
11461
11502
11525
11566
11588
11609
11649
11685
11709
11748
11782
11809
11834
11859
11885
11909
11941
11962
12110
12137
12164
12198
12280
12333
12363
12394
12423
12446
12483
12504
12525
12555
12576
12607
12645
12671
12692
12713
12753
12857
12888
12912
13003
13064
13137
13190
13213
13236
13338
13427
13467
13496
13518
13541
13562
13583
13623
13644
13737
13758
13779
13816
13839
13860
13884
14083
14107
14134
14159
14186
14214
14251
14278
14300
14321
14342
14365
14397
14443
15124
15158
15179
15304
15327
15353
15375
15397
15418
16002
16051
16072
16099
16137
16172
16195
16221
16244
16581
16635
17777
17807
17848
17878
17900
17963
17985
18006
18041
18065
18087
18121
18143
18167
18190
18212
18233
18254
18286
18324
18360
18395
18418
18441
18471
18505
18528
18549
18575
18611
18950
18987
19009
19041
19073
19097
19131
20040
20062
20241
20265
20286
20759
20781
20806
20841
20872
20901
20926
20948
20979
21003
21038
21079
21101
21124
21151
21184
21205
21226
21263
21285
21324
21345
21383
21404
21434
21457
21481
21502
21525
21555
21585
21615
22179
22200
22232
22256
22288
22310
22336
22532
22885
22908
22932
22966
22987
23009
23038
23060
24540
24565
24586
24608
24657
24680
24703
24727
24768
24800
25002
25036
25061
25082
25741
25765
25788
25815
26473
26508
26679
27290
27314
27652
27676
27810
27839
27861
27882
27949
27975
28006
28027
28588
28610
28649
28852
28874
29213
29245
29271
29300
29326
29355
29378
29402
29427
29511
29542
29568
29593
29625
