# 261, 1ac5da79015b6f65466483f9fb91ac1e36f8423ab4e3a548a39217be81e1df7d.SC2Replay
5846
5871
5903
5925
5952
5973
6257
6283
7301
7331
7352
7379
7403
7439
7482
7503
7532
7704
7725
7768
7810
7853
7882
7907
7947
7972
7998
8020
8047
8087
8123
8144
8170
8196
8220
8262
8289
8325
8362
8390
8414
8438
8467
8494
8521
8556
8613
8636
8658
8681
8704
8747
8768
8805
9038
9061
9085
9118
9148
9173
9207
9233
9256
9281
9315
9354
9375
9405
9444
9465
9486
9509
9538
9570
9604
9649
9679
9723
9759
9780
9801
9825
9854
9893
9927
9954
9976
10016
10048
10077
10100
10124
10557
10579
10605
10635
10661
10704
10746
10782
10811
10852
10874
10898
10921
10956
10997
11025
11062
11084
11105
