# 21, 108abe652b364ed3be95e0583c0468b9675213df89c0d85fafdf93423712e742.SC2Replay
4938
5056
5097
5156
5180
5214
5336
5364
5445
5558
5626
5674
5736
5959
6012
6044
6097
6270
6341
6367
6400
6446
6482
6575
6602
6792
6862
7010
7043
7125
7517
7560
7589
7627
7928
7974
7995
8024
8052
8103
8130
8171
8202
8229
8271
8298
8332
8367
8409
8431
8472
8494
8531
8586
8622
8686
9013
9039
9134
9199
9236
9262
9302
9335
9388
9477
9517
9568
9621
9670
9731
9881
9948
10007
10053
10084
10122
10192
10264
10291
10341
10367
10412
10452
10516
10593
10621
10655
10695
10724
10800
10843
10916
11050
11098
11488
11682
11713
11797
11996
12026
12091
12122
12187
12224
12265
12336
12472
12509
12554
12892
13103
13185
13258
13308
13387
13413
13461
13592
13658
13705
13962
14050
14165
14193
14267
14459
14545
14571
14612
14680
14713
14737
14825
14850
14905
14928
14968
15051
15074
15102
15173
15202
15230
15377
15887
15918
16321
16371
16414
16490
16734
16779
16870
16900
16928
17013
17053
17130
17198
17327
17415
17750
17821
17854
17971
17995
18093
18213
18266
18386
18416
18439
18482
18875
18929
18972
18996
19089
19141
19169
19227
19265
19290
19313
19389
19522
19652
19691
19867
19891
19914
20029
20066
20327
20446
20483
20716
20883
20952
21006
21027
21058
21446
21747
21790
21823
21877
21905
21936
21993
22130
22240
22278
22299
22390
22451
22537
22589
22637
22736
22760
23050
23087
23125
23338
23488
23621
23739
23762
23784
23834
23900
23931
24088
24171
24204
24230
24261
24606
24720
24792
24908
25086
25159
25423
25682
25723
25755
26111
26349
26405
26622
26651
26817
26851
27086
27108
27179
27200
27350
27524
27638
27672
28025
28075
28109
28157
28197
28242
28567
28657
28681
28703
29137
29165
29317
29357
29378
29406
29785
29843
29869
29972
30049
30089
30123
30156
30186
30213
30245
30273
30413
30463
30562
30745
30871
30895
30922
30953
30993
31026
31047
31068
31094
31133
31155
31177
31250
31286
31316
31345
31373
31402
31473
31502
