# 310, 0388e318fcdce6262bb1652fb9c4d9f7032965adc16f39c89ec20608621add46.SC2Replay
6000
6022
6046
6087
6110
6140
6176
6216
6238
6266
6297
6321
6419
6446
6471
6493
6529
6550
6763
6784
6809
6833
6864
7256
7294
7469
7506
7542
7576
8483
9001
9487
9527
9717
9818
9839
9923
9990
10012
10058
10142
10312
10439
10464
10575
10597
10618
10639
10660
10694
10719
10745
10783
10812
10841
10868
10889
10917
10938
10970
11009
11044
11109
11149
11188
11213
11264
11287
11340
11404
11432
11467
11488
11512
11539
11589
11626
11660
11709
11744
11791
11815
11841
11878
11933
11967
11997
12071
12111
12193
12324
12421
12469
12495
12632
12685
12707
12762
12794
12815
12893
12937
12981
13017
13134
13162
13184
13216
13258
13304
13328
13359
13394
13490
13520
13608
13632
13662
13683
13704
13725
13759
13783
13808
13855
13886
13934
13964
14000
14021
14048
14078
14112
14134
14160
14182
14203
14225
14255
14315
14430
14459
14514
14554
14576
14604
14728
14762
