# 500, 264744fa1890be598fbd20a982eab61b6e2732e2b03b1ee5097fdc7e354b37bc.SC2Replay
3260
3356
3388
3412
3445
3466
3690
3716
3741
3765
3802
3867
4415
4436
4464
4486
4817
4847
4887
4908
5444
5466
5490
5513
6361
6382
6403
6429
6794
6816
6933
7009
7038
7062
7094
7128
7213
7237
7265
7315
7346
7411
7440
7470
7513
7565
7609
7633
7662
7683
7712
7907
7932
8577
8601
8896
8918
8955
8982
9042
9068
9092
9113
9502
9530
9553
9574
9610
9868
9893
9914
10184
10205
10227
10253
10289
10329
10362
10385
10407
10428
10465
10501
10526
10557
10595
10621
10662
10701
10727
10752
10773
10795
10846
10876
11187
11231
11264
11325
11382
11410
11449
11480
11510
11538
11559
11583
11604
11625
11655
11687
11778
11882
12063
12209
12304
12329
12354
12384
12430
12477
12498
12521
12546
12586
12614
