# 481, 178ce53738a2ab94ee11a92dc8f8589a6a8d8790b510ed4341d1514c85ee3d15.SC2Replay
3508
3534
3852
4270
4291
4703
4798
5142
5168
5205
5229
5261
5300
5329
6448
6469
6498
6519
6544
6574
6805
6832
6853
6879
7120
7141
7197
7311
7347
7372
7406
7430
7463
7491
7524
7548
7800
7827
7853
7937
8303
8337
8363
8389
8458
8483
8563
8593
8633
8656
8681
8790
8812
8838
8879
8901
8926
8956
8977
9100
9140
9174
9203
9227
9250
9568
9595
9616
9645
9677
9738
9763
9786
9818
10099
10123
10611
10632
10659
10757
10780
10976
10997
11323
11361
11385
11479
11501
11527
11967
11988
12021
12059
12087
12547
12568
12598
12625
12855
12878
12923
12945
13115
13142
13167
13212
13302
13535
13573
13603
14001
14835
15668
15696
16196
16221
16409
16433
16465
16515
16541
16575
16599
16627
16651
16675
16705
16726
16766
16803
17110
17133
17163
17199
17616
17640
17732
17777
17822
17849
17871
17895
17929
18162
18208
18234
18257
18283
18307
18347
18394
18434
18473
18498
18529
18551
18575
18596
18617
18650
18674
18753
18774
18808
18869
18898
18920
18946
18970
19003
19027
19066
19183
19213
19245
19274
19491
19513
19539
19573
19597
19618
19653
19773
19798
19819
19840
19879
19981
20027
20329
20353
20374
20398
20425
20448
20473
20514
20535
20570
20604
20633
20666
20687
20716
20737
20760
20789
