# 175, 25b9b8b02e63a05dfa95bbfd2218c47ae8d250bf501350b4595fc46ea6599af5.SC2Replay
7971
8001
8154
8179
8429
8450
8471
8500
8522
8581
8614
8636
8663
8684
8705
8746
8770
8794
8833
8942
8979
9014
9207
9297
9397
9472
9672
9722
9745
9779
9818
9928
9974
10005
10098
10133
10162
10247
10269
10316
10639
10786
10809
10845
11093
11123
11146
11167
11188
11267
11307
11337
11378
11403
11527
11713
11738
11759
11857
11907
11942
12139
12218
12484
12523
12547
12571
12905
12966
12993
13023
13045
13099
13121
13183
13205
13228
13249
13317
13354
13380
13401
13427
13484
13508
13539
13601
13624
13645
13668
13702
13735
13768
13794
13815
13850
13873
13911
13941
13971
13993
14330
14354
14380
14469
14492
14516
14542
14567
14595
14624
14662
14696
14722
14743
14773
14797
14822
14847
14876
14907
14930
14956
14984
15005
15026
15101
15124
15201
15228
15255
15302
15330
15351
15378
15404
15528
15564
15604
15754
15804
15847
15901
15934
15994
16090
16126
16172
16201
16247
16518
16559
16588
16609
16630
16661
16749
16783
16804
16832
16856
16884
16925
16952
16994
17033
17059
17080
17109
17138
17159
17180
17211
17563
17881
18081
18315
18357
18411
18437
18512
18630
19074
19137
19213
19372
19405
19489
19742
19772
20200
20239
20372
20407
20604
20660
20688
20723
20793
20859
20945
20968
21295
21384
21491
21528
21565
21981
22041
22072
22258
22319
22407
22428
22449
22470
22494
22515
22542
22574
22597
22624
22651
22672
22703
22724
22746
