# 300, 298a177ee9337e70fb5b4a0bad2b23d348a73748118eaf43b590af0f8bc62f32.SC2Replay
5599
5621
5661
5682
5705
5736
5761
5783
5806
5838
6026
6067
6088
6138
6184
6211
6233
6270
6291
6312
6333
6367
6388
6416
6443
6987
7021
7044
7418
7500
8950
8979
9005
9028
9049
9080
9107
9128
9454
9560
9581
9617
9640
9661
9690
9765
9795
9835
9869
9900
9926
9949
9971
9993
10058
10098
10120
10141
10167
10191
10216
10244
10277
10305
10332
10368
10396
10419
10440
10465
10487
10511
10857
10879
10901
10922
10954
10980
11006
11053
11092
11133
11159
11188
11303
11329
11356
11378
11399
11423
11447
11475
11498
11520
11606
11628
11649
11687
11716
11737
11765
11789
11811
11841
11866
11888
11917
11942
11968
11996
12018
12053
12093
12118
12146
12167
12190
12223
12245
12267
12291
12315
12340
