# 1246, 100d64f00b6f65328905d84007908efff21aa5a263ec80ce50089ffb330bd341.SC2Replay
4855
4876
6730
6751
6772
6811
6833
6856
6888
6919
6940
6962
6984
7009
7093
7127
7164
7185
7735
7760
7795
7819
8065
8096
8941
9056
9113
9151
9212
9426
9480
9576
9734
9763
10197
10236
10494
10559
10597
10618
10689
10722
10750
10786
10838
11024
11171
11192
11221
11260
11292
11385
11440
11470
11492
11526
11591
11635
11660
12054
12169
12193
12699
12779
12831
13180
13302
13341
13362
13391
13462
13523
13545
13569
13614
13638
13659
13764
13858
13890
13967
13992
14033
14063
14149
14458
14482
14553
14590
14652
14681
14735
14869
14905
14958
14994
15026
15085
15159
15214
15250
15316
15357
15378
15427
15452
15524
15559
15589
15629
15703
15778
15799
15910
16086
16145
16224
16269
16297
16363
16410
16442
16568
16631
16677
16716
16777
16839
16940
16995
17024
17052
17098
17138
17358
17399
17496
17519
17561
17584
17614
17635
17664
17686
17710
17759
17802
17828
17855
17876
17906
17927
17950
17976
17999
18021
18048
18069
18108
18158
18197
18232
18264
18292
18331
18356
18397
18435
18464
18501
18527
18560
18597
18632
18660
18698
18737
18761
18992
19017
19045
19081
19111
19461
19514
19584
19616
19668
19775
19878
19916
19959
19999
20067
20094
20217
20262
20287
20328
20399
20462
20503
20589
20656
20719
20744
20792
20858
20889
