# 1458, 0f3671f6c193a1f958db37863fc457304fcf36afa4273f95636014df2048c4e3.SC2Replay
3890
3917
4054
4192
4242
6038
6063
6096
6126
6147
6168
6196
6223
6408
6435
6456
6477
6515
6540
6573
6609
6631
6652
6689
6710
6737
6760
6781
6805
6840
6879
6904
6935
6958
6987
7010
7035
7076
7106
7229
7252
7273
7294
8656
8684
8725
8746
8767
8794
8818
8955
8994
9033
9090
9131
9158
9181
9204
9238
9274
9308
9329
9355
9382
9406
9436
9457
9488
9512
9537
9564
9590
9611
9634
9665
9689
9730
9762
9787
9825
9866
9900
9938
9962
9983
10013
10037
10061
10084
10108
10144
10174
10210
10231
10253
10284
10310
10348
10374
10407
10438
10530
10552
10576
10610
10636
