# 318, 1d4e4ab39adefe21de1f5e12ddca8fdb6ba1c811472d8c46f040cec899113c5f.SC2Replay
2840
2878
2930
2956
2985
3037
3073
3132
3177
3199
3234
3278
3449
3593
3765
3809
3842
3876
3911
3955
4122
4216
4269
4302
4340
4464
4509
4613
4641
4695
4737
4793
4836
4876
4957
5022
5808
5893
5917
6019
6040
6067
6092
6132
6153
6191
6214
6253
6304
6335
6406
6430
6453
6512
6545
6581
6630
6788
6829
6874
6940
7086
7167
7200
7222
7257
7279
7309
7340
7379
7414
7435
7459
7485
7521
7543
7608
7645
7675
7703
7728
7758
7871
7924
7991
8037
8063
8084
8111
8137
