# 1394, 111e047f9fc0349096a9d30bdebe2811b2ed861ce5347d5315091bf4df215490.SC2Replay
2919
3505
3526
3618
4679
4700
5433
5457
5483
5513
5534
5645
5668
5855
5878
5899
5989
6357
6378
6399
6420
6441
6465
6491
6813
6843
6884
6908
6936
6957
7374
7601
8121
8312
8337
8375
8407
8448
8485
8509
8534
9098
9320
9368
9406
9440
9464
9485
9508
9609
9630
9655
9760
9822
9896
9979
10048
10078
10113
10150
10172
10220
10255
10521
10564
10608
10673
10810
10841
10945
10966
11055
11086
11110
11142
11175
11196
11218
11337
11615
11690
11719
11747
11768
11792
11825
11846
11867
11893
11914
11945
11969
11997
12020
12044
12068
12099
12132
12314
12340
12370
12391
12417
12508
12666
13122
13143
13166
13218
13239
13308
13433
13462
13485
13526
13547
13581
13620
13659
13684
13725
13747
13779
13802
13823
14026
14053
14075
14098
14124
14148
14170
14207
14248
14269
14308
14330
14352
14374
14399
14437
14463
14485
14506
14527
14558
14579
14602
