# 478, 22832779a66d3415baf0135624c46ab7feb3ed3a57ee51c408b6f81abcb660c2.SC2Replay
4798
4849
5119
5147
5174
5195
5220
5247
5270
5292
5320
5346
5367
5394
5415
5437
5475
5552
5656
5713
5763
5786
5844
5871
5916
6060
6090
6111
6134
6176
6217
6243
6278
6302
6333
6357
6381
6405
6430
6469
6505
6530
6560
6598
6634
6672
6696
6728
6819
6845
6884
6913
7137
7188
7225
7246
7292
7633
7667
7724
7750
7853
7874
7915
7937
7965
7992
8028
8056
8097
8206
8260
8281
8303
8330
8355
8423
8462
8730
8771
8794
8815
8836
8861
8882
8905
8951
9040
9131
9152
9179
9208
9241
9264
9286
9316
9338
9367
9406
10026
10047
10129
10166
10198
10232
10369
10697
10767
10809
10835
10861
11268
11308
11536
11709
11756
11896
11931
11965
11991
12027
