# 977, 1ae2abe9d567d41aeff73c4f387c98ebc13c1bc8b451c67ed23d79386bf8b4da.SC2Replay
3928
4245
4266
4787
4851
4875
6649
6671
8540
8576
8603
8625
8654
10054
10088
10114
10148
10173
10327
10357
10390
10421
10546
10765
10788
10809
10838
10972
10999
11022
11046
11074
11099
11130
11336
11377
11405
11439
11467
11490
11512
11536
11561
11593
11631
11658
11682
11716
11741
11769
11913
11934
11966
11992
12022
12043
12073
12138
12169
12313
12343
12365
12510
12543
12776
12797
12822
13157
13316
13350
13372
13395
13425
13449
13472
13511
13532
13560
13584
13610
13640
13663
13720
13757
13780
14408
14433
14747
14786
15729
15757
15781
16011
16034
16057
16080
16440
16461
16697
16722
16746
16774
16825
16892
16913
16934
16972
16996
17022
17055
17076
17103
17134
17222
17243
17270
17291
17327
17351
17509
17547
17583
17677
17698
17725
17746
17767
17800
17836
17858
18460
18494
18531
18557
18592
18614
18637
18669
18691
18712
18735
18759
18786
18809
18831
18881
18908
18929
18963
18985
19012
19045
19072
19096
19122
19147
19177
19205
19231
19281
19302
19364
19400
19430
19839
19867
20345
20442
20464
20493
20795
20821
20843
21192
21217
21242
21291
21522
21543
21564
21592
21620
21813
21853
21877
21971
22004
22031
22052
22073
22108
22132
22158
22182
22219
22301
22845
22882
23356
23385
23422
23443
23464
23488
23516
23538
23563
23683
23750
23860
23889
24035
24069
24230
24273
24339
24417
24527
24551
24587
24708
24740
24919
24951
24974
25019
25043
25073
25107
25139
25176
25217
25420
25451
25476
25521
25572
25595
25620
26233
26264
26492
26521
26914
26935
27240
27266
27296
27317
27354
27605
27776
27934
27970
28135
28228
28259
28285
28307
28332
28363
28574
28597
28618
28644
28669
28692
28733
28836
28910
29067
29091
29206
29305
29402
29424
29460
29550
29589
29616
29643
29684
29706
29729
29780
29808
30047
30070
30091
30118
30154
30190
30214
30236
30262
30283
30318
30347
30372
30393
30421
30455
30482
30509
30555
30617
