# 680, 0cec2f096f7fd6093be915a1304d526c105f5b856bdd649f8db45ae546439899.SC2Replay
3907
3935
3957
3978
11046
11072
11148
11170
11202
11228
11250
11274
11296
11326
11351
11374
11402
11427
11452
11476
11503
11568
11589
11617
11639
11663
11692
11716
11742
11763
11784
11805
14109
14216
14246
14272
14295
14317
14342
14367
14414
15254
15287
15310
15700
15724
15986
16007
16032
16068
16095
16192
16233
16257
16401
16423
16560
16584
16617
16647
16673
16695
16718
16837
16865
16903
16928
16952
16990
17015
17087
17113
17149
17180
17333
17354
17383
17417
17438
17463
17488
17509
17530
17553
17574
17600
17634
17656
17688
17767
17790
17813
17838
17873
17902
17927
17955
17992
18044
18088
18109
18131
18168
18189
18210
18231
18267
18291
18559
18583
18617
18639
18672
18705
18731
18755
18778
18819
18842
18871
18894
18916
18986
19013
19041
19064
19090
19120
19146
19171
19192
19228
19255
19284
19320
19341
19366
19387
19411
19436
19477
19516
19542
19565
19598
19621
19645
19666
19695
19736
19777
19800
19828
19851
19872
19902
19938
19970
19992
20031
20052
20078
20102
20141
20180
20201
20228
20342
20371
20393
20414
20438
20460
20482
20508
20531
20552
20590
20612
20639
20703
20726
20990
21020
21042
21075
21102
21125
21154
21192
21227
21697
21789
21830
21886
21913
21947
22027
22066
22092
22117
22144
22165
22188
22220
22242
22265
22290
22316
22339
22369
22391
22425
22446
22469
22500
22521
22552
22616
22647
22924
22971
23011
23035
23059
23241
23285
23320
23342
23364
23385
23418
23439
23460
23494
23528
23558
23730
