# 0, 021643e06dea5b837d00001983961b6d43386f119a65c2b7d8529e387b4efaf6.SC2Replay
4
211
325
413
577
621
869
938
1768
1902
2026
2558
2614
2714
2809
2923
3126
3316
3504
4109
4375
4408
5179
5214
5664
5862
6141
6289
6755
6937
7116
7183
7206
7257
7480
7569
7618
7644
7668
7715
7758
7785
7890
7929
7955
7980
8009
8030
8051
8085
8115
8136
8160
8183
8256
8364
8421
8672
8710
8738
8808
8849
8893
8925
8981
9018
9107
9149
9290
9331
9414
9444
9623
9658
9747
9906
9988
10080
10120
10313
10457
10549
10599
10652
10674
10726
10763
10845
10933
10998
11036
11067
11136
11302
11329
11429
11498
11546
11644
11699
11757
11824
11876
11929
11979
12006
12034
12182
12242
12278
12321
12401
12441
12606
12726
12837
12900
13001
13049
13105
13138
13219
13240
13296
13343
13472
13520
13542
13591
13622
13662
13684
13754
13815
13837
13861
13981
14088
14206
14265
14363
14600
14691
14761
14814
14836
14910
14979
15044
15067
15274
15314
15341
