# 1713, 18d2023b76e43a9769494e3a54bd314da92b1a7bedad7e25c3675e12d0224746.SC2Replay
15979
16000
16027
16048
16076
16193
16214
16240
16267
17242
17271
17294
17335
17365
17396
17421
17445
17466
17490
17514
17537
17559
17580
17604
17629
17663
17778
17806
17829
18182
18217
18250
18272
18293
18320
18348
18376
18409
18439
18464
18486
18518
18539
18561
18588
18623
18821
18843
18864
18903
18938
18961
18987
19013
19034
19055
19095
19116
19138
19161
19196
19236
19263
19289
19321
19351
19372
19554
19584
19613
19653
19677
19708
19731
19752
19790
19813
19842
19864
19886
19919
19943
19968
20139
20161
20196
20229
20274
20322
20387
20415
20447
20482
20507
20543
20564
20585
20608
20643
20666
20697
20719
20757
20781
20805
20832
20858
20888
20928
20958
21020
21047
21070
21096
21124
21148
21186
21212
21236
21274
21299
21325
21346
21374
21395
21434
21465
21486
21526
21574
21635
21661
21685
21707
21728
21750
21772
21793
21814
21836
21861
21890
21911
21933
21956
21990
22013
22046
22070
22103
22125
22161
22199
22230
22253
22275
22368
22395
22428
22454
22485
22506
22528
22568
22589
22612
22906
22933
22958
22982
23020
23045
23068
23090
23115
23136
23158
23179
23206
23232
23257
23278
23308
23348
23370
23392
23413
23730
23762
23794
23817
23858
23892
23921
23942
23964
23988
24012
24035
24057
24079
24111
24148
24172
24199
24225
24261
24284
24307
24471
24495
24516
24540
24566
24590
24611
24849
24878
24913
24935
24962
24989
25010
25716
25741
25764
25793
25821
25844
25880
25916
25949
25975
25997
26042
26070
26103
26125
26150
26175
26200
26222
26251
26279
26308
26344
26406
26430
26452
26488
26512
26535
26563
26584
26616
26648
26677
26702
26723
26753
26775
26802
26829
26860
26890
26915
26953
26985
27020
27044
