# 1022, 19e728b5f5afc8cf39540d4cfb8d6100d7a8d235e6c5e7839a81fbcdad4bc69e.SC2Replay
3906
3929
3950
3991
4024
4045
4066
4097
4120
4142
4163
4185
4233
4287
4326
4487
4622
4646
4667
4745
4768
4825
4848
4886
4933
4969
5014
5039
5061
5089
5112
5134
5172
5201
5288
5314
5340
5363
5391
5435
5465
5517
5550
5571
5638
5661
5684
5707
5730
5751
5780
5805
5875
5900
5932
5963
5994
6023
6069
6261
6291
6317
7113
7248
7287
7422
7976
8004
8064
8162
8192
8445
8571
8610
8649
9134
9170
9202
9228
9262
9283
9304
9563
9632
9655
9684
9705
9939
10302
10361
10396
10505
10666
10693
10717
10747
10775
10796
10821
10842
10876
10902
10924
10983
11007
11031
11052
11073
11101
11141
11165
11186
11211
11239
11272
11293
11314
11341
11363
11494
11517
11685
11713
11736
11802
11856
11931
11956
11995
12041
12463
12514
12553
12576
12598
12697
12718
12771
12808
13196
13220
13252
13288
13314
13355
13385
13672
13706
13735
13761
13791
13831
13857
13880
13966
14000
14030
14061
14101
14134
14155
14179
14201
14225
14253
14306
14327
14349
14396
14420
14908
14936
15125
15200
15224
15321
15345
15370
15393
15414
15466
15497
15518
15547
15583
15606
15633
15829
15927
15949
15978
16005
16045
16117
16450
16490
16523
16609
16630
16665
16691
16718
16749
16781
16802
16824
16847
16878
16901
