# 1231, 1a1248294c2c432206f7e2722673d4d67b686c0d2b2dd350c313a4d82a17ec78.SC2Replay
3509
3537
3567
3589
3610
3772
4435
4464
4491
4512
4535
4559
4587
4609
4630
4659
4769
4797
4824
4858
5005
5138
5161
5194
5224
5248
5304
5761
5798
5842
5871
5899
5924
6052
6084
6111
6138
6159
6226
6269
6494
6515
6636
6658
6693
6736
6761
6788
6962
7087
7114
7152
7174
7206
7227
7251
7303
7640
7686
7720
7748
7777
7799
7848
7874
7895
7931
7972
8080
8129
8154
8181
8359
8380
8409
8438
8471
8501
8525
8547
8573
8610
8639
8660
8691
8712
8737
8762
8783
8814
8845
8877
8945
8966
8991
9012
9033
9058
9133
9158
9194
9222
9248
9277
9310
9355
9388
9423
9465
9489
9513
9534
9558
9594
9624
9646
9675
9700
9723
9746
9785
9819
9843
9873
9914
9941
9962
10059
10082
10106
10130
10169
10191
10212
10233
10263
10285
10306
10336
10368
10389
10414
10517
10548
10572
10598
10631
10657
10680
10706
10733
10759
10781
10805
11658
11681
11905
11945
11972
12004
