# 1158, 1cc7f5c1ea9236cfa7919182d8a8881ccf53210ba8fc1b6134613a31ac97c7a2.SC2Replay
6277
6298
6334
6358
6605
6627
6663
6684
6705
6726
6747
6780
6882
6908
6933
6954
6975
7131
7167
7211
7232
7301
7336
7372
7393
7414
7535
7681
7702
7723
7764
7786
7812
7834
7872
7895
7929
7969
7997
8018
8061
8174
8205
8231
8252
8286
8310
8339
8366
8396
8565
8588
8613
8640
8675
8699
8732
8766
8794
8818
8855
8876
8897
8937
9000
9021
9043
9069
9095
9116
9140
9177
9261
9282
9339
9361
9400
9513
9535
9556
9577
9639
9856
9877
9899
9978
10008
10035
10073
10105
10144
10172
10197
10218
10240
10265
10305
10328
10350
10371
10397
10423
10445
10467
10494
10557
