# 1837, 1122feb94672f27fcd2e5e37476dddb4ce01b8d7928366005eaea3bac7bea50b.SC2Replay
7103
7131
7156
7185
7217
7242
7272
7295
7326
7356
7381
7414
7435
7457
7484
7507
7540
7565
7606
7638
7659
7700
7728
7768
7795
7831
7872
7895
7932
7957
7979
8018
8040
8070
8094
8125
8146
8167
8190
8217
8241
8278
8374
8397
8596
8619
8696
8733
8789
8859
8966
9078
9113
9181
9277
9300
9321
9342
9380
9403
9426
9448
9469
9501
9533
9556
9580
9610
9635
9656
9681
9713
9745
9827
9856
9999
10020
10053
10076
10097
10125
10153
10181
10205
10233
10258
10283
10304
10783
10822
10843
10864
10900
10929
10959
10984
11018
11045
11066
11110
11582
11657
11783
11902
12086
12110
12182
12221
12246
12350
12437
12482
12504
12591
12621
12646
12931
12972
13022
13048
13332
13375
13396
13437
13468
13593
13666
13716
13769
13791
13872
13901
13939
13961
13984
14005
14026
14054
14075
14116
14145
14173
