# 1042, 2135a546d540397707d02785d6e4e1409dc17fd586b7b454cb873bf5f8258d64.SC2Replay
6590
6616
6650
6674
6706
6731
6812
7216
7247
7277
7307
7328
8757
9000
9173
9391
9412
9433
9497
9523
9589
9611
9688
10096
10136
10160
10477
10501
10534
10566
10587
10609
10831
10853
10877
10900
11071
11112
11134
11158
11184
11237
11264
11510
11547
11577
11598
11619
11640
11681
11789
11810
11832
11864
11885
11906
11927
11953
11982
12004
12043
12067
12109
12133
12157
12313
12335
12358
12379
12401
12445
12469
12526
12547
12570
12591
12630
12651
12674
12707
12748
12770
12800
12832
12858
12883
12905
12926
12949
12975
13003
13028
13049
13072
13111
13134
13160
13184
13210
13233
13261
13302
13330
13354
13375
13398
13419
13442
13475
13496
13520
13701
13722
13747
13769
13812
13839
13867
13889
13921
13951
13990
14029
14050
14082
14111
14135
14164
14186
14208
14229
14256
14277
14306
14332
14362
14385
14408
14438
14461
14482
14513
14537
14558
14579
14605
