# 160, 2991cf1ae02017cf3c0cd3d6113cba0e5a0701d54e14845995dd7bd0bc095316.SC2Replay
4205
4272
4308
4334
4421
4580
4635
4680
4884
4937
5060
5096
5177
5290
5423
5522
5579
5796
5819
5852
5970
6053
6142
6176
6197
6271
6337
6419
6445
6481
6502
6559
6595
6617
6705
6764
6798
6953
6978
7019
7084
7111
7169
7209
7312
7382
7433
7720
7836
7961
8012
8125
8269
8321
8475
8508
8613
8649
8758
8800
8827
8877
8942
9015
9152
9173
9232
9351
9390
9412
9460
9591
9675
9774
9833
9859
9927
10049
10088
10121
10147
10172
10193
10224
10254
10284
10311
10337
10360
10384
10408
10437
10462
10483
10504
10530
10557
10592
10620
10653
10685
10717
10764
10850
10978
11036
11162
11186
11241
11270
11336
11459
11494
11533
11690
11742
11771
11792
11817
11840
12022
12050
