# 1236, 13b8b37f2927a3de58b88b81fa239d89d9d586b59daa7e7096124a786fee3e0d.SC2Replay
4400
4425
6030
6051
6086
6113
8444
8626
8650
8671
10752
10831
11499
12909
12931
12963
12987
13038
13078
13411
13525
13551
13577
13598
13672
13693
13718
13739
13908
13934
13955
13977
14012
14049
14072
14100
14138
14169
14199
14221
14243
14265
14286
14307
14333
14364
14391
14444
14469
14492
14547
14670
14692
14729
14913
14937
14960
14997
15026
15050
15083
15108
15140
15162
15186
15210
15244
15265
15286
15307
15378
15415
15446
15467
15507
15531
15558
15593
15627
15714
15735
15756
15783
15824
15848
15876
15905
15934
15956
15979
16000
16032
16075
16115
16141
16164
16190
16220
16245
16279
16468
16489
16525
16548
16576
16599
16621
16642
16665
16693
16718
16746
16777
16799
16827
16848
16870
16895
16924
16977
17010
17032
17053
17081
17109
17155
17177
17198
17223
17260
17287
17308
17332
17364
17387
17413
17436
17463
17487
17515
17554
17768
17789
17812
17834
17861
17884
17905
17938
18012
18035
18095
18124
18153
18174
18199
18227
18250
18281
18308
18330
18362
18385
18419
18446
18480
18507
18560
18589
18615
18814
18848
18871
18906
18943
18970
18992
19028
19057
19098
19124
19154
19179
19200
19222
19253
19283
19308
19339
19360
19382
19418
19457
19484
