# 1808, 1989146e61df16b556d742aa4ac043b85d59551e2fba0947caf908173d1828fe.SC2Replay
3759
3816
3990
4014
4035
4070
4098
4162
4191
4212
4234
4255
4449
4492
4544
4600
4755
4777
4805
4843
4895
4933
5745
5805
5887
6020
6075
6184
6241
6306
6436
6537
6578
6602
6625
6696
6723
6746
6782
6818
6841
6870
6894
6928
6963
6991
7026
7051
7091
7213
7234
7256
7277
7322
7350
7378
7402
7456
7478
7567
7733
7754
7783
7806
7835
7860
7889
7910
7933
7963
8000
8031
8056
8085
8672
8699
8722
8743
8766
8805
9144
9259
9282
9308
9334
9357
9383
9415
9437
9478
9515
9538
9579
9616
9637
9669
9690
