# 1212, 08514b8a2fbc62c9272f11abee8f23ec23c7f5ec3723fdc3f39f4ba3ea1fae51.SC2Replay
118
189
229
316
489
1616
1678
2184
2552
2590
2624
2840
2866
2894
2931
2953
2987
3021
3047
3068
3089
3114
3140
3170
3224
3339
3973
4112
4136
4157
4179
4200
4231
4257
4338
4432
4550
4929
5369
5756
6322
6347
6368
6396
6437
6469
6510
6547
6570
6594
6621
7008
7635
7665
7704
7734
7755
8004
8028
8063
8085
8208
8235
8268
8298
8326
8349
8374
8399
8424
8447
8469
8498
8533
8567
8589
8610
8638
8666
8688
8719
8741
8782
8812
8844
8873
8895
8928
8949
8976
9106
