# 1406, 16e134665c3d2cecc483f4eb73d9b76ac2e33521a881c0db480567b42b569570.SC2Replay
6547
6579
7206
10713
10742
10780
10985
11022
11045
11071
11096
11149
11172
11193
11222
11253
11280
11314
11336
11357
11390
11414
11443
11466
11493
11525
11566
11637
11658
11684
11711
11734
11763
11786
11817
11852
11880
11901
11928
11951
12005
12027
12057
12152
12174
12201
12223
12253
12292
12316
12343
12378
12405
12436
12464
12494
12525
12554
12578
12607
13278
13300
13324
13345
13382
13411
13446
13469
13492
13513
13534
13559
13590
16142
17329
17360
17381
17402
17428
17450
17471
17502
17534
17557
17578
17599
17637
17660
17681
17704
17739
17774
17797
17826
17855
17877
19185
19253
19393
19414
19435
19484
19505
19526
19548
19572
19599
19628
19656
19692
19719
19832
19859
19888
19935
19957
19991
20015
20042
20066
20093
20126
20149
20175
20204
20232
20260
20282
20304
20342
20365
20394
20435
20465
20493
20519
20630
20651
20675
20701
20730
20770
20807
20831
20858
20881
20998
21026
21048
21074
21095
21116
21143
21170
21204
21240
21261
21285
21449
21483
21545
21579
21609
21662
21688
21717
21739
21760
21782
21822
21853
21884
21912
21947
21986
22018
22053
22088
22109
22132
22251
22286
22322
22345
22373
22398
22424
22447
22479
22521
22548
22569
22592
22626
22666
22689
22718
22774
22795
22900
23300
23324
23556
23584
23816
23839
23860
23897
23923
23956
23977
24006
24030
24057
24093
24119
24140
24163
24184
24220
24246
24269
24292
24314
24335
24370
24402
24430
24457
24478
24499
24524
24561
24586
24608
24629
24657
24678
24703
24726
24747
24768
24791
24928
24953
24974
25010
25046
25075
25114
25152
25177
