# 1698, 00688c52f91d5ca4de79a1ab7841fd3e655a045c3cbd068bcab6bca65e9afef4.SC2Replay
1138
1220
1249
1440
1622
2746
3468
4172
4206
4580
5501
5721
5803
5966
6019
6715
6945
6972
7120
7149
7179
7220
7242
7270
7293
7323
7344
7379
7407
7433
7479
7515
7554
7577
7600
7627
7660
7700
7725
7754
7794
7817
7839
7862
7884
7905
7927
7955
7992
8022
8047
8068
8099
8124
8157
8180
8201
8232
8258
8283
8320
8354
8379
8414
8435
8456
8477
8498
8521
8547
8569
8601
8629
8653
8686
8725
8753
8785
8823
8845
8875
8915
8948
8981
9018
9040
9077
9099
9120
9141
9167
9190
