# 612, 04f39c44afcd46fc86a801bcb44e8418a3c731a5598a065d5ff30b752d94f1bb.SC2Replay
4507
4579
4609
4649
4693
4745
4779
4806
4881
4909
5061
5258
5360
5384
5634
5716
5907
5958
5993
6060
6081
6102
6125
6150
6173
6214
6256
6331
6421
6443
6466
6555
6584
6610
6638
6663
6700
6772
6859
6912
7072
7103
7258
7288
7311
7332
7354
7375
7410
7519
7574
7615
7704
7752
7778
7807
7848
7873
8024
8066
8095
8120
8274
8395
8464
8512
8555
8773
8833
8875
8913
8934
9020
9086
9112
9139
9259
9335
9356
9383
9414
9441
9463
9484
9509
9530
9557
9587
9621
9645
9668
9704
9735
9815
9895
9957
9982
10006
10081
10124
10160
10345
10372
10478
10512
10606
10741
10781
10802
10832
11359
11459
11507
11531
11572
