# 1771, 25fa4b958cbc6a3b0b8e3dd5a0f6d53356134671412225a541442de8c3464d1f.SC2Replay
4752
4777
6879
6900
7228
7457
7490
7565
7689
7727
7751
7772
7825
7856
7977
8000
8023
8210
8233
8272
8310
8628
8658
8683
8718
8744
8765
8789
8811
8841
8862
8883
9159
9232
9256
9579
9601
9631
9661
9690
9719
10558
11105
11126
11148
11176
11198
11237
11471
11508
11654
11893
11927
11958
11995
12030
12257
12284
12310
12343
12381
12410
12448
12473
12498
12527
12557
12583
12607
12639
12661
12685
12713
13228
13264
13292
13677
13698
13722
13746
13948
14046
14067
14163
14199
14282
14303
14326
14353
14577
14613
14638
14670
14691
14716
14741
14764
14811
14833
14867
14898
14920
14941
14970
14993
15017
15041
15063
15087
15113
15152
15184
15223
15246
15267
15361
15384
15420
15441
15464
15485
15508
15540
15566
15592
15618
15642
15675
15716
15744
15776
15798
16126
16148
16196
16236
16259
16294
16315
16342
16364
16385
16419
16444
16489
16519
16547
16582
16605
16626
16649
16670
16692
16726
16749
16771
16807
16848
16870
16891
16912
16936
16976
17012
17044
17074
17097
17122
17153
17177
17215
17236
