# 62, 2a53a3e437dc1d4dbcac6dee1167c70a8426fe9aac6ca0ffc5ddbd3d8b952e23.SC2Replay
83
308
373
433
1189
2108
2629
3366
3643
3895
3919
4067
4114
4810
5185
5213
5419
5440
5462
5494
5519
5540
5578
5609
5631
5671
5701
5723
5746
5855
5927
6094
6122
6148
6285
6378
6431
6486
6706
6912
7012
7135
7180
7248
8118
8168
8256
8334
8413
8521
8570
8631
8832
8897
9272
9653
9701
9798
9829
9859
9891
10334
10368
10440
10548
10678
10700
10761
10962
11052
11125
11156
11190
11335
11589
11631
11657
11705
11745
11767
11790
11828
11849
11895
11924
11966
11989
12011
12049
12094
12115
12147
12168
12189
12217
12355
12442
12616
12841
12893
13003
13098
13120
13271
13298
13332
13373
13395
13433
13469
13505
13534
13568
13589
13610
13675
13727
13782
13807
13881
13946
14034
14358
14498
14995
15043
15191
15262
15286
15311
15650
16325
16358
16379
16412
16452
16491
16526
16569
16602
16631
16662
16684
16734
17027
17377
17446
17481
17506
17532
17737
17784
17847
17882
17903
17924
17946
18083
18123
18155
18194
18260
18312
18341
18365
18408
18472
18499
19106
19234
19498
19546
19593
19643
19676
19726
19757
19860
19888
19910
19961
20037
20070
20141
20196
20217
20254
20306
21202
21251
21329
21364
21397
21421
21455
21480
21547
21577
21599
21623
21654
21690
21720
21752
21850
21901
22126
22192
22244
22285
22354
22389
22582
22622
22687
22769
22829
22877
22899
22958
23038
23528
23576
23620
23682
23705
23754
23789
23862
23910
24074
24213
24286
24320
24344
24384
24467
24531
24571
24827
25381
25417
25460
25497
25797
25832
25881
25940
25961
25995
26024
26050
26083
26107
26132
26158
26191
26217
26248
26273
26298
26320
26355
