# 1750, 0bcb03342ee548a40ae6c26b35d20bffe22c1ce862e2029eee3861f3a13a7b22.SC2Replay
2853
2880
2934
2955
2978
3000
3022
3056
3078
3102
3124
3163
3196
4381
4404
4438
4470
4492
4518
4552
4585
4607
4631
4671
4693
4760
4782
4806
4829
4917
4946
5163
5184
5303
5596
5657
5719
5748
5849
5874
5928
6083
6165
6234
6291
6839
7030
7102
7135
7398
7425
7446
7470
7496
7517
7542
7565
7609
7646
8092
8207
8288
8338
8475
8506
8528
8555
8581
8602
8629
8651
8672
8699
8722
8749
8778
8802
8829
9006
9034
9213
9235
9277
9311
9341
9362
9383
9412
9448
9474
9504
9528
9562
9602
9623
9659
9682
