# 883, 1189aa06953695c285f3e8ab1a99612fe4addfad43cf5ca393b34f3da6d37f09.SC2Replay
4133
4561
4599
4694
4732
4755
4813
4873
4995
5035
5324
5347
5377
5405
5427
5448
5479
5535
5561
5582
5605
5641
5731
5757
5780
5803
5829
5853
5882
5922
5956
6041
6081
6111
6133
6170
6194
6218
6239
6262
6309
6387
6432
6523
6609
6633
6663
6703
6724
6748
6787
6809
6830
6866
7160
7206
7352
7376
7486
7507
7541
7576
7601
7622
7741
7813
7984
8047
8145
8197
8233
8255
8317
8420
8661
8683
8708
8730
8752
8863
8896
8917
8939
8987
9013
9052
9117
9240
9270
9343
9367
9400
9424
9452
9474
