# 1618, 1223a6ba583d305ea600306faf33badd42bb62ce9bdda09a02903972b1023181.SC2Replay
3957
3987
4009
4060
4148
4248
4538
4574
4604
4630
4651
4672
4712
4734
4756
4785
4808
4829
4927
4948
4971
4999
5021
5051
5072
5110
5143
5178
5203
5226
5248
5270
5293
8637
8904
8927
9064
9094
13432
13454
13475
13500
13952
13981
14014
14043
14263
14613
14637
14658
14699
14789
14826
14855
14880
14901
15154
15178
15203
15237
15476
15504
16142
16189
16232
16256
16282
16306
16343
16493
16520
16554
16701
16722
16743
16836
16877
16901
16924
16945
16967
17006
17095
17118
17153
17178
17200
17244
17269
17305
17357
17380
17421
17442
17493
17514
17574
17746
17775
17813
17865
17886
17917
17945
17974
18004
18030
18051
18083
18116
18147
18181
18207
18237
18264
18287
18309
18330
18354
18377
18565
18593
18619
18660
18692
18717
18740
18780
18810
18832
18854
18881
18919
18950
18972
18994
19017
19170
19273
19308
19341
19376
19415
19437
19481
19505
19532
19556
19588
19621
19642
19664
19753
19893
19965
20008
20030
20052
20078
20106
20136
20162
20190
20216
20239
20265
20293
20338
20359
20399
20423
20445
20719
20830
20855
20888
20913
20949
21238
21263
21287
21909
21936
21962
21985
22565
22588
22613
22634
22656
22683
22712
22763
22882
22921
22945
22983
23007
23102
23135
23187
23208
23233
23266
23295
23325
23424
23447
23485
23524
23549
23570
23649
23670
23748
23770
23801
23837
23867
23891
23913
23935
23962
23995
24037
24206
24563
24602
24934
24971
25001
25041
25080
25102
25162
25183
25206
25231
25265
25530
25569
25593
25624
25676
25697
25754
25836
25875
25910
26022
26169
26230
26293
26456
26543
26577
26656
26694
26953
26984
27016
27048
27070
27487
27524
27595
27616
27637
27658
27685
27710
27731
27757
28027
28068
28093
28130
28157
28211
28251
28274
28399
28522
28568
28593
28628
28722
28792
28916
29268
29290
29324
29349
29370
29405
29427
29449
29510
29534
29568
29590
29617
29650
29674
29699
29748
29780
29817
29840
29877
30032
30395
30423
30489
30624
30649
30685
30715
30879
30900
30923
31147
31172
31193
31224
31245
31305
31372
31393
31428
31457
31495
31517
31620
31777
31808
31838
31870
31908
31949
31990
32024
32056
32088
32127
32197
32259
32281
32365
32387
32468
32580
32644
32881
32903
32924
32965
32989
33013
33103
33332
33431
33504
33674
33723
33841
33907
33930
33968
34025
34056
34232
34292
34318
35944
35968
35989
36016
36045
36075
36105
36130
36554
