# 1368, 153ca4214382f558a08ef283dcadea4100bdd7badfd5999161211252b179470e.SC2Replay
3597
3620
3940
3961
4373
4397
4435
4466
4500
4525
4595
4644
4679
4709
4917
5056
5079
5332
5366
5430
5484
5521
5547
5568
5596
5618
5640
5905
5985
6020
6479
6505
6526
6550
6578
6614
6636
6668
6695
6731
6752
6832
6853
6876
6897
6929
6950
7018
7039
7063
7086
7112
7142
7169
7200
7304
7533
7559
7658
7681
7702
7726
7751
7789
7830
7861
7889
7921
7954
7977
8006
8033
8063
8086
8112
8137
8176
8205
8232
8265
8292
8313
8351
8373
8396
8426
8454
8477
8499
8575
8598
8623
8840
8868
8917
8953
8996
9029
9051
9075
9112
9134
9156
9183
9817
9850
9878
9902
12636
12672
12693
12765
12829
12867
12889
12910
12932
12959
12984
13015
13038
13063
13085
13118
13147
13169
13193
13216
13491
15396
15420
15447
15487
15513
15547
15568
15598
15627
15663
15687
16033
16064
16103
16144
16181
16213
16246
16280
16304
16334
16375
16414
16440
16465
16498
16523
16544
16568
16596
16626
16648
16669
16697
16720
16749
16944
16965
16991
17020
17044
17065
17086
17118
17139
17166
17218
17239
17262
17287
17311
17332
17369
17396
17419
17920
18572
18594
18618
18648
18676
18706
18738
18767
18806
18836
18857
18912
18935
18976
19005
