# 51, 207841df403c99c92b61e2241d2310244765913fc46d3b5e4b93e135385f427b.SC2Replay
2370
2394
2866
2946
2972
2995
3016
3050
3072
3095
3181
3401
3542
3567
3596
3624
3651
3680
3703
4027
4049
4070
4098
4124
4151
4191
4225
4265
4298
4770
5544
5579
5601
5622
5647
5956
6630
6769
6803
6967
7167
7190
7237
7542
7697
8451
8512
8550
8830
9022
9187
9210
9271
9358
9606
9765
9788
9996
10194
10315
10372
10742
10814
10862
10964
11077
11186
11265
11738
11798
12086
12154
12282
12356
12430
12649
12785
12988
13272
13296
13352
13472
13557
13687
13836
14177
14391
14444
14680
14703
14776
14848
14898
14966
14997
15082
15105
15128
15154
15183
15231
15261
15316
15488
15535
15629
15668
15689
15826
15980
16055
16086
16135
16242
16317
16417
16486
16679
16920
16968
17081
17150
17193
17282
17634
17781
17876
17957
17999
18036
18058
18144
18173
18224
18385
18419
18462
18484
18524
18556
18589
18634
18699
18728
18749
18780
18804
18845
18885
18916
19012
19036
19062
19085
19115
19138
19172
19195
19223
19262
19287
19326
19348
19376
19422
19457
19494
19519
19592
19675
19696
19735
19762
19808
19837
19859
19900
19947
20064
20102
20131
20165
20195
20230
20251
20277
20300
20322
20344
20367
20392
20414
20435
20457
20495
20518
20552
20576
20598
20835
20857
20887
21122
21344
21394
21420
21441
21464
21500
21620
21833
21856
21919
22247
22299
22339
22398
22481
22595
22658
22969
23116
23191
23265
23696
23843
23864
23901
23976
23998
24031
24056
24079
24261
24284
24306
24334
24365
24391
24412
24434
24469
24492
24526
24551
24573
24595
24632
24654
24678
24701
24724
24760
24797
24819
24843
24864
24905
25043
25082
25108
25144
25165
25215
25236
25274
25308
