# 1485, 277a0114b9a5f6899970719d8688690cca2275c42ea8d67a388986be7971ec18.SC2Replay
2799
2824
2852
3604
3958
3979
11338
11739
11765
11824
11860
12015
12514
12555
12687
12708
12752
12782
12811
12832
12857
12879
12923
13268
13292
13320
13413
13441
13466
13549
13745
13768
13799
13853
13882
13904
13943
13992
14038
14073
14233
14286
14326
14445
14484
14518
14542
14580
14625
14745
14768
14841
14869
14897
14971
14993
15075
15099
15126
15166
15192
15387
15427
15465
15487
15540
15562
15614
15666
16150
16181
16549
16570
16608
16643
16672
16705
16750
16772
16793
16824
16863
16914
16948
16983
17005
17032
17203
17234
17255
17283
17306
17332
17360
17384
17416
17438
17459
17491
17526
17558
17591
17622
17657
17698
17738
17766
17788
17811
17849
17870
17897
17933
17954
17981
18009
18047
18083
18115
18143
18168
18203
18240
18277
18311
18348
18379
18402
18433
18470
18493
18518
18558
18581
18608
18651
18745
18766
18787
18808
18834
19043
19070
19106
19144
19172
19202
19229
19272
19313
19340
19374
19403
19428
19458
19484
19523
19562
19596
19631
19671
19692
19716
19755
19843
19864
19892
19915
20365
20404
20425
20465
20486
20514
20542
20607
20649
20674
20696
20729
20760
20785
20806
20845
20872
21024
21047
21070
21097
21123
21149
21171
21254
21330
21412
21438
21459
21537
21571
21619
21640
21663
21708
21746
21783
21807
21834
21857
21883
21919
21940
22021
22083
22116
22152
22175
22214
22238
22267
22292
22345
22393
22415
22451
22506
22583
22609
22640
22673
22769
22801
22839
22872
22958
22980
23003
23028
23053
