# 255, 0dd6167f9d2206d2e01c4fae212561d85ae91051f697ebcd4e22b51be4269500.SC2Replay
5747
5771
5833
5861
5895
5934
5957
5991
6014
6035
6061
6091
6127
6159
6192
6227
6379
6401
6438
6459
6488
6512
6535
6562
6587
6623
6658
6684
6715
6736
6797
6834
6861
6883
6905
6938
6959
6983
7017
7051
7079
7102
7124
7161
7182
7204
7234
7267
7294
7332
7353
7388
7409
7431
7470
7494
7529
7566
7589
7625
7657
7683
7706
7727
7751
7788
7817
7840
7879
7922
7944
7980
8018
8427
8462
8485
8516
8554
8866
8906
8931
8954
8979
9006
9031
9055
9092
9120
9154
9176
9197
9236
9269
9302
9421
9686
9760
10212
10234
10259
10280
10302
10335
10373
10397
10425
10451
10479
10503
10538
10578
10601
10628
10663
10697
11234
11263
11293
11355
11395
11419
11441
11462
11487
11518
12182
12973
13000
13021
13099
13122
13147
