# 789, 282cc77f530c8fcd779055b3104393c042671d4056d749f4d3885626b5ee390a.SC2Replay
3573
3919
3951
3989
4024
6507
6539
6562
6583
6604
6687
6715
6746
6795
7956
7983
8008
8030
8057
8116
8242
8273
8319
8706
8913
8949
9053
9141
9227
9351
9399
9508
9565
9600
9639
9683
9704
9742
9764
9870
9997
10040
10061
10168
10312
10339
10434
10509
10559
11056
11085
11106
11129
11161
11188
11218
11239
11264
11286
11307
11328
11389
11420
11447
11474
11496
11517
11548
11573
11596
11620
11708
11741
11768
11798
11833
11855
11876
11899
11921
11959
12000
12030
12051
12072
12100
12137
12161
12182
12234
12261
12292
12313
12342
12364
12386
12407
12462
12542
12573
12596
12626
12661
12690
12711
12732
12757
12785
12852
12890
12946
12967
13066
13096
13176
13199
13220
13250
13278
13301
13326
13350
13385
13416
13454
13494
13529
13567
13593
13614
13637
13659
13687
13708
13768
13800
13821
13859
13885
13917
