# 397, 17075f5bdcb667aadac24fcbf2c6b73fac1f93be0275af639817223902ed01a8.SC2Replay
6696
6887
6973
7030
7076
7110
7131
7177
7262
7321
7344
7417
7465
7570
7642
7729
7880
7911
7932
8010
8080
8198
8270
8298
8371
8419
8445
8569
8644
8957
8978
9054
9087
9159
9373
9422
9490
9545
9577
9616
9638
9672
9711
9910
9931
9965
9986
10012
10033
10062
10091
10115
10148
10282
10321
10454
10830
10853
10903
11003
11046
11197
11236
11296
11401
11432
11512
11552
11963
12083
12133
12562
12601
12654
12831
12867
12910
12949
12976
13015
13047
13116
13167
13190
13257
13289
13323
13360
13388
13431
13456
13481
13511
13541
13908
14007
14047
14136
14157
14218
14294
14520
14553
14582
14603
14625
14659
14694
14724
14747
14786
14812
14840
14870
14894
14917
14951
14974
14995
15034
15055
15077
15106
15137
15160
15181
15205
15229
15250
15277
15300
15373
15396
15420
15443
15464
15486
15525
15552
15592
15624
15653
15691
15715
15736
15758
15780
15801
15831
15869
15904
15930
15953
15980
16017
16038
16062
16101
16141
16168
16200
16225
