# 724, 05ad349727f0a00f2ad16f192a9b42b82de60b161db4915befe54374801ec3fd.SC2Replay
7326
7351
7374
8351
8861
8890
9662
9690
9711
9735
9760
9804
9825
9848
9876
9911
9992
10017
10104
10134
10157
10184
10213
10601
10844
10874
10897
10933
10972
10995
11018
11056
11090
11113
11135
11156
11180
11207
11252
11274
11302
11324
11354
11376
11400
11434
11461
11484
11515
11539
11566
11603
11626
11659
11682
11708
11734
11773
11797
11818
11839
11863
11888
11913
11945
11973
12010
12034
12056
12078
12101
12124
12148
12169
12197
12241
12268
12299
12320
12341
12512
12545
12584
12622
12656
12677
12699
12720
12758
12780
12802
12838
12904
12939
12966
12996
13034
13056
13083
13113
13139
13174
13210
13234
13270
13291
13313
13341
13362
13391
13424
13457
13478
13499
13520
13542
13579
13600
13716
13747
13768
13798
13822
13844
13869
13890
13911
13939
13970
13993
14016
14053
14078
14105
14136
14163
14187
14211
14247
14268
14292
14314
14335
