# 790, 229cd3b6b57c2000c0b574339f883ed0be0e251a882a9495bcedb729aa473e99.SC2Replay
4211
4236
4259
4294
4319
4354
4375
4400
4439
4462
4484
4508
5090
5113
5144
5865
5908
5942
5980
6202
6225
6246
6301
6335
6381
6493
6534
6561
6620
6671
6726
6789
6839
6882
6908
6939
6994
7024
7078
7102
7135
7165
7204
7626
7671
7692
7720
7741
7774
7917
7938
7959
7980
8004
8042
8147
8212
8314
8374
8439
8528
8626
8659
8709
8770
8828
8905
8934
8963
8984
9018
9039
9087
9116
9206
9294
9318
9560
9602
9662
10411
10438
10461
10482
10518
10544
10570
10593
10623
10649
10810
10833
10856
10878
10904
10941
10973
10995
11017
11048
11423
11455
11525
11559
11604
11629
11653
11674
11715
11746
11771
11799
11824
11849
11871
11892
11991
12012
12117
12147
12185
12208
