# 295, 071b2e072bb04584e6952b946738ded072a3943cdc991de783a530995f233207.SC2Replay
5996
6018
6048
6069
6090
6120
6142
6178
6208
6232
6262
6292
6319
6343
6373
6412
6436
6457
6479
6511
6600
6622
6658
6690
6731
6769
6798
6819
6840
6870
7422
7449
7487
7509
7530
7562
7593
7614
7648
7675
7697
7719
7743
7764
7785
7808
7846
7882
7913
8163
8188
8212
8233
8265
8290
8314
8335
8356
8377
8406
8429
8496
8517
8545
8567
8590
8616
8653
8926
8947
8972
9008
9047
9086
9125
9157
9198
9220
9260
9288
9316
9337
9494
9516
9587
9611
9632
9655
9680
10089
10113
10147
10207
10230
10251
10273
10296
10331
10362
10388
10419
10658
10686
10707
10915
10941
10966
11003
11026
11047
11225
11246
11270
11306
11338
11375
11398
11423
11460
11501
11535
11576
11607
11645
12556
12577
12602
12751
12789
12813
12836
12876
12903
12936
12963
13073
13109
13137
13158
13588
13609
13636
13665
14064
14095
14123
14151
14177
14213
14249
14275
14297
14326
14348
14376
14403
14440
14465
14556
15164
15185
15211
15235
15256
15277
15300
15321
15627
15656
15678
15711
15732
15756
15780
15804
15836
15859
15893
15920
15947
15971
15993
16017
16049
16071
16112
16139
16160
16194
17266
17293
17316
17339
17369
17406
17431
17469
17496
17526
17547
17575
18201
18222
18393
18426
18456
18491
18518
18550
18590
18615
18646
18673
18697
18725
18748
18769
18790
18813
18845
18867
18891
18918
18945
18967
19208
19230
19260
19282
19513
19539
19564
20678
20701
20738
20775
20813
20847
20879
20911
21989
22010
22033
22064
22092
22118
22145
23120
23151
23553
23574
23596
23629
23655
23677
23731
24198
24223
24247
24279
24300
24413
24441
24466
24494
24518
24543
24578
24600
24621
25004
25039
25072
25107
25128
25149
25185
25224
25245
25282
25309
25335
25374
25399
25421
25443
25470
25506
25537
25575
25599
25623
25660
25692
25727
25756
25786
25809
25846
25867
25888
25910
25933
25959
25992
26151
26173
26466
26537
26558
26581
26602
26626
26654
26684
26706
26733
26754
26779
26803
26828
26852
26878
26901
26929
26950
26973
26995
27016
27040
27061
27085
27114
27166
27197
27530
27578
27604
27631
27653
27686
27719
27741
27765
28004
28032
28071
28449
31180
31340
31367
33251
33283
33309
33342
33365
33390
33415
33453
33474
33496
33524
33560
33583
35502
35525
35549
35588
36099
36120
36152
36187
36374
