# 1247, 10919e7904e108031d98441b095cd9d168b02f77f269e34cd0edf5ccf6bf69ed.SC2Replay
1135
1255
1281
1312
1370
1412
1631
1869
1917
1958
2262
2324
2357
2494
2524
2583
2778
2834
2884
2981
3021
3054
3080
3172
3225
3420
3770
3793
3836
3860
3994
4090
4122
4226
4309
4356
4478
4524
4547
4577
4612
4634
4745
4844
5008
5042
5250
5293
5334
5454
5557
5636
5657
5731
7206
7227
7616
7637
7697
7725
7747
7796
7818
7850
7891
7931
7962
7988
8011
8033
8054
8083
8105
8133
8165
8206
8239
8260
8284
8413
8436
8466
8507
8543
8582
8609
8630
