# 1030, 12fe99004b1a2d67a763bfefcfdad3a14fb4423a32015c0a3948901fbdacbafd.SC2Replay
3678
3699
3726
3752
3773
3853
3893
4342
6400
6430
6902
7014
7054
7109
7369
7612
7641
8624
8867
9132
9241
9263
9355
9394
9434
9470
9509
9539
9560
9585
9609
9639
9937
9989
10114
10328
10414
10559
10745
10780
10802
10833
10859
10880
10921
10962
11016
11077
11099
11159
11181
11215
11253
11279
11303
11358
11527
11551
11577
11623
11664
11694
11715
11739
11760
11784
11837
11861
11882
11923
11957
12092
12120
12177
12300
12323
12403
12435
12459
12481
12516
12547
12570
12593
12632
12653
12678
12699
12724
12763
12784
12806
12827
12865
12896
12924
12945
12970
12994
13023
13044
13082
13103
13138
13163
13184
13749
13782
13870
13977
14000
14025
14430
14463
14486
14510
14539
14562
14599
14633
14654
14784
14805
14830
14860
14885
14922
14950
14972
15000
15021
15043
15080
15103
15140
15179
15201
15226
15251
15277
15311
15338
15370
15391
15421
15447
15469
15491
15528
15555
15583
15607
15629
15651
15687
15713
15741
15763
15791
15813
15851
