# 347, 0e5e7fa631f96e906af7617f7725f82582aa5b9fb72f774710095b612b4bbb44.SC2Replay
6182
6228
6264
6290
6331
6360
6409
6433
6454
6482
6505
6534
6617
6640
6699
6738
6761
6792
6930
6963
6986
7010
7055
8018
8053
8360
8495
8516
8537
8837
8869
8891
8958
9063
9163
9186
9282
9311
9346
9427
9454
9481
9543
9565
9589
9657
9681
9717
9755
9788
9823
9853
9887
9911
9936
9960
9982
10092
10116
10141
10180
10203
10242
10283
10309
10340
10365
10456
10483
10514
10638
10659
10680
10702
10725
10746
10770
10792
10813
10842
10870
10892
10928
10962
10994
11017
11040
11062
11085
11120
11159
11191
11213
11239
11276
11297
11321
11349
11377
11401
11429
11455
11498
11519
11542
11853
11889
11913
11938
11968
11990
12012
12033
12054
12094
12130
12154
12180
12207
12255
12294
12324
12360
