# 1499, 04cf487670b9e153d5cc65a982d42a63538d94b055e1bb8886482f4e254d1967.SC2Replay
3299
4690
7400
7484
7515
7828
7857
7878
7913
7949
8107
8132
8167
8246
8531
8682
8707
8741
8790
8868
8892
8914
8939
9073
9094
9120
9143
9180
9209
9232
9272
9307
9341
9365
9544
9575
9611
9634
9658
9679
9859
9887
9908
9946
9971
10095
10116
10144
10183
10565
10586
10614
11915
11945
11986
12095
12162
12189
12349
12371
12394
12433
12456
12478
12499
12528
12573
12598
12628
12655
12678
12701
12724
12746
12776
12797
12820
12848
12871
12898
13279
13303
13324
13350
13376
13399
13420
13443
13478
13593
13622
13645
13673
13696
13721
13742
13766
13792
13814
13837
14986
15012
15128
15172
15423
15458
15480
15555
15611
15645
15693
15728
15774
15797
15889
15921
15945
15969
16005
16037
16059
16097
16124
16158
16190
16216
16247
16281
16304
16325
16355
16382
16406
16444
16471
16495
16523
16562
16583
16621
16642
16668
16697
16737
16759
16797
16821
16860
16896
16925
16949
16975
16997
17024
17232
17262
17285
17319
17350
17374
17453
17482
17507
17585
17626
17659
17682
17711
17848
17872
17893
18123
18147
18205
18228
18263
18292
18318
18407
18639
18661
18700
18724
18752
18789
18810
18832
18853
19168
19216
19249
19457
19480
19563
19591
19615
19640
19663
