# 351, 1ca8bdb432c4466af50fb517747875bea4240ba6d6fbe2d43f30069aea2d18d5.SC2Replay
4239
4261
4292
4319
4354
4375
4405
4457
4511
4551
5196
5221
5373
5449
5495
5531
5651
5750
5773
5794
5967
6111
6135
6159
6185
6220
6253
6277
6300
6323
6417
6652
6684
6716
6762
6784
6805
6826
6852
7034
7067
7093
7124
7216
7364
7646
7669
7696
7725
7746
7775
7803
7840
8079
8101
8140
8219
8275
8296
8367
8388
8451
8472
8554
8613
8649
8673
8709
8789
8816
8841
8862
8894
8916
8939
8965
8986
9017
9071
9092
9125
9152
9176
9213
9241
9263
9291
9317
9341
9376
9409
9430
9460
9483
