# 376, 26d744c121615055a309d0b244d2b5c37d84e926a6eb1289ae73ffe95185cfde.SC2Replay
4263
4284
6042
6077
6098
6140
6163
6184
6208
6248
6278
6301
6322
6348
6380
6409
6481
7109
9495
9545
9610
9631
9840
9911
9984
10037
10059
10134
10187
10222
10633
10656
10682
10712
10742
10770
10803
10825
10848
10930
10952
10990
11012
11038
11072
11100
11123
11158
11179
11246
11286
11313
11339
11375
11402
11438
11459
11485
11506
11535
11558
11687
11717
11757
11860
11932
11963
11992
12218
12658
12704
12894
12916
12937
12960
12982
13003
13027
13048
13070
13093
13132
13159
13181
13204
13297
13335
13784
13806
13895
13951
13980
14002
14024
14046
14067
14118
14159
14197
14225
14246
14273
14307
14328
14350
14417
14440
14469
14496
14517
14566
14593
14632
14654
14678
14701
14726
14750
14779
14806
14828
14853
14885
14915
14943
15331
15358
15379
15402
15612
15643
15670
15694
15722
15760
15797
15831
15854
15876
15897
15919
15953
16005
16035
16072
16309
16339
16366
16487
16527
16556
16590
16627
16691
16714
16865
16899
16920
16943
16969
16993
17073
17123
17155
17182
17207
17234
17269
17339
17365
17424
17464
17503
17544
17587
17611
17667
17729
17772
17795
17879
17906
17985
18016
18056
18087
18124
18168
18210
18232
18277
18303
18345
18914
19118
19139
19162
19189
19212
19241
19269
19290
19317
19344
19372
19413
19440
19464
19494
19516
19537
19558
19684
20167
20202
20235
20420
20447
20480
20871
20906
21029
21050
21081
21145
21190
21302
21388
21410
21436
21457
22091
22112
22137
22168
22197
22291
22346
22378
22434
22459
22484
22517
22547
22576
22597
22748
22770
22841
22874
22924
22951
22974
23005
23028
23072
23095
23435
23461
23483
23512
26261
26282
26303
26331
