# 954, 152f8d888f1c02e3bd743da808b66a275c82c672c9271b402e4543af4d49390e.SC2Replay
3788
4678
4713
4750
4782
5440
5494
5517
5547
5575
5598
5648
5671
5695
5728
5751
5775
6153
6175
6200
6241
6268
6412
6436
6470
6491
6714
6763
6794
6837
6864
6893
6931
6958
6988
7028
7226
7249
7274
7303
7325
7531
7555
8230
8252
8274
8298
8320
8348
8387
8411
8435
8458
8503
8531
8565
9086
9107
9128
9320
9364
9400
9444
9479
9515
9555
9578
9599
9630
9654
10305
10331
10352
10405
10428
10450
10475
10513
10551
10589
10618
10645
10681
10703
11133
11184
11209
11233
11272
11420
11451
11485
11519
11544
11571
11602
11631
11812
11839
11874
11905
11939
12038
12064
12100
12122
12145
12176
12213
12237
12456
12494
12515
12538
12587
12621
12657
12692
12716
12738
12764
12791
12815
12851
12876
12899
12928
13090
13111
13140
13163
