# 573, 1751f8898d1185ec7dbc9faadfc8bcc150a6182e32036a84d89d6471133b133a.SC2Replay
4007
4038
4061
4090
4119
4158
4189
4212
4390
4437
4475
4578
4608
4795
5086
5110
5142
5647
5671
5707
5732
5773
5797
5821
5862
5884
5910
5934
5959
5981
6017
6056
6077
6099
6145
6186
6274
6470
6491
6525
6549
6624
6650
6682
6709
6736
6763
6790
6811
6832
6858
6882
6970
7007
7028
7052
7358
7735
7795
8118
8931
9505
9689
9710
9735
9766
9788
9819
9840
9863
10484
10689
10844
12205
12490
13004
13061
13358
13641
13718
13741
13794
13926
13949
13970
13997
14025
14054
14093
14141
14164
14189
14213
14244
14265
14290
14318
14349
14378
14401
14438
14462
14493
14528
14553
14576
14611
14640
14672
14695
14787
14817
14911
15084
15108
15147
15195
15216
15241
15274
15309
15332
15393
15417
15447
15470
15495
15535
15561
15585
15616
15642
15717
15744
15771
15799
15990
16013
16034
16058
16218
16240
16280
16303
16325
16352
16392
16420
16459
16699
16736
16815
16852
16889
16913
16938
16962
17003
17026
17054
17086
17115
17137
17160
17462
17492
17951
17981
18022
18113
18137
18161
18182
18208
18244
18265
18293
18321
18348
18716
18739
18762
18792
18813
20392
20416
20448
20470
20965
21533
21697
21719
21772
21837
21884
21925
21965
22005
22026
22132
22162
22202
22225
22248
22306
22332
22354
22395
22416
22440
22465
22496
22520
22547
22568
22592
22630
22668
22705
22726
22747
22780
22806
22832
22865
22892
22915
22940
22971
