# 1081, 029e7ee12871535ed4a93c6a7d2763430057383ab989b34bc5f65fdf07f40838.SC2Replay
3694
4149
4173
4198
4226
4252
4275
4316
4343
4364
4530
4557
4593
4619
4658
4680
4764
4785
4806
4890
4918
4946
5027
5052
5081
5107
5191
5215
5240
5305
5335
5372
5393
5414
5436
5468
5495
5516
5552
5584
5605
5626
5654
5690
5731
5756
5779
6036
6059
6133
6173
6205
6230
6254
6294
6317
6340
6362
6413
6437
6458
6482
6504
6617
6655
6795
6820
6843
6887
6913
6936
6975
7409
7432
7496
7821
7843
7869
7892
7914
7950
7984
8005
8414
8440
8496
8526
9403
9996
10033
10065
10101
10600
10632
10654
10804
11491
11513
11535
11575
11606
11632
11653
11795
12469
12496
12525
12555
12580
12715
12738
12759
12782
12811
12835
12873
12947
12969
12996
13019
13133
13162
13196
13385
13421
13459
13482
13512
13542
13564
13590
13619
13640
13816
13839
13868
13890
13911
13934
13962
14001
14289
14367
14593
14625
14648
14783
14829
