# 222, 1841bfc48a69597ab624fa473133947268996b150cf564d62060f2ede5694573.SC2Replay
5495
7146
7828
7850
7875
7907
7993
8018
8073
8106
8137
8164
8189
8220
8242
8265
8288
8400
8428
8466
8493
8514
8536
8558
8594
8633
8655
8676
8710
8747
8769
8857
8878
8902
8976
9012
9042
9144
9289
9312
9341
9362
9386
9412
9496
9913
9934
9964
9993
10020
10042
10586
10607
10634
10655
10684
10713
10741
11004
11036
11096
11123
11145
11167
11188
11211
11251
11416
11451
11479
11509
11531
11561
11582
11610
11636
11665
11697
11722
11748
11781
11814
11848
11871
11892
11919
11944
12030
12135
12160
12182
12204
12244
12267
12298
12332
12498
12520
12543
12571
12607
12631
12667
12689
12710
12734
12772
12794
13089
13120
13142
13183
13205
13237
13277
13303
13325
13347
13373
13396
13429
13464
13485
13508
13529
13570
13611
13633
13654
13676
13699
13727
13756
13784
13825
13846
13869
13890
13913
