# 1038, 290a65f61cb0c2236e4abcd1dace2dd6f28347982254645667b7fb23197bccc8.SC2Replay
3770
3800
3833
3857
3879
3912
3959
3992
4021
4056
4086
4107
4131
4155
4193
4223
4257
4309
4339
4393
4428
4451
4486
4521
4565
4587
4743
4767
4807
4880
4934
4956
4990
5019
5089
5120
5148
5202
5236
5266
5314
5341
5362
5386
5411
6517
6542
6566
6590
6621
6676
6705
6739
6804
6828
6852
6887
7125
7159
7201
7231
7255
7292
7325
7349
7390
7474
7501
7529
7558
7592
7624
7649
7670
7710
7752
7793
7820
7846
7979
8175
8224
8259
8281
8309
8343
8714
8790
