# 611, 03762f24196cddcac7fde2f7dc7a4386b164b8793e2409973190fb71b7b7543b.SC2Replay
3639
3676
3699
3733
3895
3920
3948
3969
3994
4016
4043
4094
4598
4623
4647
4671
4766
4801
5090
5119
5142
5767
6444
6694
6720
6754
6775
6803
6828
6849
6871
6901
6929
6957
6985
7010
7051
7072
7113
7143
7224
7258
7285
7492
7517
7557
7669
7693
8045
8079
8116
9160
9182
9203
9225
9246
9275
9297
9326
9350
9382
9423
9453
9490
9512
9533
9569
9590
9613
9643
9664
9693
9716
11016
11045
11079
11278
11303
11338
11678
11705
11727
11759
11782
11804
11833
11861
11883
12374
12395
12525
12547
12573
12594
12615
12699
12723
12745
12909
12938
12963
13000
13035
13067
13099
13122
13183
13208
13229
13321
13455
13688
13717
13742
13782
14194
14311
14339
14375
14400
14424
14448
14481
14516
14540
14563
14588
14621
14662
14687
14891
14918
14947
14973
14996
15158
15179
15200
15239
15280
15778
15801
15829
15853
17774
17801
17826
17866
17898
17922
17957
17981
18013
18134
18159
18189
18213
18247
18286
18311
19521
19610
20148
20172
20373
20395
20416
20444
20473
20497
20524
20549
20590
20612
20647
20683
20715
20739
20780
20802
20843
20883
20914
20937
20976
21005
21042
21072
21103
21164
21202
21232
21253
21276
21301
21337
21395
21417
21444
21465
21492
21527
21549
21589
21611
21632
21662
21850
21879
22149
22172
22202
22517
22541
22562
22918
22942
22963
22989
23013
23038
23073
23097
23122
23225
23252
23273
23305
23586
23609
23630
23658
23692
23727
23749
23770
23811
23835
23904
