# 1786, 04a512779877539aa6af8bc6f153e86c11aef4e21bf98a0d8d2a21ab6afeb3d5.SC2Replay
1038
1200
1315
1363
1539
1592
1709
1754
1831
1899
1921
2018
2120
2172
2436
2491
2820
3002
3060
3098
3272
3324
3827
3962
3983
4045
4205
4233
4254
4280
4307
4337
4362
4385
4407
4454
4478
4500
4521
4544
4567
4589
4616
4637
4658
4727
4750
4790
4819
4846
4873
4896
4918
4946
4970
4991
5117
5167
5231
5273
5323
5427
5721
5806
5921
6005
6065
6258
6756
6800
7150
7396
7490
7710
7749
7947
8066
8118
8156
8190
8223
8355
8519
8567
8714
8877
8901
8937
9007
9229
9420
9483
9514
9610
9678
9808
9948
10295
10387
10415
10442
10634
10656
10695
10730
10761
10813
10939
11020
11055
11094
11300
11327
