# 181, 1908f9ad4c5d9c771de823b9a5fefb2503ae3c14948b7d06b528799b5b21816c.SC2Replay
6774
6795
6824
6850
8858
8921
8958
9140
9563
9589
9623
9644
9666
9690
9717
9751
9823
9870
10070
10099
10121
10160
10183
10205
10241
10263
10292
10313
11050
11072
11118
11149
11182
11204
11894
11927
11950
11982
12016
12041
12066
12088
12110
12159
12306
13442
13627
13770
13803
14081
14198
14345
14367
14427
14451
14496
14556
14670
14758
14779
14881
14934
14958
15004
15028
15052
15092
15113
15141
15172
15198
15230
15335
15357
15384
15496
15581
15614
15695
15724
15763
15791
15873
15897
15950
15979
16048
16078
16108
16154
16195
16220
16251
16285
16319
16344
16381
16402
16458
16518
16542
16575
16597
16622
16649
16676
16705
16726
16770
16795
17226
17255
17288
17322
17352
17378
17412
17433
17461
17482
17510
17531
17554
17577
17599
17635
17659
17685
17711
17735
17765
17788
17814
17854
17887
18392
18426
18476
18564
18596
18821
18846
18867
18917
18964
19043
19107
19154
19209
19247
19293
19351
19382
19403
19508
19829
19862
19889
19940
19995
20047
20098
20384
20423
20700
20787
20842
20878
20930
20952
20978
21001
21025
21051
21085
21301
21332
21356
21387
21422
21457
21838
21862
21886
21909
21942
21982
22043
22072
22103
22127
22152
22496
22525
22564
22628
22653
22686
22714
22736
22774
22800
22829
22850
22873
22914
22951
22977
23007
23033
23061
23082
23106
23131
23152
23173
23214
23254
23282
23303
23327
23353
23380
23414
23450
23472
23499
23529
23551
23572
23600
23625
23652
23673
23705
23726
23747
