# 1539, 0062ad4902dfe3ccd7c52fde5c16f3ea8ef26a05a350a121a4727aba9402872f.SC2Replay
9942
10181
10202
16250
17297
17545
17766
19974
20005
20036
20060
20084
20307
20357
20379
20405
20448
20471
20493
20515
20542
20568
20601
20623
20648
20675
20697
20728
20754
20777
20803
20842
20882
20904
20930
20961
20982
21035
21071
21102
21127
21164
21202
21279
21304
21332
21475
21597
21793
21834
21865
21892
21926
21957
21979
22008
22060
22084
22143
22166
22190
22214
22236
22263
22289
22334
22356
22378
22400
22427
22450
22479
22501
22523
22552
22582
22603
22628
22651
22680
22709
22731
22760
22799
22824
22846
22885
22907
22928
22954
22982
23008
23048
23076
23100
23155
23182
23204
23233
23322
23372
23396
23417
23457
23479
23505
23531
23555
23579
23643
23665
23690
23725
23750
23779
23811
23847
23870
23907
24017
24061
24082
24107
24128
24149
24193
24228
24266
24288
24314
24339
24369
24393
24423
24580
25077
25164
25189
25216
25241
25272
25302
25325
25369
25391
25419
25464
25892
25917
25947
25970
26014
26039
26062
26105
26126
26156
26200
26225
26251
26280
26305
26337
26363
26391
26430
26471
26527
26557
26594
26642
26665
26693
26724
26827
26860
26891
26922
26966
26993
27030
27058
27079
27100
27130
27154
27197
27233
27258
27279
27302
27323
27344
27365
27389
27411
27433
27475
27498
27598
27632
27653
27677
27701
27723
27747
27769
27791
27834
27877
27907
27952
27977
28009
28050
28091
28124
28167
28211
28234
28255
28283
28315
28358
28381
28419
28440
28465
28486
28508
28534
28555
28583
28604
28627
28656
28678
28700
28726
28763
28792
28830
28858
28964
28985
29017
29053
29074
29099
29123
29176
29215
29240
29265
29307
29333
29366
29398
29430
29453
29480
29523
29544
29569
29596
29623
29660
29688
29830
29861
29886
29913
29949
29974
29995
30024
30053
30387
30410
30466
30487
30508
30540
30571
30592
30616
30642
30669
30716
30932
30956
30994
31049
31074
31097
31118
31140
31467
31493
31556
31587
31616
31644
31674
31700
31722
31749
31770
31793
31816
31852
31879
31902
31944
31969
32005
32036
32058
32088
32115
32141
32164
32194
32216
