# 1700, 11c9abcd49aef4eab10e84f3fc9d9f2583f3d0fa0a38d0c83cbcb6baa0d5f965.SC2Replay
3553
3729
3765
4872
4905
5013
5036
5112
5256
5283
5304
5331
5353
5386
5419
5455
5477
5500
5528
5567
5603
5629
5663
5690
5713
5737
5760
5783
6047
6068
6216
6344
6564
6957
7014
7044
7499
7652
7684
7712
7740
7811
7853
7874
7896
7922
7953
7974
8001
8051
8080
8105
8135
8156
8186
8211
8232
8258
8281
8313
8335
8376
8543
8682
8704
8817
8844
8872
8900
8936
8957
8996
9028
9050
9084
9114
9137
9159
9180
9201
9229
9253
9279
9303
9337
9375
9396
9419
9440
9466
9517
9558
9587
9609
9645
9666
9691
