# 486, 22ee4116345272a8442b1a004e9aeec362e7c74bf5138c7b65234861ac79dee2.SC2Replay
4463
7136
7159
7183
7250
7279
7771
7962
7998
8031
8202
8223
8244
9394
9418
9509
9534
9555
9576
9598
9623
9711
9735
9756
9778
10637
12570
12598
12620
12654
12676
12792
12814
12836
12863
12888
14560
14590
14625
14657
14682
14709
14732
14758
15168
15191
15212
15240
15947
15971
16008
16046
16077
16646
16677
16701
16725
16757
16786
16807
16828
17418
17439
17462
17826
17855
17887
18531
18552
18589
18613
18637
18668
18689
18710
18747
18785
18875
18899
18923
18950
19200
19223
19246
19271
19304
19342
19364
19397
19422
19454
19495
19520
19552
19582
19617
19646
19670
19709
19731
19756
19780
19801
19822
19855
19882
19974
19995
20147
20177
20217
20251
20280
20306
20331
20360
20382
20404
20427
20457
20480
20682
20791
21060
21083
21122
21158
21179
21202
21225
21581
21606
21647
21669
21691
21722
21757
21779
21801
21828
21899
21928
21967
21994
22031
22063
22086
22125
22157
22192
22213
22242
22317
22356
22470
22491
22514
22540
22562
22603
22624
22646
22667
22690
22711
22747
22770
22801
22825
22849
22870
23532
23553
23574
23613
23635
23657
23687
23709
23739
23761
23787
23825
23846
23877
23901
23970
23992
24013
24125
24146
24183
24205
24236
24259
24288
24313
24335
24370
24391
24417
24441
24486
24629
24657
24684
24705
24949
25064
25203
25229
25282
25334
25384
25418
25454
25475
25496
25518
25557
25580
25605
25644
25677
25715
25738
25772
25809
25842
25868
25896
25930
25959
25996
26025
26051
26073
26095
26123
26144
26165
26186
26207
26228
26254
26280
26309
26334
26355
26376
26399
26433
26459
26564
26598
26675
26696
26720
26747
26773
26794
26817
26857
26887
26910
26932
26961
26995
27027
27048
