# 696, 1c753e7cca0d9c3625cd882d8d73b31d15a73bb8dec7f5a97e1eb24d3473c6b4.SC2Replay
4282
4310
4331
4356
4388
4414
5112
5138
5235
5256
5281
5302
5326
5349
6340
6372
6393
6415
6437
6458
6480
6502
6528
6564
6599
6623
6652
6688
6718
6753
6780
6806
6878
6926
6948
6970
7003
7031
7053
7074
7099
7129
7171
7211
7232
7255
7287
7323
7356
7387
7424
7452
7475
7546
7581
7608
7637
7660
7695
7721
7753
7785
7812
7837
7872
7898
7920
7945
8013
8036
8062
8083
8114
8143
8164
8201
8239
8275
8305
8337
8448
8475
8499
8522
8543
8580
8678
8700
8722
8747
9606
9819
9850
9873
9896
9929
9970
10000
10023
10044
10065
