# 1337, 29c6a5edba7f27000055e5303de6a6e2548009defd5f0cf7ff5d830844985330.SC2Replay
3801
3826
3855
3883
3917
3946
3983
4006
4032
4059
4085
4142
5031
5068
5092
5114
5138
5162
5186
5208
5249
5273
5307
5334
5364
5385
5410
5433
5504
5528
5571
5600
5629
5665
5735
5766
5820
5882
6547
6594
6621
6648
6687
6778
6801
6833
7007
7034
7057
7081
7119
7140
7162
7211
7233
7424
7447
8402
8424
8497
8564
8587
8748
8780
8838
8876
8904
9019
9047
9073
9238
9273
9294
9336
9490
9513
9551
9576
9608
9669
9718
10017
10044
10102
10124
10170
10264
10297
10401
10424
10451
10486
10512
10539
10567
11220
11245
11442
11497
11535
11569
11616
11639
11730
11767
11792
11930
11974
11996
12025
12069
12093
12147
12169
12192
12543
12566
13028
13072
13104
13455
13552
13648
13695
13733
13790
14004
14043
14066
14104
14141
14167
14211
14255
14280
14356
14404
14436
14463
14518
14559
14617
14642
14949
15226
15247
15277
15313
15347
15379
15400
15435
15520
15543
15571
15612
15643
15714
15735
15760
15799
15830
15859
15888
15911
15933
15970
15994
16016
