# 151, 14aa05b36e96917a7732baa3a4266ee132b83c3cfdd612092af52e6288f5c779.SC2Replay
1388
1420
1956
2476
2771
3143
3182
3238
3276
3436
3458
3484
3515
3539
3561
3651
3672
4116
5164
5417
5673
5792
5823
6357
6719
6741
7209
7412
7458
7610
7638
8069
8283
8313
8334
8356
8388
8420
8445
8475
8500
8530
8598
8703
9108
9510
9815
10022
10084
10115
10146
10372
10515
10622
10675
11497
11956
12146
12567
12667
12802
13002
13039
13096
13159
13263
13317
13438
13467
13542
13733
13805
13840
14009
14502
14543
14572
14640
14707
15186
15325
15390
15425
15474
15556
15637
15701
15791
16167
16264
16380
16414
16450
16505
16541
16576
16663
16706
16897
17018
17060
17085
17109
17131
17172
17199
17227
17254
17277
17328
17358
17399
17566
17651
17712
17744
17778
17862
17894
17959
18138
18201
18279
18345
18414
18677
18759
18901
18922
19055
19105
19180
19261
19603
19648
19713
19891
20089
20129
20226
20262
20308
20367
20388
20508
20626
20667
20754
20797
20908
20960
21030
21222
21280
21368
21402
21438
21466
21494
21518
21541
21564
22108
22289
22369
22418
22498
22542
22612
22782
23057
23084
23375
23404
23442
23543
23653
23806
23878
24042
24065
24115
24344
24525
24623
24646
24681
24877
24974
24995
25016
25043
25069
25091
25250
25417
25441
25480
25514
25542
25575
25611
25634
25655
25710
25770
25829
25855
25987
26037
26145
26201
26651
26679
26700
26728
26750
26775
26807
26837
26860
26882
26905
26932
26954
26976
27001
27034
27244
27269
27312
27402
27530
27562
27823
27862
27883
27909
27934
28038
28072
28159
28236
28375
28410
28465
28677
28700
28723
28757
28781
28810
28845
28869
28978
29053
29191
29309
29450
29846
30030
30095
30725
30844
30959
31090
31143
31165
31187
31211
31244
31267
31307
31359
31381
31406
31427
31451
31477
31510
31538
31566
31590
31621
31654
31692
31715
31736
31771
31834
31857
31879
31902
31929
31950
31971
32003
32042
32065
32094
32180
32204
32236
32257
32278
32299
32325
32346
32371
32410
32431
32452
32486
32517
32548
32575
32605
32628
32662
32698
32732
32755
32778
32803
32828
32866
32900
32933
32974
