# 42, 11a56b23ac93a7f2969f1c68883b971009f3f8f7b7e8631a7b3f0f99ebc42911.SC2Replay
663
2411
2535
3580
3651
3745
4060
4227
4250
4273
5104
5143
5354
5375
5406
5438
5734
5924
6053
6279
6461
7888
7929
7953
8009
8039
8231
8313
8334
8375
8399
8434
8458
9029
9121
10573
10731
10834
11120
11223
11359
12164
12206
12461
12513
12640
12665
12739
12901
12928
12964
13002
13043
13263
13303
13327
13365
13439
13513
13537
14003
14104
14547
14901
15001
15101
15128
15251
15344
16012
16059
16109
16130
16309
16389
16411
16437
16460
16980
17013
17065
17096
17287
17339
17422
17584
17617
17776
17799
17822
17853
17914
17967
18062
18144
18166
18195
18217
18240
18262
18288
18318
18340
18403
18449
18478
18522
18554
18644
18692
18794
18834
18919
18974
19004
19086
19114
19186
19252
19302
19375
19415
19527
19585
19635
19657
19690
19997
20072
20206
20227
20271
20329
20369
20404
20437
20488
20509
20535
20571
20593
20620
20655
20698
20723
20748
20799
20935
20964
21018
21121
21189
21217
21299
21324
21347
21380
21451
21512
21542
21569
21603
21632
21656
21780
21969
21995
22019
22042
22063
22305
22400
22470
22576
22673
22953
23046
23125
23149
23178
23218
23240
23261
23296
23318
23339
23361
23384
23420
23442
23511
23551
23579
23617
23651
23683
23726
23766
23787
23809
23839
23867
23894
23921
23956
23995
24036
24057
24078
24111
24142
24167
24188
24212
24244
24269
24296
24324
24348
24369
24391
24416
24457
24684
24786
24912
24979
25029
25084
25228
25589
25690
25716
25741
25763
25787
25811
25832
25853
25874
25900
25929
25964
25985
26008
26029
26050
26087
26113
26135
26158
26180
26214
26245
26271
26332
26357
26580
26602
26635
26674
26708
26744
26778
26809
26836
26875
26899
26921
