# 1017, 295fbf6c711f0a3219515ac2128098f7b2108f4367fb9d3a7454e36424a5b516.SC2Replay
6263
6285
6316
6343
6364
6385
6413
6435
6457
7374
7457
7487
7511
7532
7562
7652
7680
7704
7728
7752
7786
7807
7835
7870
8043
8066
8098
8123
8331
8352
8375
8402
8432
8468
8490
8511
8533
8561
8592
8614
8643
8667
8801
8837
9093
9123
9156
9179
9210
9232
9257
9280
9404
9425
9475
9499
9523
9546
9589
9610
9648
9669
9779
9800
9898
10007
10028
10050
10159
10184
10210
10261
10282
10384
10429
10451
10476
10514
10687
10713
10736
10758
10845
10888
10909
10933
10954
10975
10997
11030
11055
11099
11142
11173
11203
11229
11259
11290
11318
11358
11388
11409
11449
11470
11493
11516
11551
11579
11619
11759
11784
11879
11926
11957
11992
12016
12049
12076
12119
12154
12176
