# 169, 118f3421b4fdc216540f31675ca38b8ba1f9cb3c30f66de6c3f8c9134ea3798e.SC2Replay
4102
4135
4163
4221
4262
4295
4317
4338
4365
4386
4407
4433
4455
4483
4508
4621
4690
4723
4836
4904
4933
4967
5007
5039
5170
5244
5268
5430
5470
5508
5531
5585
5781
5865
5915
5946
5970
6013
6080
6123
6190
6231
6277
6307
6397
6419
6543
6566
6590
6615
6641
6664
7106
7791
7812
7845
7872
7899
7925
7955
7976
8003
8026
8053
8082
8115
8145
8186
8214
8238
8268
8305
8328
8386
8437
8463
8511
8536
8565
8594
9040
9176
9251
9291
9352
9402
9455
9550
9580
9999
10024
10065
10087
10110
10133
10162
10268
10294
10315
10336
10360
10410
10445
10469
10498
10524
10549
10592
10616
10637
10660
10700
10880
10901
10941
10962
11002
11028
11150
11193
11262
11478
11586
11963
12301
