# 442, 0445132f440c9d720de5de78cbd0ce2949c4c4e24a374883644fa22fc633791f.SC2Replay
3943
3976
4009
4030
4051
4072
4095
4122
4151
4187
4213
4235
4256
4443
4469
4496
4517
4541
4578
4601
4628
4650
4673
4696
4723
4748
4780
4804
4825
4954
4976
5016
5038
5122
5145
5173
5196
5231
5252
5456
6074
6096
6120
6142
6179
6210
6761
6784
6809
6832
6855
6885
6910
6931
6967
6988
7163
7321
7482
7511
7545
7566
7606
7645
7669
7692
7721
7755
7790
7821
7854
7958
8784
9431
9454
9477
9498
9527
9564
9601
9623
9659
9687
9718
9745
9858
9880
9917
9939
9973
10000
10031
10059
10095
10128
10150
10173
10208
10238
10276
10303
10336
10357
10391
