# 764, 10486024e675587a0ca4bd3ee27f4f6882b5fc8f3357a1275b0a0598712dd52a.SC2Replay
6694
6716
6743
6764
7039
7065
7089
7112
7133
7155
7294
7324
7345
7415
7709
7736
7759
7781
7804
7845
7866
7889
7915
7947
7978
8000
8024
8805
8827
8854
8891
8913
8939
8961
8982
9012
9034
9064
9086
9110
9140
9164
9193
9233
9263
9286
9320
9357
9380
9415
9436
9466
9487
9508
10055
10079
10108
10775
10797
10856
10880
10921
10943
10968
10989
11010
11031
11058
11083
11108
11129
11183
11211
11249
11284
11328
11351
11374
11419
11445
11466
11491
11530
11569
11593
11779
11800
11821
12976
14159
14191
14212
14233
14865
14894
14923
14953
14974
14995
15020
15045
15067
15098
15123
15144
15165
15526
15549
15570
15690
15712
16049
16073
16107
16132
16154
16175
16196
16220
16248
16276
16300
17153
17176
17207
17235
17257
17284
17310
17349
17382
17407
17433
17459
17493
17517
17541
17571
17600
17640
17664
17686
17708
17729
17750
18026
18047
18086
18110
18132
18161
18185
18206
18232
18254
18358
18392
18421
18454
18489
18511
18533
18554
18580
18990
19012
19346
19367
19396
19420
19448
19471
19496
19521
19545
19570
20126
20147
20366
20388
20418
20443
20467
20503
20525
20546
20573
20595
20617
20640
20661
20695
20719
20747
20769
20790
20822
20845
20867
20889
20922
20946
20968
20993
21024
21057
21097
21123
21147
21172
21200
21229
21251
21281
21368
21389
