# 435, 160843596f09385ff8f5d087aae8ea587b9626e5551df99ed0001464079d8670.SC2Replay
3755
4993
6333
6354
6380
6420
6456
6480
6501
6561
6588
6629
6650
6671
6692
6713
6753
6774
6795
6821
6959
7069
7094
7123
7145
7186
7214
7237
7260
7289
7314
7339
7369
7390
7419
7449
7474
7500
10653
10674
10711
10776
10811
10834
10855
10887
10916
10948
10971
12064
12087
12110
13487
13514
13537
13963
13985
14013
14039
14076
14109
14142
14862
14883
14908
14941
14962
14991
15023
15044
15065
15786
15808
15833
15854
15888
15913
15969
15995
16017
16041
16077
16098
16123
16151
16175
16196
16227
16250
16284
16320
16343
16443
16892
16920
16951
17901
17924
18216
18243
18293
18513
18538
18562
18584
18606
18628
18657
18693
18731
18752
18774
18810
18833
18858
18891
18915
18947
18968
18997
19021
19047
19076
19098
19127
19149
19185
19335
19363
19385
19459
19482
19519
19718
19756
19778
19801
19828
19858
21189
21755
21785
21838
21871
21896
21922
21957
21978
22013
22046
22070
22238
22290
22354
22382
22462
22547
22579
22609
22654
22694
22724
22747
22770
22791
22812
22969
22990
23013
23051
23087
23115
23140
23169
23190
23211
23234
23257
23293
23321
23357
23383
23404
23425
23453
23487
23517
23548
23575
23598
23622
23650
23733
23761
23801
23838
23863
23896
23935
23975
24013
24050
24084
24125
24148
24169
24197
24329
24360
24885
24917
24947
24969
24991
25013
25040
25072
25100
25127
25148
25189
25243
25392
25419
25440
25505
25567
25622
25645
25675
25848
25881
25913
25934
25958
25980
26013
26036
26072
26103
26127
26151
26184
26213
26317
26409
26619
26653
26691
26726
26748
26785
26806
26827
26854
26881
27023
27060
27095
27117
27138
27163
27184
27213
27238
27265
27294
27418
27446
27475
27496
27517
27539
27566
27595
27624
27654
