# 918, 2109001fedcb05b770d45c8b39567a9fec336654986552ac734b795504f14358.SC2Replay
2843
2870
2899
3154
3288
3315
3343
3364
3404
3429
3456
3489
3510
3536
3577
3609
3641
3662
3683
3724
3747
3770
3803
3834
3858
3944
4157
4228
4276
4301
4331
4369
5327
5373
5754
6081
6119
6230
6262
6298
6328
6357
6388
6426
6460
6508
6532
6591
6747
7999
8023
8054
8076
8107
8131
8163
8195
8222
8254
8276
8304
8336
8751
8775
8897
8930
8958
8984
9211
9235
9299
9331
9363
9392
9423
9447
9476
9590
9773
9831
9948
10042
10063
10092
10225
10292
10415
10476
10499
10535
10573
10843
10866
10902
10931
11003
11040
11106
11145
11181
11206
11227
11255
11402
11562
11589
11626
11661
11686
11708
11730
11799
11829
11850
11873
11897
11920
11941
11971
11996
