# 1481, 08712941a4d5c51c67f5f50331732d259d84cfd33794abab6899d0e3c538e94d.SC2Replay
6502
9596
9623
9651
9672
9693
9730
9752
9777
9800
9824
9863
9901
9923
9944
10055
10086
10683
10715
10747
10780
10816
10837
10887
11085
11119
11156
11178
11231
11258
11280
11311
11342
11375
11416
11438
11461
11492
11516
11552
11582
11611
11632
11654
11684
11712
12081
12118
12535
12566
12597
12622
12655
12685
12721
13266
13420
13463
13485
13516
13545
13569
13603
13638
13674
13699
13730
13758
13779
13810
13881
13946
14008
14976
15033
15232
15263
15285
15354
15401
15989
16010
16044
16230
16341
16371
16395
16417
16439
16465
16497
16528
16791
16872
16948
16986
17013
17121
17222
17760
17816
17837
18079
18101
18124
18162
18190
18211
18233
18383
18452
18674
19207
19234
19258
19281
19310
19334
19366
19624
19648
19680
19707
19730
20133
20158
20198
20233
20261
20289
20465
20544
20581
20607
20631
20659
20689
20711
20733
20772
20800
20831
20857
20880
20902
20937
20963
20989
21014
21053
21093
21120
21146
21167
21188
21209
21237
21259
21280
21303
21324
21349
21542
21565
21591
21614
21646
21684
21709
21746
21785
21810
21832
21854
21888
21914
21942
21965
22063
22087
22118
22159
22182
22203
22235
22257
22278
22299
22322
22344
22366
22391
22423
22450
22493
22515
22539
22560
22581
22608
22639
22911
22933
22955
22979
23003
23026
23061
23097
23129
23157
23193
23217
23240
23278
23315
23340
23361
23385
23507
23529
23562
23587
23616
23647
23686
23716
23738
23777
23806
23846
23876
23899
23921
23950
23975
24014
24039
24060
24095
24121
24160
