# 728, 0d27a96ad4a92a910d172260e22ef8b2ec140c45bce4f2b642af303918569c8f.SC2Replay
2779
2896
3081
3112
3199
3346
3402
3487
3612
3662
3689
3782
3817
3899
3927
3962
3986
4027
4052
4073
4096
4185
4292
4322
4354
4378
4463
4518
4573
4708
4731
4824
4865
5005
5060
5092
5176
5250
5358
5400
5526
6540
6561
6582
6603
6624
6649
6670
6696
6717
6740
6768
6805
6826
6851
6889
6918
6942
6963
6984
7745
7768
7800
7832
7861
7883
7937
7971
8002
8023
8045
8083
8118
8142
8163
8193
8368
8391
8417
8438
8595
8616
8653
8696
8717
8742
8763
