# 72, 201b8f29cc13dcd41fc24c00abbc7714545566cbd703bacb9c824be659ccbeac.SC2Replay
3522
3551
3585
3619
3653
3683
3711
3741
3802
4061
4094
4322
4366
4395
4422
4584
4616
4639
4662
4775
4837
4865
4908
4937
4959
4996
5018
5074
5099
5140
5163
5209
5231
5266
5289
5543
5566
5596
5634
5683
5705
5740
5780
5840
5884
5935
5960
5981
6015
6057
6095
6119
6501
6542
6580
6619
6655
6686
6708
6774
8030
9194
9257
9302
9362
9398
9438
9540
9599
9642
9672
9695
9800
9845
9942
10023
10054
10104
10281
10376
10398
10436
10558
10580
10650
10699
10776
10816
10847
11821
12250
12344
12391
12428
12456
12577
12664
12727
12761
13139
13164
13207
13257
13279
13316
13352
13380
13405
13481
13861
14032
14108
14455
14479
14521
15129
15162
15195
15221
15321
15504
15799
16355
16391
16413
16451
16523
16554
16669
16860
16889
16923
16947
17033
17161
17205
17230
17301
17409
17443
17465
17825
17922
17961
17984
18065
18090
18138
18168
18194
18231
18260
18518
18643
18687
18731
18785
18823
18853
18892
19048
19116
19137
19180
19215
19243
19275
19341
19525
19546
19606
19637
19670
19711
19746
19775
19815
19842
19863
19892
19926
19981
20006
20027
20074
20105
20279
20309
20386
20447
20479
20530
20691
20787
20816
20847
20887
20914
21265
21327
21381
21524
21586
21717
21738
22078
22137
22176
22233
22339
22366
22397
22451
22488
22531
22639
22908
23408
23455
23610
23664
23693
23846
23897
23948
24126
24166
24210
24340
24400
24448
24481
24521
24574
24607
24644
24666
24707
24746
24772
24834
24858
24942
25016
25054
25084
25107
25142
25165
25296
25317
25484
25581
25605
25631
25652
25673
25703
25725
25901
25972
25997
26035
26065
26088
26392
26419
26443
26473
26502
26828
26861
26895
27059
27742
28331
28583
28635
28657
28688
28712
28749
28775
28980
29060
29126
29187
29283
29364
29470
29580
29629
29841
29885
29955
29994
30027
30088
30310
30336
30424
30453
30479
30505
30538
30567
30588
30679
30979
31305
31494
31623
31662
31716
31741
31894
31980
32217
32241
32287
32324
32350
32384
32410
32439
32534
