# 814, 0d0b56d140cb2d393807232ac67a413fdb2f7b6d86df16fb3bee7399290578bb.SC2Replay
6775
6796
6819
6852
14325
14346
14367
14389
14410
14438
14459
14484
14511
14540
16091
16112
16135
16161
16189
16212
16233
16261
19051
19077
19108
19145
19176
19198
19219
19630
19662
19693
20208
21125
21148
21507
21725
21748
21771
21806
21830
21856
21877
21898
21922
21945
21966
21990
22024
22061
22089
22130
22152
22177
22202
22225
22249
22270
22298
22324
22346
22373
22400
22426
22462
22483
22553
22574
23119
23158
23180
23396
23435
23460
23481
23509
23537
25374
25395
25416
25439
25460
25487
25514
25987
26017
26240
26277
26302
26331
26360
26382
27315
27351
27376
27410
27444
27472
27499
27531
27560
27594
27615
27641
27674
27788
27833
27871
27893
27931
27955
27977
28038
28077
28101
28130
28151
28172
28197
28222
28244
28265
28286
28311
28336
28358
28385
28418
28451
28505
28573
28594
28615
28644
28673
28708
28733
28755
28796
28819
28850
28871
28893
28915
28938
28961
28987
29015
29038
29071
29093
29120
29153
29177
29201
29227
29259
29289
29314
29355
29396
29418
29441
29464
29486
29513
29548
29573
29613
29636
29671
29702
29729
29760
29784
29813
29852
29881
30095
30116
30144
30166
30190
30220
30258
30288
30313
30352
30384
30405
30440
30461
30488
30511
30551
30584
30609
30636
30663
30684
30709
30730
30752
30776
30797
30818
30926
30950
30971
30995
31016
31398
31491
31518
31539
31560
31599
31623
31645
31683
31716
31737
31764
31785
31811
31839
31862
31886
31912
31935
31965
31987
32025
32059
32081
32104
32130
32152
32214
32247
32269
32293
32315
32355
32379
32412
32434
32455
32480
32505
32527
32548
32572
32602
32633
32671
32737
32776
32803
32824
32845
32878
32904
32930
32960
32992
33014
33057
33085
33113
33149
33188
33227
33265
33289
33311
33333
33358
33393
33431
33452
33689
33727
33748
33778
33802
33830
33871
33902
33930
33969
33990
34015
34040
34127
34242
34265
34298
34322
34345
34370
34391
34413
34445
34467
34489
34527
34556
34577
34603
34635
34657
34678
34705
34733
34754
34779
34853
34882
34906
34940
34964
35001
35023
35051
35074
35096
35130
35154
35193
35214
35238
35260
35283
35323
35350
35385
35407
35431
35469
35506
35531
35552
35717
35738
35767
35841
35873
36180
36219
36245
36270
36305
36338
36359
36381
36412
36439
36475
36509
36596
36626
36649
36929
36957
36988
37020
37053
37074
37125
37162
37187
37208
37246
37272
