# 1152, 2a5ae0196cbcc3536b141e5ada5c467c008a0782ba258396ee6e0bd384047a8e.SC2Replay
9600
9632
9668
9693
9715
9747
9771
9795
9823
9844
9881
9911
9954
9976
10003
10027
10097
10120
10146
10444
10465
10576
10623
10653
10679
10700
11791
11959
11986
12077
12106
12152
12181
12210
12234
12280
12301
12325
12366
12640
12663
12686
12711
12732
12907
12930
13551
13637
13666
13797
13831
13859
13884
13910
13936
13958
14125
14148
15516
15544
15567
15588
15626
15656
15680
15712
15734
15757
15796
15837
15891
15913
15935
15968
15995
16032
16060
16083
16112
16141
16317
16338
16367
16410
16434
16456
16494
16519
16540
16562
16588
16634
16675
16724
16749
16771
16800
16825
16861
16888
16910
16938
16998
17041
17096
17119
17153
17183
17220
17250
17292
17315
17351
17400
17424
17446
17497
17521
17549
17596
17637
17669
17694
17719
17745
17767
17828
17853
17884
17923
17963
17986
18017
18092
18118
18142
18201
18230
18257
18290
18312
18348
18379
18401
18431
18456
18481
18503
18526
18554
18576
18599
18632
18672
18695
18717
18738
18762
18783
18804
18837
18861
18885
18906
18934
18955
18992
19021
19053
19078
19105
19142
19172
19193
19214
19236
19258
19283
19305
19327
19355
19396
19433
19455
19489
19526
19547
19569
19602
19639
19661
19687
19710
19743
19764
19798
19820
19841
19869
