# 874, 021e94b6f1082ab3a56be03330fe45aa727244956f9dfb8943b8760393af2ff6.SC2Replay
3486
3860
8399
8423
8453
8475
8500
8541
8562
8593
11961
11984
12011
12038
12061
12085
12120
12159
12180
12204
12242
12271
12294
12695
12727
12755
12788
12816
12846
12867
12904
13348
13370
13523
13560
13884
14312
14342
14372
14452
15762
15872
15894
15920
15942
15974
15995
16107
16141
16173
16203
16242
16279
16309
16349
16374
16396
16418
16444
16469
16492
16514
17248
17273
17299
17320
17350
17378
17401
17432
17453
17488
17646
17683
17708
17734
17758
17785
17808
17845
17880
17903
17928
17949
17987
18011
18047
18082
18109
18783
18826
19066
19091
19130
19158
19187
19210
19231
19299
19322
19560
19594
19615
19639
19669
19696
19717
19902
19929
20098
20128
20157
20184
20223
20244
20327
20348
20498
20557
20589
20676
20765
20843
20902
20952
20983
21019
21044
21080
21156
21194
21216
21652
21693
21715
21778
21802
21825
21856
21924
21945
21969
22049
22080
22103
22127
22154
22175
22196
22223
22250
22271
22292
22320
22439
22480
22505
22533
22566
22598
22681
22722
22753
22783
22821
22842
22865
22901
22922
22943
22983
23021
23051
23080
23101
23125
23157
23182
23222
23250
23277
23329
23492
23513
23539
23565
23600
23640
23662
23693
23721
23744
23770
23808
23863
23890
23967
23988
24018
24041
24063
24084
24112
24133
24158
24180
24201
24233
24254
24275
24296
24318
24341
24362
24384
24408
24435
24475
24509
24536
24568
24596
24618
24641
24662
24685
24725
24749
24783
24807
24836
24860
24881
24917
24939
24963
24988
25015
25041
25071
25099
25123
25148
25174
25197
25220
25244
25272
25313
25347
25374
25413
25437
25460
