# 369, 07ec1a713ff671b8664b691da7d0bcf8dca25055437544fec43e1978fb8f9c1b.SC2Replay
4098
4320
4463
4487
4510
4552
4573
4595
5262
5287
5321
5357
5384
5509
5544
5571
5611
5635
5661
5692
5722
5747
5773
5801
5827
5868
5891
5922
5946
5987
6009
6031
6068
6102
6136
6161
6183
6212
6244
6276
6310
6332
6361
6394
6421
6451
6474
6495
6535
6556
6584
6613
6648
6676
6708
6732
6775
6802
6828
6849
6893
6926
6949
6984
7017
7045
7071
7093
7129
7154
7175
7202
7229
7252
7288
7339
7382
7424
7449
7471
7498
7527
7549
7572
7598
7625
7651
7681
7704
8166
8201
8246
8281
8306
8327
8351
8373
8416
8979
9001
9026
9047
9765
9793
9814
9851
9894
9917
9944
9968
10001
10032
10055
10079
10116
10146
10171
10202
10241
