# 82, 18a4f5c698e597fc2aca8a55cea876c526a20ac9e4bb244745ae54dd4e691af3.SC2Replay
4141
4164
4197
4221
4352
4376
4503
4535
4556
4581
4609
4648
4673
4703
4742
4764
4785
4816
4841
4864
5403
5443
5473
5494
5521
5552
5579
5602
5630
5651
5704
5729
5750
5784
6672
6704
6751
6779
6803
6825
6854
6875
6900
6921
6946
6970
6998
7024
7046
7469
7490
7514
7549
7575
7860
7891
7933
8778
8825
8887
8947
8978
9010
9052
9089
9237
9265
9305
9409
9445
9746
10019
10048
10083
10438
10463
10515
10555
10582
10647
10675
10726
10753
10787
10908
10958
11033
11104
11141
11163
11243
11363
11473
11506
11528
11772
11802
11823
11862
11891
11913
11935
11968
11990
12026
12048
12072
12508
12591
12619
12644
15036
15057
15080
15134
15170
15196
15220
15243
15277
15302
15326
15350
15371
15393
15418
15441
15469
19164
19186
19225
19256
19371
19396
19422
19443
19468
19489
19516
19538
19561
19582
19606
19627
19662
19687
19708
19729
19751
19784
19823
19844
19871
19895
19929
19953
19987
20018
20044
20070
20100
20121
20155
20299
20320
20345
20367
20396
20420
20444
20471
20542
20563
20591
20631
20657
20678
20706
20733
20756
20778
20801
20828
20856
20877
20898
20920
20959
20983
21004
21040
21072
21244
21266
21304
21337
21364
21401
21441
21471
21508
21538
21564
21597
21635
21657
21679
21742
21763
21784
21806
21835
21859
21883
21905
21927
21948
21987
22017
22039
22072
22095
22126
22147
22168
22196
22220
22259
22285
22308
22333
22354
22378
22417
22456
22481
22514
22792
22826
22856
22877
22911
22933
22969
23148
23181
23212
23252
23273
23306
23332
23355
23376
23558
23582
23872
23896
24220
24242
24275
24300
24324
24824
24853
