# 534, 21de83bd83e92bb68d4397f25f32c435023ce03d3a8d55e5241cd29418f7617f.SC2Replay
13241
13438
13483
13504
13531
13553
13586
13620
13651
13687
13718
13749
13772
13795
13817
13839
13865
13887
13911
13932
13954
13978
14002
14025
14053
14080
14101
14123
14149
14171
14192
14227
14257
14286
14327
14349
14374
14411
14437
14462
14486
14507
14547
14573
14597
14745
14781
14803
14829
14862
14886
14908
14929
14955
14993
15015
15322
15357
15381
15408
15433
15459
15489
15511
15533
15562
15583
15611
15647
15684
15707
15742
15776
15813
15846
15876
15905
15945
15974
16000
16030
16062
16087
16114
16150
16191
16225
16255
16291
16318
16360
16416
16449
16473
16499
16521
16548
16835
16870
16912
16949
17143
17164
17331
17361
17401
17423
17446
17467
17489
17531
17559
17583
17605
17635
17657
17679
17719
17752
17786
17963
17988
18011
18050
18073
18105
18184
18212
18233
18492
18519
18561
18815
18836
18874
18903
18943
19044
19065
19214
19242
19279
19315
19337
19360
19391
19417
19450
19479
19501
19523
19551
19573
19607
19632
19829
19851
19873
19901
19937
19970
19995
20018
20041
20081
20103
20139
20168
20200
20239
20265
20286
20323
20357
20378
20399
20420
20450
20487
20515
20539
20570
20611
20640
20681
20704
20731
20771
20805
20832
20860
20889
20918
20953
21110
21132
21173
21196
21234
21255
21276
21303
22168
22190
22212
22252
22276
22297
22331
22352
22376
22400
22429
22451
22480
22505
22540
22570
22597
22627
22661
22687
22709
22737
22758
22783
22822
22862
