# 1459, 2792f186dd03cc1034bf0762b80780d0f3b35375777eccadf3195212355fe229.SC2Replay
8995
9132
9447
9522
9655
9742
9825
9881
9929
9972
10063
10084
10134
10203
10228
10388
10466
10506
10542
10843
11140
11223
11342
11365
11397
11799
11834
11855
11876
12002
12033
12056
12091
12117
12172
12193
12225
12247
12271
12292
12313
12344
12375
12396
12417
12454
12477
12502
12531
12563
12592
12616
12637
12658
12681
12705
12728
12757
12795
12832
12869
12905
12928
12951
12972
12993
13015
13043
13080
13114
13139
13174
13200
13221
13245
13266
13296
13322
13346
13371
13394
13421
13453
13482
13507
13541
13576
13598
13623
13646
13679
13702
13727
13753
13792
13816
13851
13872
13905
13946
13973
14003
14035
14059
14082
14108
14132
14155
14177
14204
14242
14275
14302
14334
14361
14401
14422
14451
14487
14510
14533
14564
14592
14624
14645
14668
14689
14711
14737
14767
14790
14811
14838
14862
14897
14991
15043
15069
15096
15121
15142
15163
15185
15208
15233
15270
15295
15358
15384
15463
15490
15514
15535
15563
15596
15620
15641
15663
15685
15718
15741
15766
15805
15826
15848
15874
15914
15944
15971
16010
16033
