# 871, 0a4a550daa31a56ab8c4b5589009e7e8d35901a10f3b3432f900abd5d2aafb6a.SC2Replay
3990
4017
4056
4106
4371
4522
4613
4703
4912
4969
5000
5076
5114
5149
5179
5227
5304
5381
5411
5482
5528
6085
6124
6148
6276
6383
6428
6457
6491
6516
6541
6569
6591
6612
6633
6660
6687
6718
6759
6785
6819
6896
6932
6953
6988
7015
7052
7074
7106
7146
7177
7209
7232
7269
7291
7322
7405
7446
7475
7500
7538
7567
7593
7621
7745
7781
7806
7843
7877
7915
7938
7961
7987
8234
8296
8346
8382
8412
8508
8649
8764
8957
8978
8999
9037
9059
9087
9121
9145
9183
9215
9254
9296
9327
9360
9450
9487
9513
9541
9563
9779
9814
9848
9884
10066
10106
10145
10262
10889
