# 509, 1a5dace7b7c2e89fdb1065547f7d734d3e3c8ac564ecbd376bb296f71de8f0f9.SC2Replay
4155
4178
4207
4231
5336
5412
5437
5713
5939
6332
6529
6631
6670
6804
6867
6924
7094
7265
8142
8181
8352
8389
8425
8456
8480
8529
8564
8588
8611
8646
8667
8693
8725
8747
8775
8835
8856
8895
8922
8948
8969
8991
9016
9040
9076
9104
9139
9173
9195
9222
9243
9276
9309
9330
9352
9379
9416
9446
9468
9492
9524
9548
9570
9599
9628
9671
9707
9742
9764
9787
9809
9846
9892
9923
9951
9989
10030
10085
10170
10207
10230
10256
10290
10319
10345
10435
10509
10548
10569
10681
10719
10795
10826
10848
10870
10892
10927
10951
10973
10999
11040
11081
11108
11141
11169
11206
11228
11253
11275
11296
11323
11344
11368
11396
