# 129, 20a8a052c937d4766e211e55f42aa287e977b5c2944e598bcb18dc599283421e.SC2Replay
3986
4105
4360
5029
5389
5486
5555
5759
5943
6291
6509
6551
6576
6597
6618
6641
6665
6698
6722
6757
6859
6966
6988
7041
7070
7097
7127
7204
7240
7265
7500
7577
7631
7674
7697
7931
8035
8254
8303
8329
8352
8387
8418
8450
8491
8513
8568
8594
8619
8665
9060
9081
9125
9157
10509
10538
10570
11238
11272
11742
11777
11816
11843
11873
11894
11937
11961
12029
12053
12089
12186
12246
12274
12310
12335
12363
12397
12436
12468
12514
12559
12588
12611
12635
12658
12693
12804
12847
12885
12914
12942
12970
12995
13020
13043
13076
13102
13123
13166
13187
13213
13239
13269
13293
13316
13338
13359
13384
13408
13448
13471
13500
13538
13566
13590
13622
13647
13679
13701
13728
13750
13772
13796
13954
14049
14692
14868
14939
14969
14992
15017
15059
15381
15501
15740
15770
15827
15859
15894
15918
15940
15969
15999
16045
16066
16093
16219
16240
16280
16365
16426
16551
16598
16623
16656
16706
16733
16909
16948
16970
17002
17025
17081
17136
17163
17186
17208
17232
17273
17294
17329
17355
17390
17497
17525
17546
17596
17645
17783
17882
17953
18083
18156
18201
18222
18261
18428
18479
18730
18925
19014
19063
