# 211, 143310f4c681ddc610c91cf9f8794d33e8a9b8c0f8ab3acd9decc5cac37687d2.SC2Replay
4355
4391
4415
4840
4865
5207
5487
5532
5567
5589
5610
5636
5664
5685
5868
6089
6981
7013
7036
7067
7095
7441
7464
7487
7511
7535
7569
7743
7769
7791
7816
7837
7909
7937
7972
7994
8091
8125
8149
8173
8201
8224
8246
8287
8386
8493
8516
8539
8564
8605
10387
10424
10449
10472
10723
10747
10769
10790
10811
10832
10863
10890
10924
10961
10993
11032
11054
11075
11112
11135
11161
11184
11209
11236
11272
11303
11325
11347
11373
11397
11422
11459
11480
11506
11541
11582
11689
11717
11747
11769
11798
11833
11880
11906
11931
11962
11983
12010
12046
12092
12123
12151
12191
12265
12304
12333
12370
12395
12435
12457
12486
12518
12553
12574
12601
12636
12664
12700
12728
12756
12777
12803
12830
12855
12884
12925
12958
12994
13017
13058
13098
13120
13373
13401
13429
13454
15897
15919
15940
15966
15996
16022
16048
16190
16453
16477
16871
16905
16928
16949
16983
17039
17138
17202
17232
17263
17291
17312
17341
17451
17472
17493
17524
17560
17588
17614
17686
17720
17743
17764
17797
17826
17860
17891
17916
17937
17961
17984
18013
18036
