# 450, 04bc5c675c5e98b4dc1033318ed0d2ec9de33f2eb3e379844d44e4332a2d90eb.SC2Replay
2711
2745
2774
2795
2825
2850
3150
3175
3447
3477
3502
3534
3563
3587
3651
3673
3704
3743
3776
3797
3818
3840
3861
3884
3906
3934
3966
3996
4037
4061
4090
4127
4157
4294
4328
4434
4459
4487
4524
4548
4574
4596
4624
4648
4670
4700
4730
4751
4774
4797
4874
4898
4922
4948
4971
4994
5030
5060
5090
5112
5199
5220
5243
5278
5299
5325
5347
5378
5419
5452
5475
5551
5587
5624
5655
7193
7221
7809
7849
7934
7961
7986
8020
8045
8084
8107
8142
8163
8191
8228
8251
8695
8719
8750
8780
8802
8947
8976
9077
9102
9130
9166
9193
9388
9411
9485
10111
10173
10376
10403
10431
10560
10591
10615
10649
11738
11802
11833
11869
11899
11929
11956
11996
12035
13278
13311
13336
13363
13393
13415
13453
13484
13516
13538
13559
13598
13620
13641
