# 274, 18eb9345f0fe341bbaf35e175f474d95bf6746891238c474b2ac30efc25e7de5.SC2Replay
5792
6747
6783
6817
6853
6875
7169
7298
7327
7401
7431
7476
7497
7523
7571
7595
7624
7645
7936
7965
7990
8011
8041
8062
8086
8107
8133
8221
8413
8650
8709
8731
8760
9079
9113
9758
9793
9982
10022
10054
10085
10106
10127
10162
10320
10359
10463
10487
10584
10622
10643
10671
10710
10734
11060
11094
11149
11195
11233
11272
11329
11752
11773
11794
11829
11853
11877
11920
12032
12057
12078
12119
12140
12161
12235
12268
12302
12324
12360
12487
12513
12551
12579
12602
12625
12656
12677
12739
12768
12816
12876
12905
12929
12972
13050
13096
13169
13199
13304
13337
13364
13435
13464
13491
13525
13592
13644
13680
13716
13770
13793
13828
13919
13951
13992
14078
14128
14151
14229
14253
14295
14321
14355
14758
15376
15405
15435
15456
15481
15667
15693
15751
15825
15856
15893
16407
16439
16462
16486
16526
16551
16583
16604
16666
16707
16746
16767
16791
16822
17082
17110
17141
17165
18283
18386
18420
18445
18466
18487
18522
18546
18575
18604
18640
18735
18760
18786
18842
18863
18885
18906
18952
19049
19080
19424
19445
19470
19595
19617
19647
19673
19694
19730
19751
19790
19818
19842
19876
19904
19976
19997
20510
20534
20904
20925
20949
20974
20998
21026
21063
21085
21417
21438
21476
21502
22323
22351
22374
22395
22417
22443
22480
22505
22595
23608
23647
23681
23719
23744
23773
23797
24024
24048
24069
24547
24581
24615
24643
24667
24695
24725
24746
24774
24796
24817
24840
26415
26436
26468
26496
27220
27243
27277
27314
27348
27369
28087
28115
28138
28173
28208
28235
28260
28281
28303
28334
28364
28389
28410
28431
28651
28684
29206
29227
29253
29274
29295
29333
29360
29390
29423
29464
29500
29526
29548
29569
29593
29620
29661
29683
29715
29761
29788
29823
29849
29871
29912
29949
29972
29995
30032
30053
30080
30102
30137
30158
30180
30202
30223
30245
30278
30306
30330
