# 1217, 219b983231b3e204c8360621689b1cb4f0f1a6bf84de21b4f6bed7a19ff4314a.SC2Replay
3293
3528
3597
3884
4043
4221
4653
4794
4978
5624
6015
6200
6299
6378
6629
6692
6731
6866
6979
7521
7543
7672
7754
7995
8550
8826
9729
9785
9870
9933
10916
10942
10975
10998
11023
11061
11083
11109
11130
11159
11785
11806
11838
11864
11901
11922
11948
11970
11993
12024
12046
12114
12149
12176
12214
12237
12268
12308
12335
12376
12417
12454
12479
12517
12596
12620
12655
12688
12714
12753
12792
12814
12838
12861
12894
13028
13050
13071
13105
13145
13171
13195
13216
13237
13261
13290
13380
13401
13425
13448
13479
13500
13539
13560
13582
13604
13639
13666
13691
13712
13742
13766
13790
13813
13834
13859
13891
13916
13940
13971
13993
14019
14129
14153
14175
14198
14223
14244
14266
14287
14313
14350
14377
14398
14419
14448
14482
14504
14525
14555
14594
14616
14641
14668
14692
14728
14754
14778
14866
14889
14917
14946
14980
15007
15047
15069
15099
15120
15141
15167
15194
15219
