# 225, 2ab1b4cb4042a715852006fb9fe4d7b739c2e61d63aadb9fe3e2aad785f2dcdb.SC2Replay
6648
6670
6691
9049
9083
9124
9149
9180
9203
9230
9254
9282
9319
12358
12610
13935
13959
13980
14005
14031
14052
14073
14484
14510
14535
14566
14610
14649
14671
14694
14717
14742
14775
14814
14841
14877
14899
14921
14960
15091
15112
15135
15176
15203
15226
15249
15281
15303
15327
15353
15379
15412
15439
15472
15499
15522
15555
15585
15608
15711
15740
15774
15797
15818
16087
16318
16430
16452
16492
16520
16544
16567
16605
16735
16773
16795
16825
16870
16911
16941
16967
17072
17149
17205
17243
17319
17365
17389
17422
17443
17466
17499
17530
17567
17717
17755
17787
17847
17879
17900
17921
17955
17988
18018
18039
18060
18081
18102
18123
18144
18174
18201
18223
18252
18273
18294
18329
18395
18477
18500
18569
18670
18808
18839
18861
18933
19101
19193
19216
19240
19263
19304
19475
19600
19624
19650
19677
19737
19787
19844
19880
19931
19995
20027
20049
20140
20168
20263
20297
20331
20352
20376
20400
20434
20469
20492
20513
20536
20569
20598
20625
20646
20683
20722
20744
20765
20788
20809
20830
20851
20875
20897
20938
20959
21239
21267
21317
21354
21399
21428
21521
21639
21660
21683
21774
21796
21817
21840
21881
21913
21937
21971
22005
22117
22140
22165
22539
22586
23061
23114
23136
23169
23200
23222
23243
23268
23290
23315
23338
23361
23383
23404
23428
23456
23488
23513
23542
23579
23609
23640
23676
23702
23731
23755
24193
24232
24283
24335
24372
24438
24474
24635
24670
24742
24765
24824
24848
25025
25048
25071
25096
25127
25277
25395
25430
25452
25503
25567
25613
25821
25884
25927
25977
26200
26234
26257
26296
26338
26363
26400
26425
26450
26508
26531
26601
26674
26708
26729
27053
27141
27182
27413
27438
27475
27513
27557
27579
27628
27665
27753
27880
28018
28089
28118
28342
28370
28668
28702
28829
29014
