# 1419, 28af795395d135020ebf238f959e013a5e2fab6c33a82c5bac1c7ee6912b340e.SC2Replay
3632
3902
3924
3945
3977
4165
4255
4355
4446
4504
4538
4593
4662
4697
4749
4772
4811
4853
4881
5248
5271
5724
5994
6018
6039
6062
9575
9597
9620
9641
9662
9706
9731
9753
9786
9816
10043
10066
10094
10154
10182
10883
10948
10982
11127
11919
11942
11966
11999
12110
12209
12232
12264
12285
12308
12343
12373
12600
12624
12687
12709
12735
12764
12825
12864
12885
12929
13078
13132
13187
13214
13268
13290
13312
13339
13363
13384
13405
13430
13471
13508
13555
13589
13612
13633
13657
13719
13740
13825
13853
13881
13916
13990
14021
14044
14069
14294
14822
14854
14884
14916
14956
15143
15175
15205
15234
15257
15279
15300
15327
15350
15376
15397
15421
15446
15678
15701
15723
15751
18025
18349
18373
18522
18547
18574
18600
18629
18864
19100
19124
19209
19247
19271
19293
19323
19353
19377
19401
19433
19464
19492
19514
19537
19571
19592
19629
19653
19685
19709
19745
19767
19788
19810
19831
19852
19875
19897
19935
19956
19982
20032
20056
20093
20119
20142
20170
20201
20228
20249
20282
20310
20377
20398
20423
20454
20480
20506
20541
20566
20600
20623
20658
20687
20709
20733
20756
20791
20829
20858
20895
20926
20949
20988
21029
21143
21167
21536
21576
21597
21619
21654
21685
21725
21754
21784
21809
21837
21862
21885
21913
21985
22009
22376
22409
22434
22460
22482
22512
22539
22560
22592
22617
22641
22662
22690
22718
22739
