# 886, 0cf044ff8a81ef2e9e37543f369ad8595964c7bbe4d6d2e3fa84f259e7ee11e0.SC2Replay
4561
4596
4622
4644
4674
4697
4727
4751
4779
4806
4835
4868
4891
4912
4950
4980
5017
5043
5066
5101
5125
5149
5178
5215
5242
5432
5498
5522
5552
5584
5621
5643
5665
5697
5730
5768
5807
5846
5869
5907
5945
5966
5990
6236
6257
6298
6319
6342
6363
6384
6414
6453
6489
6513
6536
6573
6595
7850
7926
8024
8045
8066
8090
8123
8152
8174
8195
8227
8269
8293
8327
8354
8388
8419
8440
8461
8501
8524
8595
8616
8640
8664
8692
8727
8750
8810
8846
8884
8981
