# 1089, 1fb72fea0114b6e00334ab163f569e77aa1375ea1120e2c3e0cd5b2ebb6eeaa4.SC2Replay
5058
5081
5109
5137
5160
5188
6083
6108
6462
6491
6512
6539
6587
6929
6950
6974
6996
7019
7217
7251
7274
7370
7396
7431
7455
7479
7506
7527
7653
7679
7708
8289
8310
8331
8353
8374
8401
8423
8444
8739
8763
8923
9076
9099
9136
9166
9201
9234
9287
9309
9359
9554
9586
9609
9630
9654
9684
9717
9738
9772
9942
10043
10079
10112
10406
10441
10557
10667
10688
10724
10746
10768
10793
10817
10944
10999
11035
11089
11114
11155
11187
11208
11229
11255
11292
11317
11346
11411
11450
11569
11661
11709
11735
11769
11798
11826
11880
11906
12037
12063
12084
12152
12266
12345
12395
12421
12459
12482
12516
12581
12609
12635
12657
12678
12709
12730
12751
12791
12824
12845
12878
12902
12930
12956
13070
13138
13284
13308
13333
13356
13378
13408
13439
13460
13562
13620
13645
