# 1465, 0de1b456fc4bb6e3c28e9c89b668caf2470731a639a1ad6b374e621b3907d522.SC2Replay
3267
3703
3727
3751
3772
3818
3857
3884
3918
4228
4513
4553
4594
4619
4642
4750
4777
4808
4831
4911
4933
5541
5575
5611
5992
6122
6416
6437
6866
6887
6933
6956
7016
7090
7173
7198
7234
7268
7290
7704
7726
7752
8096
8121
8196
8685
8757
8793
8929
9154
9207
9235
9259
9284
9323
9345
9366
9399
9430
9463
9588
9815
9847
9894
9916
9991
10012
10094
10118
10211
10250
10272
10296
10319
10350
10440
10480
10637
10669
10702
10727
10762
10799
10820
10843
10931
10957
10989
11021
11052
11085
11112
11240
11281
11319
11370
11900
11932
11970
12001
12023
12048
12157
12214
12235
12455
12476
12716
12748
12868
12984
14659
14683
14707
14728
14749
14921
15063
15092
15113
15263
15284
15319
15343
15425
15483
15512
15540
15561
15586
15609
15645
15669
15701
15722
15743
15771
15806
15831
15858
15893
15962
15984
16006
16032
16086
16130
16152
16173
16261
16292
16583
16665
16757
16886
16912
16936
17353
17394
17505
17526
17551
17630
17671
17750
17777
17811
17833
17855
17880
17902
17931
17953
17974
17998
18041
18062
18101
18133
18154
18194
18235
18340
18362
18523
