# 1360, 293878023d39fa331f06466dbfe16fa35ba5236ef8f6ba3dc83b25cd2efafb36.SC2Replay
3810
3852
4021
4066
4092
4131
4180
4222
4252
4281
4313
4373
4525
4552
4588
4730
4758
4783
4809
4838
4959
4988
5009
5034
5067
5088
5115
5152
5174
5238
5263
5318
5362
5398
5494
5629
5652
5673
5703
5724
5745
5766
5831
5857
5953
5985
6050
6086
6116
6139
6166
6375
6402
6595
6619
6660
6688
6710
6814
6845
6946
6974
7082
7128
7235
7266
7322
7343
7372
7393
7520
7755
7891
7971
8003
8026
8296
8486
8507
8616
8669
8918
8941
8968
8990
9042
9069
9095
9132
9172
9200
9222
9253
9284
9342
9366
9827
9853
9875
