# 499, 050124caae31c4b79d71854614f435ddc1fc4710ba381e665816d255c14e7a2c.SC2Replay
11012
11034
11066
11161
11220
11295
11448
11495
11817
11936
11988
12012
12511
12552
12606
12628
12670
12855
12897
12957
13037
13095
13133
13196
13234
13281
13311
13393
13428
13454
13491
13554
13596
13738
13784
13819
13876
14136
14167
14192
14222
14270
14328
14365
14393
14429
14487
14532
14565
14604
14627
14657
14691
14713
14761
14823
14845
14889
14916
15182
15821
15857
15898
15947
16042
16094
16174
16209
16239
16263
16303
16358
16401
16441
16471
16512
16543
16574
17002
17083
17120
17141
17207
17237
17261
17284
17309
17361
17384
17429
17491
17512
17564
17625
17700
18026
18049
18071
18094
18115
18140
18162
18185
18233
18267
18342
18375
18414
18512
18561
18598
18669
18702
18948
19127
19232
19258
19302
19338
19376
19400
19508
20156
20179
20208
20230
20333
20395
20453
20803
20890
20912
20961
21031
21182
21230
21581
21603
21765
22015
22039
22063
22088
22117
22178
22219
22350
22601
22623
22645
22668
22818
22842
22864
22903
22925
22950
22997
23020
23049
23073
23120
23586
23609
23644
23701
23748
23818
23849
23871
23903
23926
23948
24053
24244
24281
24316
24407
24441
24628
24662
24690
24755
24793
25015
25041
25624
25939
26433
27060
27316
27343
27382
27451
27549
27573
27667
28658
28701
28738
28762
28812
28853
28874
28901
29487
29525
29563
29597
29665
29731
29766
29792
29829
29853
29874
29895
29918
29942
30214
30244
30268
30582
30610
30638
30660
30689
30714
30743
30779
30817
30843
30880
30917
30985
31012
31034
31062
31087
31116
31137
31163
31205
31239
31280
31322
31369
31396
31423
31575
31626
31660
31693
31716
31749
31886
31918
31944
31967
32008
32036
32068
32089
32505
32545
32571
32592
32622
32643
32664
32691
32722
32754
32775
32797
32832
32869
32898
32948
32969
33004
33362
33397
33579
33609
33630
34007
34034
34259
34297
34330
34358
34382
34404
34428
34456
34494
34521
34560
34615
34657
34686
34732
34753
34785
34817
34840
34861
34888
34924
34945
34985
35012
35034
35055
35088
35110
35161
35198
35230
35267
35289
35328
35364
35393
35784
35816
35844
36123
36148
36177
36592
36614
36654
36678
36704
36727
36756
36778
36808
36850
36877
36900
36939
36963
36991
37016
37048
37070
37098
37123
37159
38552
38597
38628
38654
38680
38776
38800
38832
38861
38887
38910
38934
38975
39002
39030
39052
39077
39100
39131
39165
39205
39227
39249
39274
39344
39371
39398
39421
39443
39465
39486
39509
39546
39575
39613
39643
39673
39696
39722
39748
39772
39815
39857
39883
39914
40070
40091
40123
40144
40881
40907
40935
40979
41008
41029
41052
41080
41104
41126
41149
41251
41275
41302
