# 603, 0e9f6ba595f8cafbc14ac4e37ce362e087217ccbc073139af2ba37cde7961a7b.SC2Replay
4842
4871
4902
4929
4951
5211
5232
5262
5283
5313
5340
5370
5391
5412
5434
5456
5493
5558
5659
5681
5702
5723
5764
5794
5818
5851
5880
5903
5927
5959
5989
6025
6065
6088
6261
6290
6488
6513
6534
6557
6782
6861
6882
6934
6977
7006
7115
7136
7158
7187
7208
7232
7275
7302
7323
7350
7388
7413
7435
7475
7510
7550
7578
7648
7733
7757
7819
7860
7947
8000
8109
8134
8198
8298
8321
8344
8366
8391
8421
8447
8515
8562
8586
8612
8642
8732
8782
8880
8930
8955
8976
8997
9029
9055
9109
9155
9240
9274
9297
9321
9344
9374
9412
9446
9473
9510
9589
9625
9650
9704
9906
9949
9980
10067
10249
10271
10368
10396
10425
10494
11800
11918
11985
12018
12039
12080
12263
12297
12326
12481
12518
12665
12705
12813
12864
13060
13165
13203
13271
13431
13452
13478
13515
14077
14547
14588
