# 1297, 1358cd813b602842086887ff8d1ddd270c55129781d48f1a93e192c31edda6a9.SC2Replay
4858
4881
4912
4946
4970
5009
5036
5058
5097
5123
5149
5171
5199
5239
5268
5305
5335
5363
5389
5417
5438
5693
5717
5742
5767
5791
5823
5845
5875
5899
5929
5967
5990
6028
6059
6098
6130
6158
6219
6245
6284
6305
6329
6354
6382
6405
6429
6450
6488
6509
6543
6580
6620
6672
6699
6729
6754
6777
6800
6839
6860
6893
6927
6953
6985
7121
7152
7186
7262
7301
7324
7345
7369
7401
7425
7460
7493
7516
7538
7671
7693
7714
7735
7758
7785
7806
7861
7886
7945
7968
7995
8016
8038
8072
8111
8138
8274
8297
8325
8359
8380
