# 12, 1ffd5529a5d76a67cb9b2f8833c0b274b1d95aca084f6bca453d909b613850be.SC2Replay
1127
1751
1998
2442
2899
2938
3125
3583
3671
3970
4121
4917
4947
4975
5000
5034
5271
5390
5699
5851
5912
6216
6910
7158
7492
7527
7695
8019
8344
8749
8921
8955
9258
9483
9619
9685
10248
10663
10775
10860
10917
10962
11052
11100
11134
11181
11203
11241
11298
11327
11379
11421
11548
11587
11776
11953
12148
12230
12256
12278
12302
12348
12376
12401
12452
12477
12535
12560
12594
12634
12663
12688
12723
12765
12790
12813
12838
12860
12881
12992
13040
13072
13111
13171
13205
13228
13271
13304
13337
13382
13434
13488
13529
13550
13577
13620
13653
13742
13802
13840
13869
13974
14011
14092
14268
14294
14657
14692
14742
14815
15192
15305
15556
15729
15793
15929
16278
16360
16461
16523
16623
16659
16688
16773
16836
16868
16920
17062
17104
17126
17192
17221
17250
17281
17302
17330
17357
17383
17418
17440
17480
17508
17536
17575
17606
17628
17654
17676
17720
17758
17900
18141
18263
18310
18422
18443
18732
18777
18944
19079
19105
19271
19298
19375
19541
19711
19973
19999
20025
20049
20083
20110
20151
20172
20196
20217
20242
20282
20303
20324
20346
20369
20415
20441
20462
20485
20556
20577
20605
20629
20671
20809
20843
20880
20926
21015
21138
21203
21344
21430
21535
21641
21787
21847
21966
22045
22146
22466
22509
22580
22662
22734
22800
22848
22878
23113
23358
23425
23523
23628
23660
23763
23859
23986
24135
24201
24269
24495
24533
24586
24609
24687
24845
24866
24938
24992
25077
25188
25232
25274
25304
25339
25374
25443
25476
25537
25583
25692
25738
25928
26250
26319
26341
26378
26408
26552
26590
26694
26716
26797
27022
27114
27150
27190
27234
27262
27290
27318
27359
27390
27428
27460
27484
27508
27544
27573
27598
27634
27713
27737
