# 432, 08c6ba946fd1da7f5e1ece3c28382144734b33bbcf1d10a9efb908609051e837.SC2Replay
5042
5078
5110
5140
5162
5544
5570
5592
5619
5644
5668
5693
5734
5758
5790
5813
5836
5870
5910
5941
5969
5993
6015
6047
6068
6090
6119
6142
6170
6198
6233
6268
6306
6329
6356
6387
6421
6442
6720
6741
6765
6805
6826
6850
7290
7311
7382
7423
7450
7483
7507
7535
7557
7796
7826
7851
7872
7894
7954
8070
8091
8119
8140
8177
8203
8348
8378
8399
8421
8456
8656
8693
8734
8755
8942
8963
8986
9008
9039
9069
9094
9135
9160
9199
9224
9252
9283
9324
9348
9373
9724
9754
9779
9812
9838
9867
9892
9916
9943
9967
9989
10049
10081
10102
10128
10162
10196
10217
10239
10274
10302
10344
10365
10390
10413
10484
10512
10542
10563
10865
10887
10908
10929
10951
10973
11002
11031
