# 398, 1164d8d9d3e1bedabe2e99ea87d58abac6e60be3be037e1fa2389598ed0d4e51.SC2Replay
3356
3380
3406
3427
3451
3671
3701
3728
3780
10646
10668
10769
10806
10829
11649
11674
11732
11755
11872
11900
12852
12880
13006
13036
13057
13078
13101
13882
13915
13947
14689
14729
14750
14772
14804
14844
14876
14912
14952
15004
15029
15052
15097
15156
15184
15221
15256
15277
15305
15347
15374
15425
15473
15500
15537
15574
15595
16119
16142
16163
16184
16212
16239
16275
16302
16336
16362
16387
16411
16440
16471
16502
16550
16572
16602
16625
16664
16699
16723
16746
16816
16847
17485
17534
17690
17718
17749
17787
17814
17859
19149
19213
19251
19359
19389
19440
19520
19600
19682
19802
19859
19900
19985
20081
20105
20205
20275
20317
20365
20452
20483
20670
20739
20775
20837
20864
20894
20924
20978
21001
21067
21126
21174
21237
21521
21560
21586
21686
21742
21826
21866
21891
22168
22200
22256
22354
22451
22931
22954
22976
23000
23028
23060
23082
23110
23151
23181
23969
23997
24020
24041
24062
24106
24139
24181
24203
24232
24330
24354
24376
24484
24525
24554
24585
24606
24687
24758
24780
24822
24846
24885
24944
24966
24988
25031
25056
25089
25124
25151
25183
25210
25232
25264
25286
25321
25348
25369
25399
25427
25464
25494
25524
25546
25569
25593
25619
25644
25665
25696
25723
25760
25788
25815
25841
25889
25921
25952
25974
26001
26037
26058
26096
26120
26147
26169
26195
26232
26266
26290
26311
26332
26370
26403
26429
26452
26480
26505
26526
26551
26578
26599
26626
26647
26668
26689
26711
26732
26754
26775
26797
26819
26859
26891
26921
26948
26970
27006
27040
27067
27095
27120
27258
27291
27318
27346
27375
27413
27443
27471
27501
27537
27560
27799
27839
27905
27938
27975
28013
28041
28077
28109
28132
28167
28190
28212
28252
28279
28415
28439
28460
28481
28507
28532
29366
29391
29414
29445
29466
29493
29521
29553
29577
29600
29626
29647
29673
29697
29724
29749
29789
29818
