# 1658, 2a8817fe5c7e00517bdfe14d4ec9d9963e0fe1c924fe1f6e255830b478349002.SC2Replay
7784
7842
7871
7893
7929
8179
8201
8300
8342
8368
8401
8430
8455
8531
8553
8575
8597
8618
8649
8670
8695
8716
8737
8765
8790
8908
8934
8955
8983
9022
9043
9082
9105
9359
9384
9410
9433
9474
9498
9595
9616
9641
9677
9709
9745
9767
9791
9816
9839
9901
9941
9964
9988
10009
10338
10367
10388
10411
10444
10467
10499
10522
10543
10567
10603
10634
10665
10691
11042
11168
11259
11281
11311
11355
11378
11407
11760
12374
12453
12477
12505
12540
12586
12617
12640
12662
12687
12712
12739
12760
12782
12804
12828
12862
12899
12929
12956
12981
13003
13040
13067
13105
13132
13173
13499
13532
13558
13581
13619
13642
13663
13707
13741
13777
13814
13888
13909
13931
13962
14007
14044
14080
14105
14133
14155
14187
14221
14259
14351
14392
14413
14439
14477
14509
14531
14555
14580
14619
14657
14727
14819
14841
14862
14891
14915
14974
14995
15019
15059
15089
15129
