# 286, 1cfd6c2065fc4d70eebcfbe1451a5b1881625baeb46cfa9c58fc72717c88787f.SC2Replay
3513
3536
3884
3905
5487
5508
5533
5654
6374
6422
6530
6557
6579
6601
6887
6908
6937
6968
6995
7018
7043
7067
7094
7117
7174
7434
7729
7755
7815
7839
7872
7895
7916
8577
8602
8634
8662
8726
8750
8774
8980
9001
9397
9418
9447
9532
9554
9582
9605
9733
9757
9786
9813
9841
9863
9890
9912
9975
10000
10028
10050
10217
10238
10259
10282
10401
10515
10537
10566
10683
10713
10744
10765
10800
10875
10896
10930
10957
10986
11015
11055
11076
11098
11123
11156
11181
11202
11226
11247
11278
11300
11330
11364
11390
11416
11454
11488
11521
11617
11638
11676
11709
11745
12314
12335
12358
12379
12400
12426
12448
12473
12670
12702
12744
12787
12860
12901
12922
12945
13026
13080
13178
13206
13238
13264
13285
13306
13336
13387
13435
13470
13529
13717
14005
14059
14085
14107
14129
14168
14189
14342
14421
14562
14631
14673
14696
14720
14744
