# 453, 073d9fa62ad57a265b3aa4b0c20856254ec0691e3d88ffd15fef85484e074fab.SC2Replay
5078
5107
5153
5199
5261
5282
9298
9329
9367
9435
9459
9480
9503
9538
9563
9584
9608
9633
10145
10170
10194
10321
10344
10376
10402
10426
10467
10488
10518
11432
11455
11485
11903
11937
11967
12003
12024
12058
12084
12109
12142
12179
12206
12227
12248
12271
12337
12366
12400
12421
12557
12587
12628
12655
12677
12699
12724
12756
12781
12802
12830
12863
12885
12920
12948
12970
13001
13026
13053
13093
13118
13147
13186
13207
13236
13261
13282
13328
13350
13378
13452
13477
13510
13534
13561
13582
13611
13634
13667
13696
13727
13751
13789
13833
13855
13884
13907
13934
13975
14001
14144
14167
14189
14226
14265
14302
14330
14394
14418
14439
14465
14493
14518
14559
14583
14605
14631
14665
14687
14708
14730
14754
14777
14799
14866
14888
14919
14942
14978
15008
15111
15138
15160
15188
15222
15260
15289
15314
15337
15360
15393
15434
15462
15483
15510
15532
15557
15579
15602
15631
15672
15695
15716
15742
15765
15790
15811
15839
15864
