# 589, 1e93192275f8e43f542eeee4d55e49ebbb1a488a9bb45d1ccef80db2db9708b3.SC2Replay
7712
7739
7780
7810
7841
7862
7890
7913
7934
7956
7990
8022
8054
8077
8107
8142
8166
8187
8208
8239
8267
8293
8324
8363
8396
8428
8455
8485
8524
8545
8569
8592
8625
8655
8678
8710
8738
8767
8790
8811
8834
8858
8884
8925
8948
8977
9013
9045
9072
9099
9132
9159
9180
9209
9232
9253
9289
9319
9342
9363
9400
9425
9450
9471
9501
9533
9561
9585
9611
9632
9654
9692
9716
9743
9769
9791
9824
9855
9879
9901
9923
9946
9984
10005
10030
10054
10078
10103
10133
10260
10287
10524
10553
10690
10712
10736
10760
10784
10806
10842
10876
10897
10950
10976
11006
11039
11081
11108
11183
11215
11272
11294
11315
11342
11454
11476
11498
11520
11601
11622
11645
11679
11707
11729
11759
11781
11809
11830
11858
11884
11923
11946
11973
11998
12037
12062
12085
14904
15532
15807
15828
16514
16606
16663
16686
16710
16792
16918
16960
17004
17034
17060
17081
17110
17388
17611
17659
18694
18716
18738
18843
18881
19112
19195
19221
19419
19715
19742
19771
19809
19849
19883
19905
19936
19962
19985
20008
20118
20144
20167
20188
20213
20266
20294
20332
20415
20448
20475
20582
20618
20655
20687
20731
20752
20773
20832
20871
20899
20932
21086
21110
21180
21210
21246
21267
21396
21424
21682
21739
21777
21801
21823
21846
21890
21925
21953
21976
22010
22033
22070
