# 1225, 0160b6b696da015ca35b6271fb6444868b118a89f0c1d7ddec482d2d43e8a384.SC2Replay
5552
5680
5702
5723
5745
5767
5788
5819
5891
5943
5991
6017
6042
6065
6093
6115
6140
6180
6216
6241
6321
6549
6617
6668
6704
6725
6764
6785
6826
6876
6905
6943
6990
7038
7127
7224
7283
7309
7370
7396
7453
7487
7518
7540
7569
7597
7627
7667
7690
7713
7759
7869
7892
7933
8087
8120
8156
8177
8218
8261
8381
8483
8528
8558
8823
8894
8937
8968
9004
9113
9158
9227
9310
9338
9456
9506
9559
9591
9625
9728
9805
9854
9905
9940
9998
10035
10115
10149
10179
10208
10243
10304
10383
10422
10486
10524
10598
10866
10909
10936
10979
11001
11024
11264
11290
11317
11350
11524
11558
13277
13301
13323
13382
13412
13436
13853
13880
13922
13951
14004
14026
14223
14288
14321
14350
14402
14467
14506
14585
14638
14695
14723
14785
14818
14866
15054
15103
15153
15194
15267
15354
15546
15901
15930
15967
16002
16065
16107
16130
16161
16194
16224
16271
16301
16323
16364
16462
16495
16519
16552
16622
16659
16734
16793
16815
16854
16883
16905
16941
