# 229, 0a929a6537e2a3ff4ecc87624f10e436ddbd64270abaabc7f407b4130e2c27f2.SC2Replay
5218
5251
5279
5306
5334
5360
5943
5969
5992
7509
7530
7551
7677
7698
7730
7760
7795
7829
7861
7902
7933
10285
10327
10348
10379
10404
10451
10506
10530
10569
10635
10659
10686
10714
10737
10758
11161
11182
11225
11264
11302
11339
11378
11403
11428
11470
11503
11530
11564
11721
11776
12631
12659
12680
12702
12754
12789
12816
12871
12908
12929
12957
12984
13006
13134
13168
13203
13231
13255
13285
13697
13732
13755
13778
13805
13830
13857
13980
14008
14031
14054
14083
14114
14185
14231
14452
14473
14682
14718
14743
14764
14798
14829
14960
15000
15028
15049
15090
15120
15145
15171
15196
15222
15246
15267
15298
15334
15355
15376
15411
15471
15497
15527
15564
15598
15619
15668
15692
15715
15746
15775
15797
15819
15848
15877
15901
15927
15965
15990
16017
16043
16171
16197
16236
16259
16438
16468
16497
16526
16559
16590
16611
16639
16665
16686
16709
16739
16765
16799
16826
16859
16887
16948
16969
16990
17011
17035
17066
17138
17161
17234
17271
17296
17320
17344
17371
17398
17425
17452
17478
17499
17535
17557
17581
17611
17633
