# 1813, 1e60e84d724835bc1696d12a970405cb3970b28dddcc231e889a8a4d14670ee4.SC2Replay
5988
6043
6064
6335
6359
6381
6413
6438
6467
6499
6524
6824
6867
6891
6935
6968
6992
7021
7052
7079
7100
7134
7158
7179
7220
7246
7277
7309
7350
7371
7411
7438
7462
7503
7526
7549
7570
7591
7626
7655
7689
7710
7735
7759
7781
7805
7827
7867
7892
7913
7939
7960
7983
8004
8025
8058
8080
8101
8122
8143
8171
8194
8406
8682
8875
8899
8930
8970
8999
9030
9055
9079
9107
9176
9198
9280
9306
9327
9355
9405
9440
9468
9494
9535
9561
9583
9604
9636
9660
9691
9717
9740
9762
9786
9810
9848
9879
9901
9931
9964
9991
10026
10091
10129
10590
10647
10688
10928
10972
10995
11025
11050
11078
11119
11147
11179
11204
11270
11538
11559
11593
11627
11649
11688
11725
11793
11844
11892
11926
13173
13222
13247
