# 1494, 021720251f9f878e31ff36f9eedc45f5835684ab30d84f39684175e5142459f7.SC2Replay
4392
4627
4706
4775
5109
5131
5396
5542
6340
6383
6469
6608
6888
6927
7017
7108
7136
7164
7185
7206
7229
7254
7289
7321
7343
7447
7469
7566
7588
7610
7633
7695
7737
7843
7866
7926
7968
7996
8023
8058
8184
8242
8428
8480
8523
8553
8605
8626
8656
8693
8721
8793
9110
9131
9166
9187
9210
9246
9267
9303
9325
9362
9391
9412
9446
9474
9497
9537
9566
9591
9617
9652
9675
9862
9935
9960
10008
10042
10063
10089
10128
10153
10204
10229
10255
10287
10315
10346
10368
10405
10431
10456
10486
10614
10642
10677
10704
10726
10756
10779
10802
10823
10847
10870
10905
10935
10976
10997
11020
11050
11098
