# 916, 0cf9892dcb028603592db6c3ee25e8e0e731cb0f5e46ae5f28d98c696aba4268.SC2Replay
4106
4127
4150
4177
4200
4255
4291
4324
4346
4367
4408
4429
4971
4992
5013
5038
5074
5095
5656
5808
6069
6143
6171
6196
6310
6353
6388
6415
6439
6462
6486
6515
6554
6578
6606
6638
6677
6774
6933
6955
6976
6999
7020
7041
7074
7096
7124
7155
7187
7210
7282
7340
7438
7459
7582
7662
8194
8216
8255
8276
8317
8338
8359
8392
8426
8447
8470
8500
8527
8549
8588
8609
8639
8661
8697
8720
8741
8765
8786
8827
9034
9078
9122
9152
9179
9202
9231
9266
9302
9479
9507
9530
9552
9574
9600
9627
9661
