# 693, 00927010b96c576d0b70c7c2aa0c9f87baf756a0e525fd5dbd53496d1cc6cd54.SC2Replay
4832
4856
4881
4924
5159
5180
5211
5312
5334
5356
5384
5413
5438
5460
5496
5518
5616
5802
5842
6083
6105
6131
6167
6230
6251
6857
6882
6933
6962
6989
7046
7068
7290
7326
7347
7375
7398
7420
7450
7579
7699
7724
7748
7808
7841
7962
7985
8007
8209
8230
8256
8314
8350
8371
8541
8681
8704
8812
8834
8855
8902
9021
9389
9413
9437
9458
9483
9505
9530
9552
9576
9601
9641
9666
9692
9718
9739
9762
9784
9805
9833
9863
9890
9911
9936
9970
10000
10032
10068
10103
10124
10161
10205
10238
10264
10296
10326
10348
10387
10410
10450
10474
10495
10519
10543
