# 939, 1c0fa21c01a4c43ce0659946b516d66889bc751a2096580b3c9b69935fa6f16b.SC2Replay
4709
4753
4788
4867
4888
4929
5387
5408
5447
5470
5636
5817
5844
5866
5899
5922
5954
6300
6324
6351
6402
6423
6459
6487
6512
6693
6717
7103
7128
7157
7188
7310
7331
7362
7384
7417
7449
7662
7683
7705
7941
7962
8001
8024
8139
8165
8191
8227
8655
8676
8697
8780
8825
8855
8882
8903
8924
8945
8966
9467
9498
9519
9552
9574
9615
9638
9662
9717
9742
9767
9788
9809
9834
9867
9900
9931
9953
9990
10024
10065
10093
10118
10143
10180
10217
10256
10295
10316
10338
10378
10414
10443
10472
10496
10521
10553
10574
10608
10647
10682
10712
10739
10760
10790
10932
10961
10987
11023
11048
11075
