# 510, 1ecb2474776cf27261e7741a7566da1151aad9e2f20b434796beaa94ff8a8c6b.SC2Replay
3912
4008
4032
4600
4633
4655
4809
4830
4855
5156
5183
5213
5234
5256
6507
6529
6557
6651
7087
7121
7194
7219
7243
7265
7287
7344
7873
7899
7920
7943
8206
8227
8249
8283
8304
8325
8347
8464
8488
8517
8546
8572
8598
8624
8659
8689
8710
8782
8805
8832
8868
8903
8925
8950
8973
8998
9019
9040
9118
9147
9174
9209
9242
9267
9291
9314
9349
9370
9391
9536
9563
9604
9629
9666
9784
9817
9857
9893
9915
9936
9965
9999
10023
10197
10275
10364
10385
10406
10431
10454
10475
10508
10538
10563
10653
10679
10702
10724
10745
10785
10810
10850
10887
10911
10942
10982
11129
11151
11176
11201
11343
11384
11413
11434
11458
11487
12037
12065
12162
12213
12234
12264
12298
12321
12379
12417
12442
12470
12613
12640
12662
12683
12966
13068
13462
13483
13504
13525
13560
13582
13623
13644
13665
13687
13923
14087
14118
14224
14674
14697
14727
14759
14912
15844
15878
15921
15944
15971
16003
16025
16377
16398
16653
16674
16711
16743
16770
16814
16869
16899
16935
16964
17000
17076
17125
17242
17350
17458
17481
17504
17866
17890
18130
18151
