# 1338, 269cc212f4a5ac9aecb9477245f121627809e1a313181140a33b78831085e244.SC2Replay
3917
4580
4710
5496
5997
6124
6317
6341
6790
7312
7342
7363
7384
7408
7430
7475
7497
7519
7540
7575
7596
7704
7784
7809
7839
7860
7882
7907
7940
7963
7992
8013
8043
8072
8481
8508
8529
8560
8587
8612
8636
8800
8831
8855
8891
8915
8939
8965
8993
9024
9062
9088
9109
9166
9190
9211
9234
9269
9307
9336
9426
9450
9678
9714
9750
9774
9801
9823
9857
9891
10014
10043
10121
10160
10184
10214
10247
10269
10291
10326
10452
10500
10577
10599
10623
10644
10672
10703
10743
10764
10788
10997
11151
11182
11205
11226
11250
11275
11302
11340
11443
11467
11490
11515
11579
11609
11646
11674
11719
11765
11787
11823
11863
11893
11921
11950
11982
12038
12072
12307
12328
12352
12375
12414
12442
