# 1150, 165d819da7b955aed430bdc179b33e08fcf91beae71b0850cd8ec6ef7f8ba937.SC2Replay
3676
4214
4238
4277
4308
4336
4360
4387
4414
4451
4472
4822
5249
5602
6111
6633
7311
7342
7380
7405
7426
7447
7472
7629
7658
7688
7709
7736
7762
7786
7810
7834
7914
7935
7972
7994
8018
8039
8075
8158
8194
8216
8239
8268
8297
8338
8416
8439
8460
8482
8522
8545
8645
8672
8693
8719
8740
8763
8792
8831
8853
8884
8920
8947
8968
8995
9016
9048
9077
9106
9132
9157
9182
9216
9237
9260
9283
9304
9332
9359
9398
9426
9464
9498
9519
9541
9562
9601
9627
9657
9682
9703
9743
9764
9809
9831
9912
9935
9957
10002
10023
11669
11690
11720
11748
11774
11806
12804
12825
12846
12875
12915
12956
12977
12999
13028
13049
13084
13156
13188
13211
13248
13275
13311
13332
13366
13392
13418
13459
13500
13635
13656
13683
13704
13730
13754
13785
13823
13847
13876
13904
13963
13984
14104
14134
14169
14192
14227
14254
14276
14306
16684
16738
17273
17308
17377
17413
17622
17663
17722
17803
17844
17879
17908
18218
18243
18264
18305
18344
18369
18407
18428
18449
18474
18555
18594
18688
18711
18749
18776
18894
18991
19015
19038
19068
19109
19132
19308
19339
19374
19402
19435
19475
19503
19531
