# 1269, 0fa7252a57fd5d84c801573d6912fb83cedd0d1948169040427561613bb7c0ed.SC2Replay
5791
5813
5840
5864
5896
5982
6048
6085
6107
6145
6169
6192
6333
6354
8167
8197
8218
8248
8273
8299
8328
8354
8376
8403
8711
8832
8857
8986
9012
9033
9152
9179
9201
9229
9267
9289
9319
9460
9481
9503
9528
9562
9585
9608
9641
11149
11172
11213
11808
11829
12352
12373
12498
12519
12544
12606
12655
13809
14241
14385
14418
14514
14538
14561
14599
14638
14667
14699
14720
14750
14778
14809
14877
14906
14935
14972
15065
15098
15123
15162
15185
15207
15230
15251
15301
15334
15748
15775
15800
15835
15856
15887
15912
15934
16143
16167
16200
16235
16268
16292
16323
16347
16371
16396
16435
16473
16516
16704
16725
16968
16989
17010
17037
17065
17086
17107
17133
17164
17239
17264
17286
17310
17331
17379
17400
17428
17513
17534
17559
17587
17628
17662
17724
17745
17766
17796
17831
17858
17885
17916
17944
17967
17993
18017
18040
18071
18110
18132
18165
18186
18217
18239
18433
18461
18483
18524
18546
18571
18594
18632
18741
18768
18806
18844
18874
18899
18963
18987
19013
19046
19746
19767
19794
19854
19886
19907
19930
19954
19979
20012
20045
20072
20095
20129
20154
20180
20209
20243
20278
20308
20409
20438
20531
20563
20638
20671
20706
20740
20768
20794
20819
20842
20866
20890
20927
21061
21147
21420
21444
21471
21492
21520
21541
21572
21593
21631
