# 661, 02d647ca8787b718347b6b36f5437590f60d6cbf682183ea307eef5df7664871.SC2Replay
4704
4760
4786
5222
5248
5282
5329
5376
5420
5454
5505
5534
5558
5589
5649
8366
8403
8430
8454
8476
8497
8523
8546
8567
8588
8610
8647
8677
8701
8736
8760
8788
10031
10063
10088
10130
10160
10194
10228
10357
10382
10408
10462
10488
10513
10536
10558
10586
10609
10638
10670
10697
10731
10759
10789
10813
10850
10928
10975
10996
11036
11068
11095
11123
11683
11710
11738
11768
11799
11826
11847
11868
11901
11927
11949
11997
12027
12062
12241
12274
12315
12364
12385
12407
12439
12478
12500
12530
12573
12612
12642
12676
12701
12780
12804
12828
12850
12891
12922
13433
13473
13500
13522
13543
13573
13597
13623
13647
13675
13703
14078
14117
14142
14163
14184
14210
14231
14270
14296
14331
14353
14374
14403
14432
14453
14489
14519
14547
14634
14674
14695
14717
14741
14762
14882
14903
14926
15986
16018
16054
16094
16133
16154
17734
17756
17797
17949
17983
18011
18043
18466
18488
18510
18541
18572
18644
18668
18701
18730
18757
18780
18801
18828
18872
18929
18950
18981
19094
19125
19159
19181
19203
19227
19334
19360
19385
19638
19663
19685
19726
19758
19779
19814
19855
19882
19904
19928
19956
19991
20015
20658
20679
20716
20741
20905
20941
25344
25370
28095
28124
28452
28495
28525
28578
29271
29312
29344
29374
29408
29432
29477
29529
29553
29585
29612
29647
29703
29726
29751
29774
29797
29818
29840
29861
29882
29906
29932
29957
29982
30004
30034
30072
30096
30119
30153
30174
30197
30231
30255
30278
30318
30347
30374
30401
30426
30447
30471
30511
30534
30575
30834
30861
30888
30909
30947
30972
30994
31015
31048
31069
31093
31116
31138
31174
31215
31245
31273
31295
31318
31629
31664
31697
31718
31748
31781
31811
31833
31856
31877
31899
31920
31941
31968
31993
32022
32051
32073
32108
32137
32158
32182
32208
32232
32254
32275
32308
32331
32366
32391
32427
32455
32478
32503
32684
32714
32752
32780
32804
32825
32846
32874
32902
32940
32961
32987
33026
33050
33078
33102
33140
33181
33204
33237
33265
33291
33320
33347
33384
33406
33430
33454
33487
33509
33547
33653
33679
33700
33726
33756
33788
33816
33842
33864
33893
33919
33940
33973
34002
34023
34044
34078
34100
34128
34158
34192
34214
34248
34288
34318
34341
34372
34399
34456
34479
34505
34531
34554
34589
34624
34662
34689
34719
34756
34789
34825
34863
34887
34908
36574
36595
36672
36698
36721
36755
36796
36818
36847
