# 1137, 0ff141ff11a9710f139fdd7dcc7e8d676317e551cc040f3e8f3a1b52985264c5.SC2Replay
8940
8962
9000
9047
9201
9328
9350
9372
9395
9417
9441
9465
9487
9511
9534
9560
9584
9671
9694
9735
9762
9783
9814
9845
9885
9922
9947
9968
9990
10011
10032
10207
10305
10406
10551
10665
10757
10804
10912
10943
10968
11001
11041
11064
11094
11115
11136
11887
11909
11935
11957
11991
12013
12039
12062
12094
12118
12539
12600
13240
13261
13285
14179
14345
14461
14570
14602
14679
14829
14934
14960
14981
15017
15047
15072
15152
15175
15208
15229
15265
15292
15324
15721
15742
15767
15789
15810
17281
17318
17380
17406
17430
17451
17774
17796
17817
17840
18156
18188
18309
18367
18675
18711
19031
19053
19094
19123
19144
19171
19376
19416
19438
19892
19955
19976
19997
20029
20051
20086
20121
20258
20279
20317
20338
20364
20390
20422
20499
20522
20557
20583
20608
20631
20665
20976
21079
21104
21143
21171
21197
21305
21345
21366
21388
21410
21441
21473
21494
21526
21627
21657
21681
21704
21731
21752
21773
21798
21822
21843
21864
21894
21917
21941
21963
21987
22016
22046
22073
22149
22174
22196
22230
22253
22287
22314
22342
22382
22411
22477
22500
22522
22550
22572
22595
22629
22654
22679
22700
22730
22751
22779
22815
22842
22975
23117
23154
23191
23214
23239
23279
23416
23437
23458
23485
23509
23532
23562
23588
23611
23643
23665
23686
23707
23728
23750
23780
23815
23841
23867
23891
23912
23933
23957
23980
24002
24025
24046
24081
24104
24145
24174
24215
24237
24268
24326
24365
24395
24423
24457
24483
24504
24526
24549
24615
24638
24680
24701
24732
25026
25057
25097
25127
25771
25805
25834
26005
26035
26888
26911
26933
26956
26992
27023
27044
27067
27107
27141
27162
27198
27219
27259
27296
27329
27367
