# 1213, 185f153425f57167ba43b69165f0ff030bb9ee40d9649bff94bf3cbed069a417.SC2Replay
4977
5012
5033
5091
5117
5153
5178
5204
5784
5810
5875
5909
5991
6017
6041
6064
7194
7224
7255
7286
7313
7340
7569
7609
7694
8090
8113
8136
8159
8196
8263
8302
8327
8375
8696
8718
8742
8766
8793
8817
8841
8872
8897
8919
8966
9010
9035
9106
9518
9599
9620
9646
9667
9704
9728
9752
9809
9847
9874
9897
9918
9939
9960
9985
10023
10063
10093
10114
10135
10231
10258
10288
10312
10333
10371
10393
10414
10435
10456
10488
10520
10546
10583
10607
10648
10671
10730
10765
10791
10818
10847
10870
10891
10926
10966
10992
11024
11050
11075
11099
11120
11143
11173
11207
11235
11262
11283
11334
11375
11396
11425
11451
11478
11514
11536
