# 1222, 1293c00f0dd5478d240bb8ff55ac79f085c0e7c634f84ed8aca8d5669cb9f269.SC2Replay
2755
2820
3923
3945
4259
4284
5246
5275
5303
5330
5354
5376
5409
5430
5470
5495
6669
6706
6728
6758
6779
6810
6832
6855
6924
6947
6970
6991
7013
7057
7078
7117
7143
7210
7244
7265
7286
7307
7337
7378
7835
7856
7895
7923
8099
8131
8168
8199
8427
8450
8471
8497
8531
8555
8592
8620
8658
8699
8721
8744
8765
8787
8811
8849
8890
8915
8940
8961
8988
9019
9041
9076
9207
9230
9253
9274
9314
9352
9417
9507
9610
9689
9739
9785
9954
10014
10082
10114
10195
10303
10586
10608
10643
10696
10726
10863
11356
11379
11479
11523
11562
11595
11681
11733
11764
11794
11835
11862
11910
11970
12031
12062
12170
12321
12343
12391
12433
12492
12515
12549
12621
12644
12690
12747
12805
12829
12958
12980
13018
13051
13079
13114
