# 1196, 1e36cf54968a1a4629c52d1cf3a90c0e4ef3cfda2ffa62d9d2cbce7966e015a9.SC2Replay
3963
3999
4028
4049
4072
4093
4118
4146
4177
5081
5104
5143
5165
5203
5227
5257
5309
5334
5361
5401
6052
6075
6096
6344
6482
6518
6539
6590
6622
6643
6669
6690
6723
7234
7290
7311
7332
7357
7387
7425
7464
7506
7547
7581
7606
7629
8105
8137
8158
8186
8218
8252
8285
8311
8345
8368
8391
8485
8510
8531
8555
8579
8605
8645
8669
8768
8789
8812
8848
8872
9111
9132
9153
9175
9201
9225
9253
9286
9307
9328
9355
9386
9408
9431
9468
9489
9525
9552
9602
9634
9660
9687
9721
9747
9769
9793
9821
9842
9864
9920
9954
9977
10018
10106
10142
10166
10192
10230
10263
10312
10333
10359
10390
10418
10451
10485
10524
10545
10567
10606
10631
10685
10707
10746
10767
10791
10818
