# 60, 1a88746305ca9669b8cbdf9f26547cb490e72fbf6b04d3ee75c41cebfbf2252a.SC2Replay
106
778
852
947
1522
2104
2761
2854
3304
4231
4395
4540
4562
4585
4613
4634
4801
4865
5064
5169
5423
5605
5726
5851
5950
5971
5996
6033
6059
6080
6103
6126
6157
6179
6210
6238
6262
6302
6325
6357
6689
6714
6735
6756
6893
6986
7035
7060
7081
7109
7140
7161
7183
7222
7246
7267
7288
7309
7332
7357
7387
7409
7431
7457
7479
7506
7540
7630
7744
7933
8069
8130
8166
8189
8214
8235
8268
8290
8311
8337
8371
8394
8415
8441
8465
8489
8513
8541
