# 1508, 01833d559445ed70aa5ccd1ba984e9a5c459d1cd5252e8e1c471f7e0efc65faf.SC2Replay
2089
2114
2151
2185
3715
3742
3778
3801
4075
4115
4145
4176
4198
4246
4285
4306
4327
4348
4373
4412
4446
4472
4498
4530
4556
4577
4610
4631
4701
4745
4782
4819
4858
4885
4909
4937
4978
5006
5042
5065
5122
5185
5213
5239
5270
5310
5394
5418
5958
5979
6014
6037
6075
6104
6143
6182
6206
7271
7292
7317
7350
7380
7414
7582
8036
8113
8146
8188
8276
8308
8343
8364
8386
8413
8435
8709
8740
8782
8808
8860
8889
8910
9092
9133
9157
9200
9225
9248
9270
9299
9320
9341
9365
9388
9428
9450
9479
9503
9525
9547
9571
9598
9619
9643
9677
9702
10518
10565
10682
11248
11326
11401
11431
12158
12485
13260
13281
13302
13325
13348
13380
13408
13530
13684
14228
14249
14279
14333
14356
14384
14423
14446
14475
14499
14520
14541
14581
14603
14626
14659
14680
14719
14742
14770
14795
14820
14842
14874
14900
14923
14950
14982
15009
15048
15078
15100
