# 1291, 2489415b89c63c023d0205166a3c5403aa7d875f86536f08071544918df6bd39.SC2Replay
4838
4865
4897
4927
4948
4970
5006
5036
5062
5095
5116
5137
5159
5180
5220
5616
5648
5670
5694
8214
8239
8261
8289
8316
8337
8358
8396
8435
9337
9622
9643
9664
9687
9718
10282
10330
10352
10380
10407
10507
10541
10709
10735
10780
13977
14067
14096
14119
14143
14171
14194
14228
14250
14339
15369
15393
15423
15453
15479
15505
15535
15560
15594
15630
15652
15673
15699
15729
15752
15777
15808
15837
15863
15900
15921
15952
15987
16016
16045
16080
16113
16142
16177
16209
16238
16275
16299
16361
16386
16425
16448
16474
16497
16760
16799
16822
16857
16880
16918
16944
16980
17007
17036
17065
17233
17254
17286
17311
17332
17357
17386
17412
17438
17476
17497
17518
17545
17579
17605
17630
17671
17693
17720
18281
18304
18343
18367
18434
18680
18704
18732
18769
18793
18817
18843
18868
18897
18932
18964
19003
19040
19074
19095
19118
19150
19173
19194
19227
19249
19270
19310
19332
19453
19476
19498
19904
19946
19976
20081
20163
20195
20293
20356
20377
20409
20449
20476
20507
20533
20557
20578
20600
20630
20656
20678
20708
20736
20757
20789
21426
21463
21495
21519
21557
21599
21629
21651
21677
21700
21721
21746
21855
22039
22397
23239
23470
23960
23983
24006
24059
24083
24105
24136
24203
24243
24304
24422
24454
24482
24643
24736
24760
24856
24880
24902
24923
24953
24979
25025
25210
25543
25567
25590
25614
25635
25801
25824
25845
27564
28023
28112
28258
28317
28349
28384
28421
28458
28479
28503
28526
28549
28570
28597
28620
28644
28665
28697
28722
28746
28776
28817
28845
28870
28897
28926
28948
28970
29007
29033
29057
29084
29108
29131
29153
29175
29209
29235
29257
29278
29310
29331
29352
29392
29421
29446
29485
29513
29538
29569
29618
29643
29666
29696
29728
29768
29791
29815
29856
29880
29901
29922
29957
29987
30014
30051
30092
30113
30141
30176
30215
30241
30269
30291
30314
30335
30360
