# 235, 14d9a5caaa966055bb97261fbbb458636dce1be2edae803e150ae89fd372aca2.SC2Replay
2976
3000
3024
5600
5660
5702
5734
5856
5906
6005
6108
6212
7221
7798
7822
7855
7876
7897
7918
7941
7963
7988
8236
8258
9939
9978
10009
10260
10379
12047
12082
12332
12371
12456
12547
12626
12657
12682
12705
12735
12765
12786
12809
12834
12856
12883
12905
12927
12948
12969
13002
13041
13071
13092
13507
13536
13557
13592
13619
13642
13666
13697
13719
13740
13766
13828
13856
13888
13910
14135
14156
14177
14202
14224
14248
14282
14304
14332
14357
14390
14414
14440
14466
14487
14508
14532
14553
14574
14605
14627
14650
14678
14949
15176
15481
15514
15538
15635
15659
15682
15721
15751
15779
15800
15828
15856
15880
16008
16042
16067
16091
16127
16159
16190
16231
16305
16326
16359
16391
16422
16445
16485
16537
16558
16585
16610
16631
16652
16673
16700
16727
16749
16785
16808
16840
16864
16890
16913
16946
16968
17004
17031
17052
17073
17102
17133
17154
17175
17199
17235
17263
17285
17323
17348
17370
17406
17438
17464
17495
17529
17555
17580
17604
17634
17656
17678
17717
17741
17775
17796
17818
17853
17881
17912
17933
17954
17975
18001
18033
18074
