# 668, 1cafe18847f70d8b498100489c87d84ae4b64d3c73c5b9284035eeb02eeef092.SC2Replay
4515
4540
4562
4588
4611
4639
4660
4686
4721
4754
4777
4798
4819
4848
4873
4895
4917
4948
4988
5010
5036
5062
5103
5127
5163
5192
5215
5239
5271
5292
5313
5335
5359
5381
5402
7581
8083
8107
8158
8183
8205
8239
8265
8293
8315
8339
8373
8408
8438
8477
8498
8523
8544
8574
8647
8679
8701
8722
8752
8773
8801
8822
8852
8877
8902
8938
9002
9031
9053
9077
9098
9130
9156
9184
9239
9260
9285
9317
9349
9384
9425
9446
9478
9500
9523
9545
9574
9595
9616
9651
9672
9702
9731
9754
9777
9812
9836
9859
9883
