# 266, 0b1c7b729bd1b5be8e9e32df1347ccf400d3092cca28932bcfd409156203f55b.SC2Replay
4752
4775
4818
4863
4903
4946
5068
5168
5317
5477
5532
5570
5596
5626
5726
5755
5816
5843
5871
5892
5917
5958
5979
6001
6026
6064
6088
6135
6243
6406
6605
6853
6898
6932
6973
7039
7088
7120
7152
7179
7245
7269
7290
7311
8656
8691
8736
8765
8794
8834
8862
9087
9141
9198
9248
9272
9295
9320
9387
9413
9454
9489
9563
9793
9820
9879
9914
9958
10060
10088
10110
10141
10204
10257
10382
10430
10464
10690
10903
10945
10981
11052
11076
11107
11128
11153
11193
11346
11383
11416
11456
11484
11506
11540
11580
11603
11625
11654
11683
11706
11732
11760
11781
11803
11824
11847
11872
11894
11921
11946
11967
11988
12024
12045
12074
12097
12133
12163
12190
12211
12242
12279
12314
