# 1518, 226361aa50ead498fa808a725af0c1f3792fcb531bd4d09b78b25a6b79ece94c.SC2Replay
3931
4010
4218
4279
4427
4454
4535
4608
4631
4670
4694
4725
4749
4782
4919
4940
4963
4984
5007
5044
5074
5099
5130
5152
5182
5261
5435
5474
5502
5530
5555
5584
5622
5647
5671
5694
5729
5753
5775
5803
5840
5868
5894
5919
5940
6150
6187
6212
6235
6256
6280
6305
6338
6361
6488
6520
6552
6588
6611
6649
6673
6695
6842
6866
6887
6915
6940
7073
7096
7121
7161
7182
7213
7250
7272
7296
7323
7354
7385
8138
8161
8184
8307
8330
