# 234, 0d48e65b3b551d0646b8fb769cecb41104668d9f421f62b73e391427af751362.SC2Replay
3297
3318
3347
3379
3408
3511
3582
3815
3843
3865
3887
3910
3937
3964
4165
4229
4340
4639
4728
4934
4959
4986
5009
5037
5076
5108
5136
5157
5185
5206
5227
5258
5291
5313
5335
5368
5407
5479
5586
5607
5641
5720
5895
6071
6130
6300
6352
6887
6908
6931
7424
7445
7481
7502
7524
7552
7583
7644
7921
8014
8039
8114
8135
8170
8207
8229
8252
8391
8423
9568
9616
9743
9841
9960
10391
10412
10450
10698
10966
11029
11173
11213
11240
11505
11555
11576
11641
11799
11831
12017
12040
12074
12109
12137
12158
12182
12206
12394
12431
12454
12477
12498
12519
12542
12588
12616
12642
12822
12853
12875
12905
12937
12978
12999
13036
13088
13118
13155
13179
13219
13243
13268
13289
13323
13344
13368
13398
13420
13446
13478
13505
13527
13555
13587
13616
13965
14087
14113
14135
14174
14208
14476
14542
14567
14598
14633
