# 493, 0e864c1d5a0cf2dbe519935fe6d16e70acafadf21163e002ed98cafcc9525224.SC2Replay
5719
5849
5993
6208
6235
6291
6818
6839
6860
7103
7135
7520
7555
7577
7625
7748
7876
7941
7965
7991
8012
8040
8150
8335
8374
8501
8522
8547
8599
8620
8641
8664
8695
8716
8822
8844
8874
8910
8935
8962
9614
9650
9683
9740
9766
9793
9867
9902
9925
10375
10414
10441
10465
10491
10521
10566
10601
10640
10669
10730
10758
10797
10818
10861
10893
10978
11000
11029
11067
11161
11208
11244
11267
11317
11340
11386
11419
11462
11520
11541
11566
11588
11721
11756
11779
11801
11822
11865
12093
12114
12174
12196
12228
12252
12273
12313
12360
12388
12415
12458
12481
12519
12570
12687
12811
12851
12925
12953
12982
13015
13100
13235
13261
13380
13413
13448
15309
15340
15406
15623
15648
15671
15699
15720
15802
15834
15868
15905
15932
15958
15983
16016
16037
16097
16126
16148
16190
16311
16344
16407
16476
16499
16521
16581
16628
16812
16834
16857
16919
17069
17101
17130
17205
17245
17271
17296
17339
17381
17408
17440
17461
17485
17512
17539
17577
17634
17658
17695
17736
17757
17793
17833
17860
17897
17924
17945
17967
17989
18012
18033
