# 1410, 02708d74fc0c452f5b54798cd8491b3d619ff14270e2b4a4e8ef81025af664fc.SC2Replay
3563
3584
3631
3662
3696
4206
4473
4534
4557
4589
4717
4743
4786
4825
4848
4929
4975
5091
5119
5167
5191
5263
5355
5414
5513
5550
5589
5617
5644
5708
5731
5757
5784
5812
5865
5897
5921
5942
6062
6084
6123
6154
6189
6217
6349
6377
6463
6584
6606
6634
6666
6774
6820
6851
6894
6939
6989
7017
7197
7222
7246
7523
7631
7654
7765
7794
7826
7935
7970
7995
8016
8041
8105
8136
8166
8219
8279
8337
8359
8550
8691
8718
8747
8769
8797
8825
8866
8894
8935
8966
9169
9196
9227
9248
9305
9441
9560
9632
9725
9784
9876
9938
9998
10108
10137
10170
10205
10300
10334
10376
10427
10466
10512
10782
10875
10916
10947
11174
11211
11572
11614
12083
12123
12508
12529
12563
12593
12703
12969
12993
13014
13043
