# 1091, 26d3f83f2fdd9c6d15559a35ace2c634558565c622ee1539084cf9037d06bde2.SC2Replay
3493
3517
3628
3660
3682
3704
3725
3754
3788
3816
3840
3877
3901
3924
4200
4233
4728
4760
4798
4823
4847
4869
4892
4914
4935
4957
4978
4999
5030
5053
5091
5128
5159
5181
5872
5894
5928
5962
5998
6026
6047
7096
7122
7143
7178
7199
7221
7243
7809
7876
7905
8000
8039
8102
8123
8145
8166
8198
8288
8314
8337
8365
8391
8416
8439
8506
8528
8553
8593
8627
8879
8921
8945
8974
9013
9036
10250
10272
10351
10392
10415
10450
10472
10493
10532
10561
10587
10615
10655
10679
10709
10731
10768
10969
11005
11031
11054
11258
11287
11343
11366
11400
12262
12283
12981
13016
13046
13075
13111
13137
13178
13464
13491
13515
13536
13569
13590
13683
13707
13732
13760
13792
13825
13849
13872
13909
13931
13954
13975
14004
14318
14528
14557
14578
14600
14627
14662
14697
14726
14753
14786
14808
14829
14863
14885
14909
14936
14970
15008
15030
