# 1521, 1063c3701ed59a892518e96ab6bc9004c5d81da5ba8cc3d4bb21baa82fabe171.SC2Replay
3380
3404
3874
3898
3920
3949
3984
4011
4034
4479
4500
4644
4676
5229
7022
7043
7075
7146
7176
7209
7310
7334
7362
7390
7418
7464
8270
8292
8313
8341
8374
8412
8464
8488
8515
8541
8565
8587
8610
8631
8652
8673
8696
8718
8741
8770
8803
8826
8853
8877
8899
8936
8965
8996
9022
9046
9818
9840
9866
9914
9946
9975
9998
10035
10072
10096
10123
10144
10172
10193
10217
10243
10266
10288
10311
10332
10360
10383
10413
10434
10456
10486
10508
10533
10640
10665
10700
10969
11001
11024
11063
11427
11448
11473
11545
11618
11640
11667
11736
11761
12027
12052
12073
12104
12126
12147
12170
12193
12399
12833
13316
13349
13379
13413
13434
13455
13492
13820
13854
13879
13902
13934
13956
14114
14153
14178
14205
14231
14294
14317
14338
14375
14409
14439
14601
14625
14654
14740
14786
14816
14847
14869
14926
14966
14988
15055
15169
15280
15363
15477
15553
15857
15923
15965
16002
16067
16110
16158
16238
16410
16462
16502
16534
16596
16632
16713
16736
