# 729, 1a53484b0800beaa79142b3e0327b9c936aa8302d94139e1cb86eac41f029d6c.SC2Replay
4309
4341
4382
4411
4439
4467
4491
4512
4536
4563
4781
4807
4840
4889
4915
4938
4974
5008
5519
5549
5580
5607
5630
5663
5750
5777
5798
6420
6445
6467
6491
7041
7161
7190
7218
7239
7456
7480
7518
7555
7576
7606
7629
7670
7762
7787
7814
8442
8506
8708
8737
8818
8848
8874
8904
8964
8985
9030
9064
9095
9118
9143
9611
9648
9672
9700
9730
9751
9779
9814
9835
9857
9935
9958
9989
10022
10049
10075
10606
10627
10651
10673
10695
10717
10738
11007
11028
11050
11080
11120
11160
11189
11214
11310
11412
11441
12271
12310
12336
12359
12426
12450
12484
12525
12551
12590
12743
12778
12800
12821
12845
13087
13108
13134
13157
13180
13212
13234
13256
13281
13303
13330
13514
13868
13907
13942
13965
14006
14035
14063
14090
14113
14151
14176
14201
14228
14259
14289
14316
14340
14361
14392
14423
14445
14505
14535
14563
14590
14615
14641
14667
14688
14713
14735
15261
15283
15304
15328
15841
16493
16530
16565
16586
16609
16630
16652
16697
