# 1507, 14265c99ce9e1363c5d706216794256739e855159c0710dc6eab58d73e871234.SC2Replay
2680
3004
3142
3203
3282
3419
3558
3783
3805
3954
4098
4121
4156
4183
5186
5221
5370
5402
5428
5451
5483
5506
5540
5567
5589
5625
5655
5678
5699
5720
5743
5767
5794
5815
5844
5880
5915
5940
5976
6068
6095
6118
6141
6162
6183
6206
6228
6249
6270
6292
6319
6340
6361
6387
6408
6430
6467
6508
6541
6569
6591
6613
6724
6758
6784
6805
6837
6876
6907
6931
6954
6977
6998
7024
7047
7213
7234
7255
7535
7870
7891
7925
7946
7976
8109
8140
