# 13, 140a377f6ba23636c6a9bad87f0b90eaa729e9f10a34a24b57517b6529ede92d.SC2Replay
3176
3203
3229
3293
3317
3338
3370
3509
3534
3745
3777
3816
3850
3873
3895
3926
3967
3996
4026
4056
4087
4116
4294
4408
4756
4865
4886
5488
5658
5792
5820
5852
5916
5965
6131
6278
6304
6577
6646
6677
6753
6778
6813
6907
6962
7012
7084
7181
7328
7354
7494
7539
7579
7630
7679
7717
7765
7809
7881
7928
7978
8002
8040
8072
8103
8128
8160
8200
8235
8265
8289
8327
8364
8401
8424
8452
8484
8536
8558
8579
8612
8635
8662
8683
8711
8739
8812
8837
