# 628, 1d915ee4de7c3ae5e2a478ac12a42f0c341a73f03305d3c221fa29b4df858a9d.SC2Replay
3952
3974
3995
4030
4066
4100
4121
4142
5638
5662
5723
5759
5782
5823
5846
5939
6457
6478
6500
6523
6552
6580
6605
8399
8452
8482
8517
8554
8585
8611
8677
8790
8880
8967
8990
9012
9317
9343
9371
9588
9609
9630
9652
9676
9717
9758
9780
9801
9908
9959
9983
10198
10239
10384
10407
10439
10461
10489
10511
10591
10710
10731
10752
10777
10817
10840
10863
11043
12374
12398
12435
12459
12482
12507
12534
12660
12686
12717
12740
12775
12798
12913
13314
13336
13370
13393
13432
13558
13580
14613
14651
14672
14694
14715
14769
14965
14994
15017
15039
15143
15167
15189
15424
15450
15497
15870
15905
15928
15956
15981
16009
16043
16064
16104
16125
16147
16174
16196
16225
16435
16522
16548
16578
16608
16632
16653
16691
16725
16749
16779
16806
16834
16857
16879
16902
16929
16958
16983
17006
17044
17065
17105
17135
17195
17225
17254
17275
17324
17346
17437
17473
17551
17574
17614
17641
17674
17726
17789
17818
17847
17876
17899
17932
17953
18111
18136
18168
18192
18213
18236
18258
18280
18310
18336
18441
18462
18494
18516
18578
18608
18635
18660
18736
18758
18797
18818
18847
18871
18898
18919
18941
19112
19143
19184
19470
19862
19889
20488
20799
20825
20974
21423
21475
21496
21535
21561
21595
21629
21668
21689
21710
21734
21768
21797
21819
21840
21861
21885
21919
21940
