# 130, 2441fe8260551045ee15f0e9554fff47ac33411b5466aa36d1c675e479b21f8b.SC2Replay
4193
4234
4256
4277
4316
4350
4436
4467
4495
4524
4549
4596
4623
4652
4680
4707
4968
5087
5120
5155
5194
5352
5375
5396
5541
5566
5616
5649
5671
5708
5730
6259
6281
6334
6358
6456
6561
6586
6610
6645
6684
6726
6765
6792
6825
6852
6913
6950
6979
7002
7077
7151
7183
7240
7291
7314
7338
7391
7419
7474
7517
7559
7583
7659
7698
7726
7795
7816
7851
7922
7981
8006
8041
8075
8117
8148
8177
8229
8281
8317
8434
8460
8510
8532
8565
8594
