# 953, 181dddec75a5ee2fcc5546021fe5493d74602398c9e817475a462443e90bf2aa.SC2Replay
4869
4894
4919
4940
4969
5008
5073
5106
5137
5159
5239
5260
5281
5969
6012
6045
6076
6100
6121
6145
6175
6198
6255
6286
6330
6358
6381
7578
7604
7625
7646
7679
7719
7753
7781
7824
7851
8204
8241
8263
8287
8467
8504
8526
8565
8591
8622
8674
8715
8741
8768
8801
8824
8848
8887
8954
9098
9121
9156
9414
9591
9613
9635
9669
9692
9896
9917
9939
10000
10023
10048
10145
10176
10203
10257
10279
10305
10366
10435
10964
11008
11037
11060
11090
11142
11164
11195
11323
11346
11368
11392
11414
11435
11460
11482
11503
11528
11552
11575
11599
11621
11642
11671
11701
11729
11762
11802
11841
11868
11889
11912
11952
12012
12033
12070
12095
12116
12137
12172
12195
12218
12239
