# 1484, 1568c886bc2dd04373e4af9a7c0cfa23d113f1f38278d1d68ee5af6bbf5a8532.SC2Replay
6726
6767
6803
6834
6865
6886
7009
7035
7062
7158
7185
7222
7249
7271
7302
7324
7350
7383
7413
7437
7461
7507
7529
7552
7574
7596
7622
7647
7672
7740
7781
7819
7845
7876
7916
7939
7961
7987
8016
8037
8058
8081
8109
8144
8171
8207
8229
8266
8287
8311
8349
8374
8397
8433
8461
8492
8521
8542
8563
8594
8747
8780
8829
8851
8873
8915
8952
9053
9075
9113
9135
9297
9354
9407
9429
9455
9477
9498
9535
9960
9988
10011
10034
10055
10093
10115
10475
10500
10528
10557
10580
10681
10704
10732
10758
10840
10996
11025
11048
11071
11097
11138
11183
11532
11578
11639
11690
11745
11775
12014
12146
12190
12423
12445
12469
12492
12539
12562
12585
13047
13365
13683
13759
13835
13874
13897
14094
14195
14220
14247
14275
14300
14367
14419
14452
14492
14598
14629
14745
14767
14790
14820
14853
14875
14897
15079
15108
15131
15196
15412
15461
15508
15530
15559
15582
15604
15640
15663
15685
15773
15823
16065
16132
16153
16192
16216
16248
16285
16321
16343
16374
16469
16544
16624
16707
16729
16768
16793
16830
17141
17257
17310
17338
17398
17458
17520
18348
18369
18393
18425
18827
18859
18897
18918
19510
19531
19567
19589
19616
19642
19664
19696
19941
19962
19984
20005
20026
20245
21297
21318
21342
21365
21387
21417
21438
21459
21495
21526
21580
21601
21622
21646
21667
21701
21740
21768
21793
21822
21845
22114
22135
22156
22318
22339
22375
22813
22852
22873
22912
22934
23247
23275
24162
24186
24207
25285
25497
25519
25541
25566
25595
25633
25656
25677
25698
25723
25758
25786
26293
26325
26346
26371
26395
26427
26453
