# 482, 1a5c4fe80423afb9b32d726a1c5478e34fba21573fbac391a3a8139279b40b35.SC2Replay
3760
4906
4945
4969
4991
5017
5049
5073
5094
5123
5155
5180
5218
5252
5280
6111
6141
6233
6511
6647
6674
6727
6786
6837
7431
7561
7598
7622
7646
7675
7764
7788
7813
7834
7863
7922
7955
7984
8016
8041
8078
8103
8139
8164
8865
8895
8924
9150
9175
9198
9220
9242
9266
9289
9314
9335
9356
9391
9431
9466
9487
9536
9575
9608
9631
9658
9679
9834
9859
9887
10553
10574
10601
10622
11201
11562
11589
11614
11635
11669
11698
11726
11749
11776
11812
11842
11864
11886
11911
11932
12249
12287
12320
12348
12369
12392
12494
12517
12542
12567
12723
13021
13043
13077
13100
13123
13157
13182
13206
13228
13261
13301
13332
13359
13395
13421
13442
13464
13485
13506
13534
13571
13602
13626
13651
13672
13700
13721
13743
13765
13788
13809
13830
13852
13880
13919
13949
13970
13998
14029
