# 586, 17ff8c86faa890e2d1178cff430d1328687edad75a13bad58f56b44df0faba58.SC2Replay
3351
4009
4180
4263
4740
4823
4846
4870
4900
4924
4945
4968
4997
5020
5043
5068
5090
5114
5136
5159
5183
5338
5368
5389
5411
5432
5453
5474
5500
5539
5562
5600
5630
5667
5688
5716
5743
5767
5801
5825
5857
5878
5901
5929
5966
5992
6015
6761
6782
7320
8098
8130
8170
8195
8217
8247
8273
8311
8338
8366
8391
8416
8723
8750
8772
8803
8956
8980
9002
9034
9062
9090
9118
9147
9178
9201
9230
9256
9286
9307
9339
9362
9399
9425
9448
9469
9490
9514
9536
9577
9609
9647
9678
9709
9734
9958
9982
10015
10036
10059
