# 404, 1ec7523992acb9da0a4854d74218069780012f1dc837e4d52db5f28da2755f31.SC2Replay
3447
3510
3535
3990
4175
4275
4315
4343
4421
4600
4728
4749
4776
4812
4839
4873
4903
4928
4965
6911
6937
6975
7000
7028
7049
7070
7144
7176
7204
7241
7280
7302
7324
7349
7371
7401
7429
7450
7488
7509
7846
7879
7945
7967
8001
8023
8049
8078
8105
8137
8158
8181
8202
8238
8265
8290
8311
8461
8485
8514
8542
8567
8598
8622
8646
8667
8699
8723
8759
8799
8821
8857
8988
9022
9161
9184
9264
9307
9347
9369
9394
9429
9463
9488
9509
9548
9578
9609
9633
9672
9708
9730
9758
9806
9828
9849
9873
9911
9938
