# 554, 1db720c9c30c8cec7e2af66cb4ef44b4b8dd1f916668c13afe5070046f0b8547.SC2Replay
4523
4553
4574
4596
4630
4651
4690
4713
4735
4859
4885
5010
5031
5054
5088
5118
5146
5265
5325
5409
5437
5458
5487
5510
6283
6311
6338
6857
6893
6963
6991
7016
7072
7112
7136
7163
7196
7236
7263
7289
7407
7603
7640
7683
7725
7762
7802
7835
7859
7947
8113
8206
8230
8637
8660
8688
8717
8749
8774
8808
8833
8855
8876
8899
8927
8978
9003
9026
9047
9146
9332
9359
9422
9542
9803
10056
10081
10103
10140
10200
10224
10435
10461
10482
10507
10540
10572
10594
10632
10653
10689
10711
10740
10765
10788
10825
10854
10882
10907
10929
10956
10982
11004
11039
11073
11105
11145
11168
11189
11212
11234
11260
11295
11327
11351
