# 698, 26820aa97aebd4249070b36a1787397c6a640c47dae9ac3dad6a6272e4a1cc12.SC2Replay
5288
5557
5646
5907
5928
5983
6159
6190
6212
6265
6302
6337
6367
6578
6642
6779
6824
6849
6924
6978
7066
7095
7118
7157
7185
7206
7245
7299
7613
7696
7722
7756
7880
7919
7959
7995
8026
8059
8091
8140
8162
8194
8220
8258
8295
8320
8342
8367
8417
8446
8470
8494
8538
8562
8588
8686
8710
8735
8777
8811
8865
9215
9249
9278
9316
9337
9369
9404
9448
9479
9503
9530
9607
9636
9660
9688
9715
9737
9758
9785
9823
9873
9897
9934
10054
10082
10125
10146
10207
10238
10320
10342
10367
10394
10423
10474
10525
10565
10590
10623
10644
10674
10711
10736
10766
10790
10812
10856
10886
10910
