# 314, 0a659476ca9ea1135580a396a2b335cc88179ed429151fe0cf8493b391d7efc8.SC2Replay
3266
3314
3346
3458
3489
3578
3603
3810
3945
3971
3993
4014
4036
5895
6805
6831
6867
6897
6921
6947
6975
7011
7040
7298
7420
7455
7476
7497
7538
7567
7602
7629
7654
7690
7723
7750
7771
7794
7889
7928
7950
7971
7992
8057
8079
8102
8981
9003
9029
9053
9075
9098
9129
9151
9172
9198
9235
9273
9301
9326
9357
9397
9429
9457
10021
10042
10063
10094
10116
10137
11170
11193
11231
11254
11284
11321
11361
11382
11425
11449
11473
11495
11518
11547
11569
11606
11631
11652
11675
11699
11727
11757
11781
11807
11838
11862
11899
11920
11945
11972
11995
12435
12465
12503
12525
12547
12587
12613
12634
12655
12678
12702
12731
12766
12791
12812
12880
12903
12926
13100
13125
13152
13175
13206
13230
13257
13288
13311
14118
14140
14167
14192
14215
14236
14257
14282
14303
14324
14345
14372
14418
14458
14496
14524
14545
14566
14589
15036
15424
15764
15799
15869
15894
15954
16109
16135
16165
16405
16473
16502
16523
16545
16577
16603
16732
16754
16790
