# 766, 004ab85beebf37ad52e6063ebdc154552f5e9578f2348bfd5e525c78435ba700.SC2Replay
4909
4951
5030
5053
5075
5103
5138
5209
5618
5649
5718
5743
5765
6355
6571
6603
6634
6806
6829
6850
6892
6950
6971
6994
7017
7042
7077
7324
7382
7413
7503
7527
7558
7625
7657
7679
7762
7799
7861
7931
7961
7993
8020
8062
8084
8135
8171
8193
8215
8240
8264
8304
8325
8352
8373
8432
8468
9464
10083
10107
10140
10508
10536
10577
10611
11265
11286
11555
11581
11612
11640
11681
11705
11728
11749
11818
11848
11877
11899
12137
12173
12215
12241
12305
12326
12375
12439
12460
12912
12961
12986
13057
13098
13120
13186
13226
13247
13289
13321
13342
13381
13402
13423
13507
13815
13842
13922
13965
14155
14518
14539
14563
14601
14630
14654
14791
14836
14871
14923
15033
15060
15099
15131
15159
15184
15210
15234
15256
15308
15402
15425
15669
15706
15749
15806
15844
15867
15889
15911
15937
15965
15992
16033
16376
16397
16427
16457
16479
16504
16527
16548
16758
16780
16804
16839
16866
16887
16918
16942
16963
16995
17017
17044
17065
17090
17119
17151
17172
17199
17228
17249
17274
17299
17435
17472
17493
17519
17540
17689
17716
17749
17790
17812
17852
17893
17923
18412
18438
18660
18700
18945
18969
18997
19029
19050
19071
19093
19115
19139
19269
19306
19335
19356
19382
19410
19447
19469
19490
19516
19537
19616
19649
19674
19710
19744
19780
19821
19851
19875
19896
19917
19946
20223
20276
20302
20324
20910
20934
20967
22495
22533
22555
22601
22625
22653
22680
22704
22798
22826
22981
23165
23188
23213
23488
23509
