# 1292, 167b2bfa44dca08019eb3195eca9a4f20a10f5c1e3c606de862803620fa79641.SC2Replay
9019
9040
9069
9090
9111
9137
9172
9206
9227
9251
9555
9643
9679
9702
9729
9751
9789
9889
9920
9946
9977
10018
10040
10062
10330
10351
10375
10400
10426
10453
13471
13499
13539
13566
13588
13649
13714
13908
13945
13968
13989
14010
14031
14053
14077
14190
14338
14423
14457
14480
14504
14534
14711
14786
14964
14985
15023
15049
15074
15113
15136
15159
15190
15211
15248
15269
15291
15312
15333
15359
15400
15425
15446
15490
15585
15608
15634
15655
15676
15713
15754
15778
15820
15841
15865
15891
15913
15944
15979
16006
16044
16095
16119
16143
16173
16207
16234
16256
16282
16318
16348
16375
16412
16439
16460
16488
16529
16560
16583
16606
16629
16659
16681
16703
16733
16763
16789
16944
16966
17016
17044
17065
17086
17107
17131
17162
17184
17206
17232
17258
17284
17312
17338
17376
17414
17435
17466
17487
17518
17546
17568
17590
17628
17652
17673
17761
17856
17878
17909
17931
17966
17988
18011
18032
18094
18133
18155
18176
18197
18224
18245
18266
18287
18308
18344
18367
18388
18423
18447
18487
18508
18529
18554
18585
18612
18636
18657
18681
18703
18727
18748
18771
18793
18816
18841
18868
18891
18931
18963
