# 581, 2476c51b5ce88a8a1f57656c2f60cd829bcf561e9d77b6e045e80a22b9ed95b3.SC2Replay
3008
3035
3060
3092
3121
3147
3182
3210
3235
3256
4748
4775
4798
4831
4856
7890
7919
7943
7968
7998
8061
8082
9080
9118
9152
9421
9444
11042
11064
11105
11128
11158
11185
11206
11381
11415
11436
11486
13546
13576
13601
13623
13645
13668
13689
13731
13980
14006
14042
14069
16278
16304
16337
16376
16397
16418
16451
16522
16552
16578
16603
16625
16646
17913
17935
17957
17981
18003
18029
18050
18072
18093
18313
18348
18369
18407
18470
18983
19004
19159
19184
21136
21157
21191
21632
21659
22026
22051
22072
22093
22114
22135
22166
22192
22223
22260
22291
22313
22335
22357
22380
22404
22426
22448
22478
22499
22531
22556
22579
22613
22645
22666
22687
22825
22846
22878
22902
23106
23127
23150
23175
23216
23248
23482
23518
23545
23582
23619
23641
23672
24183
24214
24235
24393
24417
24572
24594
24628
24653
24682
24710
24733
24788
24814
24835
24866
24887
24914
24953
24975
24996
25017
25041
25064
25177
25214
25246
25284
25309
25339
25362
25385
25413
25450
25471
25501
25530
25567
25598
25624
25663
25698
25736
25760
25794
25826
25850
25877
25928
25954
26050
26543
27070
27097
27454
27484
27510
27551
27580
27602
27627
27664
27843
27865
27902
27939
28037
28058
28079
28110
28215
28245
28393
28429
28453
28479
28520
28545
28579
28609
28630
28653
28742
28765
29022
29055
29076
29098
29119
29154
29344
29376
29407
29555
29579
29601
29778
29799
29826
29854
29882
29912
29936
29957
29978
30009
30041
30074
30108
30130
30160
30184
30206
30231
30265
30286
30307
30335
30356
30558
30648
30678
30700
30736
30763
30792
30813
30854
30875
30896
30919
30941
31008
31031
31058
31086
31113
31138
31159
31326
31354
31384
31406
31427
31461
31488
31520
31720
31765
31787
31811
31902
31934
32001
32024
32049
32071
32094
32123
32148
32178
32211
32239
32260
32284
32318
32578
32606
32632
32659
32683
32718
32746
32770
32792
33036
33057
33078
33099
33128
33152
33179
33200
33224
33259
33288
33322
33343
33369
33391
33419
33440
33462
33493
33519
33556
33580
33610
33650
33671
33707
33730
33758
33779
33818
33851
33876
33897
33924
33959
33997
34031
34059
34096
34118
34148
34175
34374
34407
34435
34463
34907
34943
34967
34990
36105
36134
36162
36198
36268
36304
36372
36427
36451
36472
36716
36737
36761
36784
