# 1715, 181325a12cd38a5cb75b7857ed203eb65933adab6408b5b56c562c27a4e34d67.SC2Replay
6749
6771
6866
6918
6942
7208
7237
7519
7618
7650
7674
7710
7731
7761
7791
7813
7834
7870
7892
7927
7956
8019
8065
8087
8173
8195
8219
8240
8261
8291
8386
8419
8442
8464
8496
8956
8987
9019
9057
9097
9126
9151
9177
9201
9226
9260
9301
9322
9392
9424
9453
9489
9524
9561
9686
9708
9729
9754
9776
10012
10048
10105
10127
10163
10199
10233
10268
10298
10322
10371
10407
10435
10556
10583
10609
10650
10688
10754
10795
10817
10850
10881
10926
10950
10993
11208
11236
11259
11291
11324
11365
11391
11422
11455
11482
11512
11575
12048
12071
12158
12199
12367
12444
12470
12506
12527
12554
12597
12636
12660
12684
12722
12919
12940
12980
13034
13060
13085
13112
13136
13158
13186
13244
13278
13311
13337
13361
13598
13735
13990
14050
14077
14113
14153
14184
14225
14335
14360
14464
14504
14528
14549
14607
14630
14654
14807
14835
14870
