# 429, 2ae6e08bc3e11cba6553f43c4c4a6103577518b809ace02d993a6888d81c068e.SC2Replay
6441
6466
6498
6519
6540
6578
6612
7389
7422
7552
7573
10745
10786
10819
11411
11455
11493
11588
11612
11653
11675
11699
11721
11926
11952
11975
12065
12494
12536
12557
12629
12651
12673
13171
13254
13294
13458
13665
13809
13867
14040
14206
14228
14250
14283
14305
14326
14350
14385
14410
14443
14467
14929
14950
14980
15091
15182
15205
15228
15253
15285
15308
15329
15369
15976
16086
16134
16175
16196
16222
16257
16285
16312
16333
16356
16386
16422
16643
16664
16704
16737
16765
16790
16811
16834
16864
16886
16916
16941
17080
17174
17202
17244
17323
17629
17650
17672
17695
17736
17943
18001
18163
18184
18211
18522
18656
18681
18753
18982
19008
19178
19566
19587
19616
19674
19709
19740
19768
19804
19844
19867
20035
20074
20107
20130
20154
20225
20285
20319
20342
20468
20498
20523
20553
20580
20620
20661
20682
20704
20725
20750
20791
20817
20839
20863
20889
20930
20971
20996
21019
21044
21075
21109
21131
21153
21176
21199
21230
21251
21278
21301
21333
21363
21395
21417
21441
21468
21489
21510
21532
21563
21584
21612
21634
21671
21692
21717
21743
21774
21809
21839
21860
21901
21922
21948
21969
21992
22023
22061
22085
22111
22142
22173
22369
22408
22603
22624
22645
22666
22693
22722
22784
22810
22858
22892
22955
22976
23015
23037
23061
23082
23103
23294
23318
23812
23846
23988
24016
24042
24081
24115
24151
24286
24308
24331
24371
24408
24447
24479
24504
24526
24555
24588
24618
24654
25488
25520
25541
25562
25984
26023
26199
26251
26280
26509
26689
26710
26740
26761
26941
26962
26985
27020
27771
27809
27842
27874
27949
27971
28301
28323
28360
28384
28405
28427
28452
28475
28503
28525
28548
28642
28663
28689
28710
28741
28778
28805
28826
28850
28872
28895
28923
28955
28984
29021
29065
29091
29114
29138
29163
29186
29397
29446
29467
29508
29583
29647
29704
29727
29806
29838
29870
29892
29925
29948
29973
30658
30682
