# 1447, 185039052cace335fb4c3615f8ad8733ec01aac8735d2c09ca9e5b9999201142.SC2Replay
3754
3787
3813
3835
3863
3919
4085
4107
4137
4169
4200
4224
4252
4279
4311
5192
5268
5297
5355
5380
5616
5663
5752
5894
5922
6016
6042
6079
6114
6136
6171
6208
6264
6319
6351
6376
6397
6421
6456
6484
6506
6585
6645
6683
6833
6890
6912
6950
7134
7174
7219
7240
7279
7416
7518
7544
7569
7592
7617
7639
7660
7685
7710
7731
7788
7851
7880
7920
8028
8055
8086
8108
8132
8155
8176
8203
8244
8272
8332
8414
8436
8480
8594
8635
8656
8698
8739
8843
8889
9066
9169
9229
9318
9364
9399
9431
9481
9538
9568
9945
9978
10019
10059
10183
10386
10426
10511
10536
10579
10984
11007
11082
11114
11139
11199
11403
11440
11524
11575
11623
11672
12110
12131
