# 1498, 1b628aa9d1ed858e4b3a2bb01781bfd013119d442cac59d6877cfadbfcaac794.SC2Replay
4879
4906
4927
4949
4988
5014
5040
5077
5102
5127
6021
6042
6080
6103
6136
6159
6182
8347
8378
8399
8420
8450
8486
8507
9838
9865
10026
10110
10136
10178
10206
10755
11034
11080
11180
11213
11889
11931
11970
12003
12057
12086
12129
12172
12229
12267
12315
12497
12538
12614
12644
12674
12702
12772
12803
12844
12871
12967
13042
13081
13119
13150
13218
13297
13318
13348
13370
13421
13453
13477
13507
13540
13578
13831
13894
13925
14069
14109
14139
14179
14204
14230
14265
14290
14317
14346
14370
14391
14425
14465
14491
14515
14541
14562
14587
14621
14660
14688
14725
14749
14789
14819
15037
15058
15139
15221
15409
15431
15469
15534
15617
15668
15709
16247
16305
16343
16411
16458
16963
16986
17090
17210
17576
17597
17620
17647
17669
17692
17725
17758
17781
17811
17833
17889
17918
18081
18226
18247
18268
18293
18314
18336
18370
18422
18468
18507
18553
18609
18683
18795
18824
18984
19013
19041
19091
19120
19179
19211
19355
19425
19464
19522
19550
19574
19674
19701
19724
19780
19877
19929
20020
20053
20127
20162
20205
20300
20370
20467
20488
20514
20536
20557
20595
20621
20706
20803
20830
20929
20958
20979
21167
21228
21256
21280
21661
21700
21733
21755
21792
21818
21847
21881
22220
22301
22340
22434
22718
22752
22787
22843
22883
22914
22941
22983
23068
23171
23222
23247
23269
23292
23314
23336
23366
23394
23416
23438
23467
23492
23522
23567
23588
23630
23681
23704
23761
23852
23874
23935
23976
24102
24145
24179
