# 1094, 08032862df91a013a060ecb8abe66a6de67140146dce4c0a56a79106636ff998.SC2Replay
4184
4221
4242
4275
4308
4616
4637
4661
4692
4726
10551
10601
10640
10667
11105
11130
12691
12781
14397
15001
15819
15851
15902
15923
16049
16458
16542
16567
16787
16957
16979
17124
17154
17222
17246
17286
17357
17500
17532
17608
17810
17842
17871
17896
17927
18052
18078
18314
18341
18378
18491
18512
18537
18561
18582
18617
18645
18669
18693
18722
18753
18880
18903
18930
18979
19143
19165
19269
19298
19380
19411
19441
19473
19498
19522
19547
19623
19644
19666
19699
19728
19785
19810
19842
19871
19893
19920
19961
19989
20023
20055
20080
20115
20165
20187
20222
20248
20274
20297
20320
20348
20370
20391
20421
20443
20465
20486
20521
20545
20573
20598
20626
20658
20679
20706
20737
20759
20780
20801
20825
20849
20870
20956
20984
21012
21044
21076
21116
21144
21175
21201
21223
21295
21319
21358
21394
21416
21454
21485
21506
21541
21566
21589
21616
21654
21676
21697
21720
21741
21763
21786
21815
21836
22010
22136
22188
22212
22247
22283
22304
22329
22354
22384
22405
22427
22467
22494
22530
22560
22677
22702
22737
22760
22781
22814
22837
22860
22899
23145
23251
23275
23298
23319
23340
23432
23455
23477
23504
23530
23554
23580
23603
23643
23718
23797
23830
23861
23896
23929
23955
23980
24003
24039
24064
24095
24145
24168
24196
24222
24246
24267
24288
24309
24330
24360
24428
24460
24482
24511
24540
24564
24588
24616
24646
24667
24688
24709
24735
24767
24796
24817
24839
24863
24888
24909
24937
24968
24995
25018
25039
25070
25160
25199
25225
25247
25282
25305
25335
25356
25380
25406
25438
25468
25490
25517
25538
25587
