# 1134, 1f32c6587a61e55d6b4a80697d67d51db85a92c25d27d2484bb6edd2190b65fc.SC2Replay
3683
3705
3728
3751
3779
3800
4271
5178
5358
5384
5424
5445
5472
5493
5526
5557
5578
5607
5642
5676
5703
5744
5775
9582
9604
9671
9696
9753
9792
9839
9883
9911
9939
9997
10025
10073
10246
10346
10382
10409
10465
10492
10517
10538
10607
10632
10717
10742
10763
10801
10837
10978
10999
11137
11163
11199
11226
11253
11283
11314
11337
11376
11413
11438
11463
11501
11523
11544
11565
11591
11618
11639
11660
11681
11761
11792
11851
11940
11961
11994
12403
12473
12518
12585
12606
12627
12663
12686
12708
12729
12801
13311
13352
13635
14082
14195
14263
14321
15020
15044
15067
15102
15136
15157
15178
15219
15244
15269
15302
15335
15363
15386
15407
15428
15457
15581
15825
15851
15901
15939
16014
16039
16067
16104
16125
16146
16176
16198
16219
16245
16870
16897
16925
16952
16987
17196
17236
17270
17293
17314
17338
17372
17401
17438
17462
17485
17517
17550
17585
17626
17661
17694
17721
17743
18032
18095
18118
18156
18177
18198
18226
18255
18289
18320
18341
18364
18389
18480
18553
18579
18607
19044
19234
19282
19308
19560
19657
19756
20131
20166
20232
20255
20293
20318
20342
20374
20397
20430
20455
20480
20508
20534
20571
20600
20624
20659
20695
20726
20749
20772
20798
20820
20845
20868
20893
20931
20956
20986
21010
21046
