# 188, 14d3b2e4f1a8e7054eec37589ab4c19cb60e75a0651032d7adef1a14d334cd50.SC2Replay
5750
5776
5797
5830
5852
5874
6150
6173
6248
6337
6359
6490
6526
6547
6579
6606
6630
6651
6676
6698
6719
6742
6763
6790
6821
6898
6929
7156
7180
7203
7227
7270
7293
7317
7358
7380
7402
7423
7461
7486
7522
7544
7567
7588
7619
7655
7679
7703
7738
7788
8261
8307
8330
8358
8389
8415
8512
8535
8581
8603
8626
8658
8680
8707
8736
8758
8780
9027
9186
9210
9759
9796
9828
9850
9931
10093
10174
10208
10232
10264
10299
10323
10344
10385
10420
10487
10508
10535
10630
10655
10832
10864
10896
10973
11002
11034
11070
11092
11116
11141
11165
11187
11220
11246
11276
11303
11328
11350
11373
11394
11415
11448
11474
11503
11531
11567
