# 927, 203bcd448975e950b1a03ffc21ac7f6657b34eae2394a3bb03dffaf7e059abe8.SC2Replay
2458
2532
2594
2808
2876
2915
3038
3094
3147
3264
3416
3531
3563
3594
3617
3659
3851
3891
3931
4065
4163
4185
4234
4310
4369
4402
4448
4469
4492
4571
4610
4805
4861
4891
4981
5020
5088
5110
5147
5263
5311
5410
5463
5484
5505
5639
5661
5699
5781
5820
6153
6179
6205
6255
6279
6353
6397
6460
6623
6656
6726
6747
6768
6826
6878
6949
7023
7103
7218
7259
7294
7478
7499
7541
7641
7665
7693
7844
7903
8215
8245
8350
8384
8460
8491
8517
8566
8598
8655
8690
8720
8757
8778
8844
9066
9099
9195
9217
9312
9383
9425
9452
9496
9615
9639
9718
9774
9800
9985
10013
10096
10179
10222
10245
10379
10438
10565
10634
10657
10706
10789
10811
10890
11062
11137
11196
11266
11431
11473
11627
11658
11679
11742
11838
11945
12019
12047
12146
12238
12335
12403
12426
12462
12488
12686
12753
12778
12808
12830
12851
12892
12933
12958
12979
13069
13148
13201
13227
13264
13337
13361
13394
13526
13550
13588
13616
13646
13678
13699
13724
13746
13772
13797
13827
13863
13887
13909
13949
13974
14002
14032
14111
14397
14480
14530
14556
14577
14602
14650
14755
14864
14923
15269
15308
15329
15381
15548
15771
15818
15844
15899
15936
15993
16038
16216
16247
16272
16632
16714
17552
17579
17623
17653
17675
17698
17728
17987
18014
18036
18059
18083
18109
18131
18158
18179
18206
18434
18460
18501
18527
18548
18579
18967
19006
19028
19052
19073
19126
19154
19178
19199
19369
19390
19411
19633
19661
19697
19810
19832
19863
19885
19908
19954
19983
20006
20127
20210
20238
20264
20319
20357
20494
20537
20563
20708
20732
20753
20889
20926
20958
20985
21006
21068
21133
21160
21219
21293
21360
21381
21411
21487
21508
21598
21629
21650
21692
21725
21749
21779
21905
21933
21954
21987
22038
22574
22613
22812
22938
23106
23136
23352
24135
24170
24212
24235
24284
24325
24367
24447
24531
24627
24662
24703
24914
25170
25373
25398
25859
26808
26862
28467
29261
