# 1099, 215c3cc35ac1065f674538aac98cf387e2d4780107a5825618cbfbaa4a05faeb.SC2Replay
3914
4404
4500
4566
4588
4901
4925
4949
5194
5349
5382
5420
5603
5627
5747
5783
6346
6380
6402
6607
6749
7099
7127
7680
7706
7727
7759
7786
7821
7861
7889
7911
7932
7953
8184
8219
8243
8265
8289
8321
8355
8376
8398
8456
8524
8545
8574
8596
8617
8649
8675
8823
8845
8873
8910
8936
8965
10305
10326
10347
10376
10399
10437
10473
10495
10520
10908
10999
11020
11047
11094
11115
11136
11298
11322
11347
11383
11412
11451
11483
11505
11526
11565
11586
11626
11898
11922
11955
11979
12010
12039
12079
12112
12654
12686
12715
12740
12767
12790
13216
13243
13931
13970
13992
14017
14067
14104
14136
14157
14180
14207
14232
14260
14287
14325
14351
14374
14395
14417
14445
14484
14509
14533
14554
14589
14629
14650
14674
14711
14737
14777
14815
14856
14885
15197
15218
15246
15274
15296
15330
15356
15382
15413
15436
15458
15485
15507
15530
15673
15708
15733
15762
15793
15825
15853
15875
15898
15939
15973
16007
