# 1167, 212b236bdbe577f8027e9a7deeb9e9f4b126e0b1d5402879672a842a83a5d72c.SC2Replay
4946
4972
5002
5051
5072
5330
5357
5426
5492
5525
5562
5636
5807
5828
5873
5906
5955
5992
6089
6120
6221
6251
6325
6355
6604
6639
6699
6743
6816
6925
6950
7033
7087
7109
7154
7213
7441
7503
7558
7585
7633
7810
7852
7879
7911
7955
8020
8056
8078
8146
8199
8238
8284
8309
8364
8388
8623
8731
8778
9460
9482
9541
9567
9896
9917
9938
10014
10055
10095
10129
10173
10300
10321
10344
10368
10421
10450
10471
10505
10526
10566
10588
10614
10650
10675
10697
10729
11112
11143
11172
11193
11217
11246
11279
11793
11823
11846
11867
12043
12070
12195
12223
12799
12824
12849
12870
12896
12920
12947
12969
12996
13018
13039
13070
13101
13384
13411
13432
13456
13482
13515
13540
13565
13591
13625
13648
13675
13701
13730
13762
13794
13826
13856
13890
13912
13933
13955
13980
14014
14055
14091
14117
14138
14159
14182
14216
14245
14476
14497
14530
14566
14600
14635
14671
15294
