# 1261, 095276ca91a218f59f4690c279d63970c5a30131f11f41a201cf795870010c11.SC2Replay
3500
4214
4243
4281
4305
4326
4923
4945
6758
6788
6818
6848
6873
6894
7794
7816
7837
7862
7896
7924
7947
7969
7991
8016
8044
8070
8093
8116
8331
8352
8410
8441
8469
8490
8514
8673
8701
8737
8796
8830
11903
11963
11987
12009
12043
12070
16083
16163
16184
16222
16248
16272
16303
16419
16455
16511
16543
16579
16611
16634
16655
16702
16741
16765
16790
16830
16932
16968
17013
17036
17125
17159
17211
17238
17284
17320
17352
17427
18017
18039
18076
18102
18124
18161
18210
18232
18471
18995
19041
20059
20105
20131
20177
20220
20248
20289
20317
20405
20464
20504
20531
20580
20609
20630
20663
20688
20801
20830
21057
21973
22006
22028
22063
22087
22108
22173
22252
22298
22439
22471
22505
22563
22712
22749
22780
22817
23067
23155
23187
23283
23327
23355
23379
23421
23557
23582
23629
23656
23750
23800
23833
23871
23922
23955
23990
24019
24041
24065
24087
24123
24454
24703
24888
25034
25078
25105
25146
25178
25219
25270
25308
25339
25366
25433
25474
25495
25603
25633
25656
25688
25716
25772
25832
25856
26084
26586
26617
26689
26722
26755
26806
26909
26933
26967
27000
27042
27069
27376
27649
27675
27740
28231
28304
28326
28364
28385
28414
28446
28472
28496
28525
28550
28583
28622
28644
28668
28892
28940
28991
29012
29037
29120
29145
29237
29274
29318
29348
29373
29409
29440
29472
29531
29588
29614
29740
29778
29826
29856
29892
29913
29935
29965
29992
30018
30039
30062
30086
30114
30143
30187
30223
30327
30358
30418
30458
30497
30543
30591
30618
30647
30672
30700
30723
30746
30782
30806
30827
30857
30896
30927
30961
30992
31024
31100
31241
31270
31307
31328
31356
31393
31418
31452
31608
31633
31664
31697
31718
31793
32193
32242
32265
32290
32380
32434
32475
32518
32581
32615
32677
32708
32744
32771
33236
33821
33886
33935
33998
34032
34058
34115
34169
34199
34241
34371
34418
34441
34561
34588
34654
34691
34732
34864
34890
35186
35220
35283
35349
35375
35404
35439
35487
35539
35572
35594
35628
35659
35721
35776
35868
35889
35925
35949
35984
36015
36053
36075
36216
36246
36274
36299
36324
36345
36366
36390
36416
36437
36470
36493
36515
36543
36564
36592
36687
36747
36768
36833
36877
37059
37093
37124
37178
37219
37240
37267
37305
37352
37480
37506
37535
37589
37610
37651
37702
37734
37766
37839
37893
37926
37980
38016
38082
38105
38145
