# 1107, 1d376301920b595e404b71ca137cb1628c5b1af9c2a09a7fcf27629365c22488.SC2Replay
7958
7979
8005
8034
8070
8091
8116
8361
8399
8432
8453
8563
8590
8620
8650
8683
8906
8946
8967
8991
9012
9033
9060
9090
9215
9324
9346
9370
9393
9416
9449
9537
9570
9603
9642
9669
9692
9718
9759
9783
9804
9828
9850
9877
9898
10129
10271
10292
10330
10351
10376
10404
10444
10465
10487
10516
10985
11009
11235
11264
11293
11607
11629
11667
11695
11721
12377
12398
12515
12537
12560
12586
12608
12645
12667
12893
12931
13077
13108
13129
13209
13450
13478
13500
13765
13792
13831
13888
13911
13949
13974
14003
14024
14052
14074
14192
14217
14238
14259
14282
14304
14330
14353
14390
14415
14439
14465
14740
14762
14784
14805
14920
14957
15343
15367
15402
15437
15459
15497
15525
15547
15569
15591
15617
15650
15672
15702
15731
15753
15774
15803
15826
15849
15882
15914
15942
15979
16012
16037
16065
16098
16120
16143
16181
16207
16229
16251
16275
16297
16362
16623
16644
16669
16690
16721
16742
16810
16856
16926
17074
17134
17258
17283
17324
17354
17382
17418
17441
17482
17529
17558
17591
17632
17664
17696
17738
17770
17792
