# 1090, 002025d59b496267d5826ed8fd900cc4fcc5f1bb9ed5fbda64965cfe3de11460.SC2Replay
4395
4452
4484
4526
4608
4730
4757
4952
4995
5024
5079
5475
5600
5625
5697
5982
6013
6133
6210
6629
6741
6764
7228
7260
7285
7358
7492
7532
7565
7684
7789
7811
7841
8099
8120
8145
8166
8187
8225
8309
8357
8510
8534
8555
8626
8745
8766
8787
8821
8846
8867
8890
8916
8949
8970
8993
9092
9181
9265
9344
9371
9415
9552
9577
9642
9698
9744
9784
9892
9922
9944
10087
10119
10344
10375
10432
10488
10536
10574
10641
10766
10796
10892
10914
10940
10976
11024
11067
11180
11244
11265
11299
11324
11354
11610
11798
12087
12134
12456
12497
12526
12548
12580
12636
12703
12743
12769
12793
12818
12841
12862
12895
12918
12939
12962
12989
13014
13046
13173
13194
13230
13261
13286
13307
13330
13351
13380
13421
13455
13480
13504
13542
13644
13697
13725
13957
13982
14021
14043
14064
14097
