# 1076, 186334e871f5a5efe49ccda5e8ae03b1d275e9919fff5e7a841031170cb00cd2.SC2Replay
3967
3995
4016
4039
4064
8704
8731
8763
8795
9055
9077
9240
9271
9295
9334
9375
9584
9607
10148
10300
10736
10759
10788
10813
10951
10973
11000
11023
11057
11078
11102
11123
11150
11190
11221
11246
11402
11646
11698
11732
11753
11777
11809
11836
11859
11884
11907
11930
11952
11988
12150
12174
12214
12242
12424
12445
12476
12511
12533
12555
12577
12600
12622
12662
12683
12711
12742
12766
12787
12814
12836
12871
12892
12913
12936
12975
13001
13031
13060
13094
13115
13142
13164
13194
13230
13267
13288
13387
13450
13632
13654
13676
13701
13724
13750
13772
13808
13837
13858
13885
13910
13934
13960
13991
14021
14045
14078
14111
14132
14154
14177
14212
14248
14276
14304
14345
14369
14400
14432
14454
14476
14516
14557
14674
14696
14717
14739
14771
14796
14818
14840
14862
14884
14906
14933
14968
15003
15024
15050
15084
15107
15147
15174
15201
15223
15244
15275
15306
15331
15369
15400
15434
15464
15485
15521
15551
15585
