# 220, 0725a6c9fb930aa5e49a91f0f092df00b69f4a21cfb868c7ff21d55808109553.SC2Replay
4391
4413
4436
4459
4485
4506
4527
5140
5163
5184
5211
5232
5253
5287
5338
5360
5383
5408
5431
6011
6047
6688
6715
6739
6763
6789
6816
6837
6867
6889
8934
8963
9016
9223
9244
9277
9310
9555
9579
9979
10001
10030
10061
10421
10452
10626
10684
10717
10739
10768
10797
10818
11010
11044
11069
11091
11112
11133
11195
11224
11400
11439
11476
11502
11526
11560
11582
11603
11781
11820
11841
11864
11888
11910
11934
11959
11981
12510
12532
12572
12683
12714
12746
12782
12803
12827
12848
12917
12940
12966
13069
13103
13127
13158
13180
13348
13391
13464
13642
13698
13763
13920
14065
14208
14257
14278
14301
14339
14374
14401
14425
14446
14467
14491
14561
14592
14616
14646
14667
14690
14729
14762
14783
14807
14833
14870
14904
14928
14950
14972
14995
15020
15057
15081
15103
15129
15150
15171
15207
15234
15268
15298
15319
15344
15372
15399
15431
15452
15476
15499
15520
15554
15583
15607
15651
15676
