# 290, 0da27be9155ca6e591c6ce4c0f405e1716e781e60957dd9101d353694a2d60ba.SC2Replay
6173
6293
7423
7473
7771
7821
8801
8989
9236
9704
10132
10566
11132
12224
13128
14069
14150
14576
14657
14783
15069
15091
15193
15227
15266
15302
15328
15356
15378
15417
15447
15470
15505
15532
15559
15581
15602
15636
15671
15703
15742
15763
17785
17817
17858
17899
17922
17944
17973
18002
18026
18060
18081
18109
18148
18174
18206
18229
18251
18283
18316
18356
18388
18426
18466
18768
18789
18812
18876
18901
18922
19176
19210
19232
19259
19284
19305
19346
19367
19390
19634
19682
19705
19736
19767
19795
19831
19855
19878
19910
19939
19975
20014
20045
20071
20092
20119
20160
20188
20321
20343
20365
20454
20779
20819
20877
20898
20934
20969
20994
21541
21574
21613
21639
21663
21698
21727
21751
22561
22583
22618
22644
22756
22780
22802
22827
22851
22879
22911
23195
23232
23262
23299
23320
23350
23377
23400
23438
23470
23502
23539
23571
23611
23640
23667
23704
23725
23748
23777
23818
23853
24000
24026
24052
24073
24173
24204
24240
24261
24595
24618
24647
24675
24706
24727
24761
24801
24825
24850
24873
24900
24926
24950
24973
24995
25017
25053
25652
25674
25699
25721
25753
25775
25843
25865
25886
25918
25940
25963
26322
26352
26382
26403
26436
26610
26720
26750
26771
26805
26828
26864
26892
26913
26939
26964
26997
27029
27052
27073
27094
27121
27143
27172
27203
27227
27254
27337
27370
27391
27412
27434
27457
27480
27517
27544
27684
27716
27740
27766
27796
27820
27852
27873
27907
27939
27967
27994
28024
28050
28075
28122
28151
28191
28215
28241
28264
28285
28307
28426
28529
28553
28640
28663
28700
28726
28752
28777
28804
28832
28858
28890
28911
28940
28963
28987
29023
29049
29070
29098
29119
29140
29171
29194
29217
29241
29280
29309
29336
29360
29392
29420
29445
29568
29600
29621
29645
29670
29691
29716
29750
29772
29794
29816
29837
29865
29894
29921
29954
29991
30027
30085
30119
30143
30208
30229
