# 1833, 1be56b1dab0d53f2bed20680079083926fe89d95b5a3e2294f662ee61c6974ae.SC2Replay
3277
3320
3350
3396
3516
3550
3625
3674
3863
3890
4422
4480
4585
4626
4877
4898
4927
5053
5365
5391
5505
5541
5568
5653
5688
5866
5904
6024
6065
6096
6185
6207
6245
6274
6298
6324
6347
6407
6638
6688
6717
6749
6785
7065
7088
7119
7141
7167
7190
7318
7342
7368
7391
7412
7438
7466
7502
7523
7548
7570
7598
7711
7776
7822
7864
7893
7916
7943
7970
7993
8020
8047
8127
8148
8172
8195
8230
8265
8286
8309
8331
8352
8390
8426
