# 291, 270a35e3b59308d4e0246e42b878f8577269660604d467682c952254fb28643f.SC2Replay
4282
4329
4352
4378
4410
4434
4468
4492
4513
4539
4566
4607
4631
4658
4679
4702
4732
4771
5588
5610
5720
5746
5780
5812
5834
6281
6303
6454
6490
6514
6547
6584
6621
6660
6681
6702
7369
7390
7414
7441
7470
7491
7710
8034
8067
8108
8143
8164
8185
8226
8266
8299
8320
8341
8362
8385
8423
8446
8467
8492
8514
8538
8577
8599
8632
8669
8690
8719
8754
8784
8806
8833
8863
8897
8925
9079
9437
9459
9485
9509
9532
9553
9575
9613
9643
9667
9692
9724
9776
10115
10312
10398
10422
10462
10485
10515
10548
10737
10822
10843
11047
11090
11123
11152
11174
11204
11245
11271
11306
11501
11632
11655
11680
11706
11737
11765
11796
