# 1046, 06da76574b888444c3e292ceb254494722d891c2425720a93a9860ab918a3337.SC2Replay
3444
3465
3500
3777
3801
3835
3862
3883
3917
4090
4171
4281
4406
4510
4542
4608
4660
4713
4747
4813
4932
4978
5008
5083
5266
5306
5411
5437
5567
5606
5871
5914
5956
6136
6204
6299
6338
6459
6507
6536
6567
6593
6615
6637
6668
6709
6746
6775
6801
6822
6860
6881
6902
6958
6996
7444
7467
7514
7569
7616
7919
7941
8001
8033
8059
8112
8227
8252
8471
8495
8518
8654
8685
8706
8739
8762
8788
8817
8841
8882
8915
8953
8979
9005
9026
9048
9073
9094
9130
9156
9187
9238
