# 1188, 045694e52acb7f4cc1143f4d8890f59129555cb38919236636c8c681c4445f24.SC2Replay
5880
6094
6116
6140
6162
6261
6564
6586
6751
6789
6812
6836
6866
6888
6923
6952
6976
6997
7157
7202
7884
7911
7942
8810
8831
8889
8923
8961
9097
9128
9171
9192
9214
9239
9260
9287
9326
9360
9383
9405
9432
9472
9496
9519
9551
9587
9618
9639
9660
10236
10275
10302
10360
10396
10419
10482
10520
10668
10691
10728
10769
10790
10823
10848
10885
10920
10945
10967
10988
11014
11036
11057
11096
11125
11149
11170
11191
11215
11237
11263
11289
11311
11332
11361
11442
11463
11489
11511
11539
12012
12037
12061
12084
12105
12131
12160
12182
12211
12242
12273
12309
12330
12455
12479
12515
12543
12566
12600
12638
12660
12696
12719
12752
12824
12850
12883
13070
13091
13126
13147
13174
13196
13219
13254
13284
13306
13332
13353
13388
13540
13561
13583
13608
13640
13665
13687
13728
13750
13777
13808
13939
13960
13983
14006
14028
14069
14095
14130
14318
14343
14367
14389
14422
14446
14476
14498
14529
14571
14708
14729
14759
14800
15378
15411
15435
15472
15495
15543
16026
16049
16081
16144
16168
16190
16212
16252
16301
16326
16481
16542
16564
16585
16626
16653
16688
16715
16745
16905
16939
16966
16993
17110
17143
17165
17966
17987
18012
18044
18157
18178
18207
18282
18318
18353
18374
18395
18425
18446
18468
18506
18539
18585
18626
18649
18696
18728
18818
18896
19015
19045
19067
19133
19276
19302
19325
19349
19370
19399
19428
19453
19474
19783
19814
19835
19899
19920
19953
19984
20021
20045
20067
20097
20122
20143
20165
20200
20233
20778
21344
21384
21410
21456
21480
21831
21877
23092
23129
23182
23249
23271
23307
23890
23911
23948
23969
23990
24312
24830
24856
24877
24913
