# 114, 19d31b7bb895effb9ffb1ef74dda752f0ba99f663a3b2eff2004b4b601ef0c28.SC2Replay
7677
7708
7729
7751
7776
7799
7836
7858
7892
7915
7936
7970
7995
8062
8097
8200
8230
8252
8281
8322
8343
8690
8733
8756
8777
9031
9056
9077
9098
9127
9159
9191
9217
9242
9264
9286
9307
9332
9355
9379
9409
9439
9464
9485
9508
9883
10095
10116
10143
10174
10195
10220
10247
10273
10294
10317
10352
10377
10399
10422
10447
10468
10495
10626
10993
11014
11035
11056
11093
11336
11387
11417
11443
11465
11486
11524
11560
11583
11609
11638
11665
12352
12488
12702
12729
12750
12772
13492
13520
13545
13566
13589
13617
13639
13663
13695
13730
13762
13787
13813
13889
13916
13937
13967
13997
14021
14046
14067
14090
14127
14148
14169
14192
14283
14304
14338
14378
14478
14502
14524
14547
14568
14593
14616
14652
14706
14850
14878
14901
15202
15338
15530
15601
15657
16180
16203
16353
16382
16406
16647
16859
16881
16917
16944
16970
16997
17024
17624
17663
17691
17713
17736
17777
17805
17838
17875
17901
17961
17994
18015
18043
18068
18090
18114
18142
18179
18387
18420
18485
18544
18570
18603
18629
18653
18812
18852
18896
18951
19022
19226
19472
19522
19570
19613
19671
19709
19740
19764
19831
19862
19896
19942
19967
19990
20020
20054
20075
20116
20138
20160
20181
20242
20769
21214
21275
21299
21376
21412
21455
21524
21546
21608
21650
21674
21725
21746
22440
22490
22533
22945
22977
23009
23031
23055
23076
23123
23166
23194
23269
23348
23908
23992
24094
24116
24227
24258
24279
24307
24344
24368
24401
24430
24458
24493
24521
