# 1630, 11298634fe7ca26b1749a19bf9734d16dc653c55208630642fbac9e609c0ca2b.SC2Replay
8238
8638
9181
9211
9294
9517
10032
10129
10262
10630
10739
10794
11552
11618
11890
11911
11951
12750
12772
12863
12970
13234
13471
13743
13798
13885
13970
14036
14134
14160
14190
14221
14777
14846
14888
15149
15174
15195
15249
15463
15516
15552
15634
15836
15861
15954
15994
16021
16091
16320
16371
16426
16506
16542
16563
16604
16633
16658
16682
16703
16725
16762
16791
16812
16833
16864
16888
16921
16950
16976
16997
17028
17062
17098
17121
17142
17166
17193
17217
17253
17275
17311
17338
17376
17397
17423
17446
17474
17513
17535
17556
17588
17616
17648
17678
17700
17722
17757
17779
17814
17841
17864
17887
17918
17949
17970
17993
18014
18037
18063
18102
18132
18169
18607
18667
18695
18768
18800
19251
19346
19415
19490
19698
19816
19937
19984
20008
20101
20244
20332
20563
20624
20687
20775
20801
20874
20897
20988
21044
21127
21315
21338
21496
21551
21670
21965
22085
22242
22405
22519
22570
22595
22724
22799
23014
23060
23558
23590
23768
23795
23821
23847
23886
23908
23929
23951
23977
23999
24024
24045
24066
24103
24134
24155
24176
24199
24229
24265
24305
24334
24367
24395
24432
24468
24504
24534
24572
24829
24914
24935
24968
25120
25166
25223
25250
25278
25302
25336
25363
25388
25412
25435
25466
25499
25533
25554
25577
25604
25635
25657
25695
25725
25764
25786
25813
25843
25869
25898
25920
25950
25971
25998
26038
26067
26094
26124
26159
26180
26212
26247
26283
26433
26454
26487
26522
26833
27384
27406
27435
27470
27494
27528
27559
27591
27615
27647
27684
27714
27741
27765
27788
27817
27841
27862
27884
27913
27946
27973
27994
28028
28057
28089
28124
28155
28192
28217
28244
28273
28299
28334
28355
28387
28416
28450
28482
28504
28531
28558
28579
28601
28632
28654
28693
28773
28795
28832
28856
28877
28898
28920
