# 39, 075a894af81d1b0eb1432275e5b33af4f6f990096c5342ee5eb19e45f664d21f.SC2Replay
2817
2838
2870
2901
3367
3388
3413
3452
3475
5078
5106
5128
5149
5171
5193
5214
5244
5265
5291
5314
5353
5390
5414
5436
5458
5481
5504
5539
6777
6810
6831
7166
7191
7214
7235
7260
7301
8288
8321
8349
8388
8417
8447
8550
8589
8612
9138
9167
9204
9248
9269
9587
9608
9641
9681
9856
9894
9929
10225
10253
10277
13271
13299
13321
13347
13369
13390
13412
15049
15071
15107
15142
15166
15192
15217
15294
15320
15349
15396
15436
15499
15520
15545
15566
15603
15633
15665
15689
15714
15735
15756
15779
15909
15944
15965
16006
16144
16175
16208
16495
16517
16555
16595
16677
16700
16728
16756
16955
16984
17012
17035
17056
17158
18160
18183
18210
18237
18258
18280
18638
18663
18819
18841
18902
18950
19195
19217
19241
19267
19300
19333
19358
19381
19760
19782
19807
19832
19864
19885
20812
20841
20873
21610
21631
21678
21753
21817
21914
21944
22046
22076
22114
22152
22173
22643
22666
22752
22851
22872
22894
22923
22958
22990
23030
23053
23077
23099
23133
23158
23186
23213
23234
23264
23285
23306
23336
23357
23383
23404
23430
23451
23472
23500
23526
23557
23583
23607
23634
23691
23712
24084
24117
24138
24166
24197
24221
24254
24294
24315
24362
24383
24404
24545
24566
24587
24750
24779
24810
24937
24973
25016
25051
25077
25114
25149
25173
25199
25223
25246
25268
25300
25334
25358
25380
25420
25477
25498
25525
25548
25570
25594
25621
25644
25672
25697
25727
25750
25775
25797
25842
25872
25901
25939
26056
26085
26154
26661
26698
26821
26849
27039
27073
27104
27128
27175
28040
28208
28235
28260
28294
28322
28344
28522
28585
28617
28732
28765
28812
28846
28903
28953
28980
29008
29341
30327
30351
30374
30677
30704
30731
30772
30793
30817
30851
31337
31613
31639
31804
31830
31852
32402
32442
32463
32572
32599
32620
32677
32765
32791
32815
32845
32903
32924
32958
32993
33027
33404
33486
33508
33532
33579
33600
33722
33749
33772
33798
33821
33861
33882
33917
33939
33964
33985
34012
34035
34116
34137
34166
34202
34226
34261
34288
34452
34473
34555
34582
34603
34626
34916
35033
35236
35299
35324
35355
35379
35400
35440
35499
35520
35546
35567
35595
35674
35708
35730
35758
35930
35966
35992
36015
36037
36071
36093
36122
36436
36459
36498
36529
36551
36575
36598
36739
37357
