# 584, 1600c54aca65922f65269fd879c4fef4f5b09b82a0e50f3cf24aa8716f28c95e.SC2Replay
2631
2652
2674
2695
2716
3053
3086
3111
3133
4678
4704
4725
4747
4781
9889
9921
9957
9982
10024
10073
10394
10432
10453
10571
10642
10666
10691
10739
10766
10795
10882
10904
10937
10965
10990
11029
11087
11109
11134
11205
11244
11589
11625
11661
11705
11736
12766
12789
12907
12938
12961
12983
13006
13203
13229
13272
13732
13823
13855
13878
13901
13955
13979
14010
14040
14100
14140
14202
14262
14296
14378
14406
14568
14745
14782
14896
14934
14956
15235
15621
15696
15728
15766
15798
15823
15855
15883
15904
15925
15957
15984
16009
16042
16064
16085
16276
16311
16339
16371
16404
16434
16460
16481
16502
16526
16547
16569
16592
16620
16644
16684
16715
16753
16779
16819
16840
16879
16915
16937
16970
16999
17020
17061
17097
17119
17226
17247
17288
17327
17353
17379
17417
17472
17512
17540
17577
17604
17635
17749
17891
17912
17935
18088
18198
18221
18297
18337
18564
18612
18635
18659
18683
18745
18783
19036
19058
19116
19140
19581
20331
20361
20415
20658
20684
20710
20731
20762
20802
20824
20845
20866
20887
20919
20943
21402
21457
21717
21752
21783
21813
21892
21919
21945
21971
21995
22020
22053
22303
22331
22354
22415
22487
22510
22549
22573
22600
22621
22642
22665
22702
22723
22792
22833
22865
22901
22933
22973
22998
23031
23063
23095
23119
23143
23174
23209
23241
23350
23389
23452
23482
23515
23540
23580
23605
23706
23731
23755
23789
23826
23847
24214
24262
24288
24312
24334
24370
24393
24416
24452
24480
24505
24540
24561
24582
24604
24625
24905
24936
24977
24999
25021
25057
25079
25165
25189
25245
25266
25304
