# 1000, 2aa596f6187f92a3667b8cdaff95da18c29540f00c67131d8c39dc25f71f9d4a.SC2Replay
5398
5422
5452
5595
5654
5735
5787
5869
5902
5924
5965
6020
6073
6123
6148
6184
6222
6266
6354
7738
7796
7817
7886
7923
7955
9044
9130
9186
9281
9481
9511
9538
9566
9610
9673
10972
11012
11046
11068
11089
11121
11152
11178
11215
11236
11816
11842
11867
11895
11930
12638
12665
12693
12727
12766
12800
12831
12852
12876
12901
12928
12956
12980
13003
13026
13052
13092
13121
13162
13192
13316
13373
13416
13477
13517
13545
13577
13601
13672
13703
13739
13760
13781
13808
13838
13863
13900
13924
13945
13972
14099
14193
14239
14262
14285
14310
14471
14504
14538
14572
14601
14627
14649
14673
14694
14715
14737
14759
14784
14808
14836
14872
14893
14914
14950
14980
15007
15048
15078
15111
15133
15158
15179
15200
15237
15263
15284
15306
15870
15915
15941
15980
16003
16029
16059
16165
16189
16210
16231
16334
16362
16397
16426
16938
16975
17011
17051
17090
17115
17140
17170
17193
17219
17240
17269
17293
17323
17774
18143
18183
18231
18260
18298
18391
18444
18466
18491
18522
18922
18947
18977
19003
19025
19236
19265
19293
19319
19356
19381
19404
19435
19471
19508
19532
19558
19597
19634
19655
19680
19701
19723
19757
19779
19802
19833
19861
19909
20078
20101
20125
20163
