# 1607, 105c2dee8b519376890ab41166589fcce26fbd2b94b3b5e5aa22f46af30ea0a5.SC2Replay
3313
3334
3803
3893
3959
3999
4035
4490
4523
4545
4567
4620
4643
4762
4787
4854
4888
4932
5038
5079
5100
5122
5264
5569
5590
5611
5642
5753
5774
5888
6131
6172
6194
6217
6256
6316
6454
6581
6612
6639
6895
6932
6989
7021
7128
7230
7438
8118
8228
8375
8525
8689
8714
8750
8782
8878
8902
8924
8967
9180
9231
9309
9361
9598
9622
9695
9724
9753
9787
9824
9845
9876
9899
9927
9967
9989
10010
10032
10053
10108
10132
10213
10253
10277
10414
10438
10490
10571
10609
10634
10672
10695
10719
10740
10792
10832
10872
10893
10957
11067
11092
11129
11191
11326
11393
11440
11592
11624
11651
11680
11871
11897
11923
11962
11997
12052
12076
12103
12143
12182
12205
12228
