# 1031, 18ebccb4492107aa1c98daec4ac9cd7e3a1b56c24e4dc45ddd5037803c85d300.SC2Replay
3485
3506
3968
4139
4626
4647
4670
4908
5123
5148
5176
5493
5521
5556
5609
5643
5666
5699
5721
6538
6559
6588
7319
7694
7720
7752
7785
7959
7989
8197
8232
8253
8284
8361
8382
8404
8429
8451
8478
8519
8540
8561
9097
9134
9166
9187
9211
9242
9279
9402
9425
9586
9610
9821
9846
10031
10055
10309
10342
10382
10428
10460
10491
10513
10540
10722
10743
10879
11008
11041
11062
11192
11214
11239
11271
11332
11368
11401
11425
11448
11469
12036
12058
12106
12178
12215
12241
12264
12293
12322
12350
12612
12647
12739
12763
12803
12854
12890
12912
12947
13023
13072
13095
13201
13279
13301
13329
13373
13410
13463
13493
13642
13729
13813
13846
13874
13922
13951
14000
14146
14167
14220
14242
14264
14324
14445
14469
14548
14759
14784
14825
14972
14999
15074
15095
15117
15143
15166
15193
15223
15319
15341
15371
15395
15418
15440
15463
15500
15521
15545
15582
15618
15686
15728
15756
15782
15804
15915
15982
16132
16163
16190
16272
16294
16446
16591
16623
16649
16924
17014
17045
17150
17175
17287
17316
17470
17528
