# 1412, 10626c2dee5423d95ba8c35fa505848eaaa0b85f1068570a3ae26e3d2b46d6e9.SC2Replay
55
389
510
651
879
1222
1269
1873
1935
1988
2543
2683
2967
3065
3099
3462
3640
3665
3762
3986
4039
4064
4088
4122
4152
4182
4220
4261
4301
4335
4367
4400
4429
4450
4879
4974
5135
5156
5583
5607
5680
5714
5738
5760
5783
5805
5846
5876
5908
5946
5986
6011
6043
6073
6170
6206
6247
6272
6296
6345
6517
6544
6568
6589
6704
6727
6775
6821
6842
6935
6969
6991
7751
7778
7802
7823
7845
7884
7922
7944
7965
7992
8031
8069
8092
8124
8286
8309
8333
8417
8439
8474
