# 735, 1896ccb18068e5a91f7035ee5d952100c87895af2c5839590890024f8774675a.SC2Replay
7173
7200
7222
7260
7289
7315
7760
7784
7820
7864
8105
8129
8150
8172
8207
8233
8254
8277
8304
8325
8492
8517
8539
8998
9086
9164
9217
9356
9395
9416
9760
9782
9810
9844
9866
9889
9920
9952
9974
9995
10022
10054
10075
10115
10136
10157
10188
10218
10240
10266
10299
10326
10358
10384
10409
10445
10467
10643
10672
10698
10726
10753
10793
10824
10849
10874
10895
10922
10947
10974
11004
11033
11066
11095
11124
11235
11264
11459
11588
11700
11738
11763
11816
11854
11879
11900
11949
12136
12165
12190
12214
12244
12276
12300
12324
12351
12422
12456
12478
12507
12531
12559
12581
12607
12629
12689
12726
12874
12899
13085
13108
13131
13152
13173
13203
13236
13265
13297
13355
13408
13429
13471
13492
13523
13551
13586
13611
13638
13665
13701
13723
13752
13774
13798
13842
13875
13935
13971
14174
14369
14400
14423
14452
14507
14634
14725
14751
14785
14931
15089
15110
15203
15333
15391
15509
15533
15596
15641
15677
15700
15874
15895
16018
