# 458, 06f8aa92c175cce0957a1c996c28e226ef61903c1dc4c50c68e030a7ea041cd1.SC2Replay
2987
3016
3083
3197
3309
3528
3564
3587
3609
3630
3665
3697
3725
3746
3770
4544
4565
4882
4904
5058
5204
5225
5316
5345
5554
5591
6637
6829
7073
7551
7579
7604
7786
7886
8138
8174
8196
8222
8255
8362
8470
8504
8538
8562
8588
8613
8640
8661
8682
9378
9403
9440
9463
9501
9525
9551
9572
9597
9619
9658
9691
9716
9751
9849
10030
10180
10307
10454
10478
10499
10535
10562
10594
10615
10638
10660
10681
10707
10728
10753
10789
10810
10831
10858
10893
10923
10946
10967
11001
11025
11046
11072
11096
11118
11144
11165
11189
11223
11263
11300
11326
11355
11389
11412
11433
11457
11489
11515
11548
11569
11590
11616
11649
11675
11697
11720
11746
11768
