# 1018, 133dcd348f06ddffd9e687f06847b720a22e914bdda28c135dfc46cc8228e924.SC2Replay
3245
3268
3297
3331
5509
5567
5801
5860
6008
6488
6932
6954
7044
7074
7105
7126
7321
7424
7675
7740
7997
8183
8228
8273
8471
8525
8664
8736
8803
8858
8936
9213
9249
9271
9306
9330
9370
9462
9483
9511
9542
9741
9771
9797
9823
9845
9866
9892
9922
9945
9970
9991
10013
10047
10087
10115
10145
10173
10203
10225
10247
10269
10305
10338
10360
10751
10786
10808
10830
10852
10884
10907
10931
10952
10980
11007
11032
11072
11095
11117
11459
11495
13027
13651
13834
13947
14084
15957
15982
16050
16076
16109
16343
16371
16402
16423
16444
16472
16493
16516
16544
16567
16588
16618
16640
16661
16688
16711
16746
16767
16855
16880
17261
17295
17343
17367
17398
17439
17501
17538
17579
17637
17689
17737
17777
17819
17872
17900
17931
17959
17986
18026
18063
18086
18116
18138
18353
18577
18598
18621
18657
18686
18712
18752
18774
18805
18827
18850
18883
18904
18926
18948
18974
18995
19017
19050
19071
19099
19138
19162
19188
19209
19230
19259
19284
19306
19327
19368
19390
19411
19444
19472
19510
19535
19567
19602
19638
19664
19688
19709
19738
19770
19792
20688
20719
20742
20763
20785
20807
20839
20877
20899
21024
21046
21067
21091
22761
23332
23353
23378
23408
23431
23463
23487
23508
23537
23561
23583
23608
23629
23663
23704
23734
23771
23804
23840
23868
24552
25101
25134
25160
25191
25215
25236
25259
25286
25748
25775
25799
25821
25842
25868
25896
25925
25965
26091
26122
26155
26195
26235
26268
26305
26334
26359
26380
26404
26442
26465
26489
26516
26857
26897
26919
26957
26980
27019
27054
27356
27385
27415
27438
27462
27496
27536
27582
27617
27638
27660
27681
27704
27729
27770
27805
27835
27856
27890
27911
27934
27964
27995
28033
28054
28075
28106
28289
