# 1121, 1855e5a22f14e31e8316ab15c60b4ff4b010034ab5b4b859c621f23d641abc51.SC2Replay
2892
2913
2941
2965
2990
4821
4859
4880
5225
5254
5282
5314
5927
5955
5977
6009
6035
6075
6136
6172
6194
8340
8362
8386
8716
8771
8798
8819
8899
8940
8961
8986
9344
9367
9396
9419
9443
9466
9496
9517
9542
9861
9882
10048
10145
10173
10202
10229
10250
10281
10304
10337
10362
10385
10409
10433
10454
10477
10512
10563
10761
10858
10879
10902
10927
10948
10972
10999
11032
11055
11089
13122
13160
13191
13220
13261
13290
13316
13351
13385
13416
13438
13461
13489
13575
13616
13640
13673
13694
13716
13743
13765
13790
13820
13843
13875
13915
14052
14083
14113
14136
14353
14381
14406
14429
14458
14480
14504
14528
14558
14579
14609
14646
14667
14706
14731
14756
14786
14809
14842
14863
14888
14953
14977
15009
15032
15055
15083
15105
15126
17163
17316
17337
17363
17402
17423
17549
17577
17609
17632
17675
17714
17742
17790
17826
17847
17868
17895
17921
17955
17986
18014
18052
18094
18116
18151
18192
18377
18401
18426
18462
18495
18840
18864
18887
18934
19174
19206
19232
19256
19278
19306
19345
19368
19389
19412
19440
19467
19535
19567
19599
19700
19798
19828
19867
19986
20024
20051
20083
20117
20139
20230
20262
20321
20349
20380
20405
20444
20469
20496
20529
20558
20587
20611
20636
20672
20712
