# 795, 24fc3dceed7e57303b1789ca87ea6e8ec5dddf2609ef09b755bf02021d2f568f.SC2Replay
3288
3317
3338
3359
3472
3509
3532
3553
3627
3660
3719
3746
3767
3789
3830
3852
6268
7316
7630
7773
7795
7822
7845
7936
8107
8133
8163
8185
8218
8259
8296
8321
8360
8382
8405
8435
8457
8490
8530
8569
8606
8629
8660
8682
8863
8890
8915
8936
8969
8990
9023
9047
9238
9268
9295
9335
9382
9412
9576
9608
9632
9989
10030
10069
10090
10113
10134
10155
10181
10274
10309
10349
10375
10396
10428
10461
10491
10526
10548
10641
10716
10751
10774
10844
10885
10922
10947
11063
11086
11108
11133
11157
11361
11393
11469
11525
11546
11579
11605
11642
11693
11718
11749
11774
11800
11826
11849
11871
11897
11922
11963
11992
12013
12040
12067
12088
12109
12152
12173
12202
12227
12249
12336
12389
12417
12453
