# 737, 0592c299136e18c72e85f22f7b32a2a533dfa6f436a4eb6150f3ea28034fb3ee.SC2Replay
6259
6282
7098
7134
7159
7182
7228
7249
7273
7983
8005
8027
8136
8199
8317
8340
8378
8456
8749
8861
8899
8922
8951
8989
9010
9036
9074
9108
9136
9185
9207
9244
9301
9357
9403
9424
9446
9471
9492
9525
10014
10036
10063
10094
10123
10361
10382
10410
10437
10461
10484
10522
10549
10583
10606
10647
10739
10765
10821
10845
10872
10901
10946
10983
11271
11301
11333
11358
11387
11414
11436
11461
11488
11513
11550
11588
12092
12116
12288
12395
12429
12472
12521
12584
12623
12999
13035
13067
13105
13132
13171
13195
13229
13257
13336
13358
13382
13406
13429
13463
13487
13515
13543
13675
13697
13897
13920
14054
14080
14106
14127
14157
14183
14208
14231
14264
14294
14321
14342
14379
14521
14555
14580
14618
14648
14685
14718
14763
14794
14815
14836
14902
14930
14962
14986
15007
15033
15082
15105
15128
15160
15198
15233
15257
15278
15304
15333
15368
15392
15418
15440
15464
15487
15510
15531
