# 1139, 2acb38d2db178d071c5760f6462e8d39d99aa1f934c08380456d7a7b3188098b.SC2Replay
5957
5986
6007
6031
6162
6185
6263
6301
6644
6666
6689
6807
6828
6865
6923
6959
6985
7014
7039
7069
7092
7127
7158
7180
7217
7238
7260
7282
7320
7342
7405
7441
7928
8487
8512
8664
8947
9036
9057
9080
9121
9486
9510
9533
9556
9588
9611
9639
9660
9689
9719
9757
10041
10279
10300
11644
11682
11757
12040
12349
12373
12405
12441
12468
12493
12514
12536
12558
12885
13540
13567
13597
13676
13698
13721
13747
13780
13808
13839
13860
13889
13925
13962
13990
14027
14133
14198
14233
14273
14300
14330
14401
14492
14516
14691
15066
15092
15124
15146
15167
15197
15234
15257
15282
15306
15337
15358
15384
15410
15439
15461
15482
15511
15534
15564
15590
15612
15635
15668
15693
15720
15745
15766
15787
15813
15926
15967
16155
16602
16634
16664
16685
16707
16729
16766
16806
16827
16849
16870
16892
17347
17438
17470
17498
17534
17568
17589
17622
17650
17674
17698
17737
17758
17782
17806
17835
17870
17892
17918
17958
17989
18018
18054
18087
18109
18130
18162
18185
18555
18593
18659
18779
19319
19346
19374
19401
20148
20169
20721
20801
20839
20874
20904
20934
21082
21183
21212
21240
21270
21305
21331
21362
21396
21418
21440
21469
21494
21533
21555
21582
21608
21636
21665
21689
21718
21754
21775
21797
21835
21859
22050
22310
22381
22467
22488
22510
22550
22584
22611
22690
22760
22847
23520
23617
23849
23888
23909
23932
23956
23982
24021
24045
24067
24119
24142
24886
25002
25032
25072
25102
25127
25149
25173
25200
25226
25256
25283
25306
25331
25359
25380
25402
25436
25469
25526
25582
26629
26651
26687
26711
26810
26832
26853
26902
26923
26959
27288
27322
27351
27372
27683
27709
27745
27767
27790
27819
27850
27885
27944
27992
28022
28060
28084
28121
28157
28180
28271
28292
28315
28336
28484
28526
28557
28584
28615
28642
28887
28908
28930
28958
28988
29019
29393
29480
30348
30372
30576
30663
30721
