# 280, 185b769b9c1448fd0dce8829ecb4a80a07671519c001e1c386ff2983cf994ec0.SC2Replay
4362
4448
4472
4529
4557
4764
4799
4837
5269
5305
5338
5539
5609
5763
5810
5836
5871
5898
5929
5953
5991
6130
6218
6254
6293
6392
6428
6697
6721
6752
6944
7001
7169
7213
7258
7675
7707
7946
7989
8085
8291
8410
8443
8492
8617
8776
8805
9179
9230
9273
9515
9550
9573
9616
9641
9680
9711
9746
9976
10272
10297
10512
10758
10975
11004
11138
11205
11357
11397
11432
11482
11545
11591
11910
11960
12022
12094
12157
12181
12209
12246
12285
12346
12387
12409
12492
12607
12635
12673
12769
13234
13284
13319
13345
13415
13453
13529
13669
13694
13730
13820
13945
13977
14013
14037
14148
14191
14212
14312
14335
14377
14523
14606
14630
14700
14746
14847
14948
15013
15089
15512
15779
15838
15893
15933
15975
16013
16381
16834
17048
17201
17227
17719
17834
17873
17912
18045
18265
18294
18326
18358
18388
18426
18488
18509
18580
18605
18626
18647
18668
18701
18722
18759
18804
18896
18933
18981
19175
19225
19298
19352
19379
19414
19435
19780
19809
20336
20368
20408
20440
20481
20502
20527
20548
20580
20604
20631
20654
20685
20714
20736
20821
21084
21193
21266
21557
21624
21648
21705
21765
21878
21933
21956
21980
22025
22048
22089
22152
22233
22451
22483
22518
22635
22656
22677
22699
22864
22944
23060
23168
23231
23266
23298
23329
23393
23451
23501
23552
23576
23604
23644
23712
23756
23805
23855
23883
23905
23930
24039
24061
24145
24168
24190
24219
24250
24275
24312
24339
24385
24462
24485
24507
24530
24595
24616
24638
24672
