# 340, 09decb4691255898a0f08abb284d45cb21ea09c2b3036292342442f17fbcbefb.SC2Replay
3930
3986
4007
4028
4065
7870
8093
8441
8462
8497
8715
9042
9083
9110
9139
9168
9189
9223
9333
9368
9398
9420
9482
9516
9543
9570
9593
9614
9929
9951
10131
10376
10398
10419
10440
10473
10495
10516
10539
10573
10609
10655
10682
10704
10727
10752
10950
11157
11743
11917
11939
11980
12008
12040
12104
12140
12164
12186
12209
12245
12276
12297
12422
12457
12801
13055
13523
13854
13891
13916
14321
14364
14558
14589
14626
14653
14683
14712
14738
14769
14794
14888
14916
14955
15172
15227
15371
15407
15434
15455
15477
15500
15521
15548
15573
15626
15665
15686
15708
15734
15822
16116
16431
16453
16474
16509
16530
16609
17166
17536
17721
17750
17775
17814
17844
17937
17958
17980
18004
18025
18050
18118
18145
18169
18190
18214
18237
18273
18294
18315
18344
18376
18402
18424
18453
18474
18509
18549
18571
18592
18613
18753
18791
18828
18850
19253
19288
19416
19467
19496
19524
19551
19572
19593
19967
19999
20031
20310
20332
20371
20398
20428
20519
20540
20575
20606
20637
20660
20683
20789
20813
20840
20905
20940
21129
21152
21185
21209
21248
21287
21308
21329
21350
21377
21403
21433
21503
21526
21561
21584
21611
22272
22293
22315
22347
22380
22402
22425
22452
22480
22502
22527
22549
22570
22591
22632
22660
22691
22716
22738
22759
22780
22816
22854
22875
22902
22928
22953
23037
23474
23637
23662
23685
23708
23732
23762
23788
23985
24042
24063
24100
24124
24152
24181
24203
24226
24467
24499
24594
24695
24757
24793
24814
24855
24887
24916
24954
24978
25000
25049
25070
