# 516, 1cdd4ab10f1fa226476b2206b96f2c7042496447fdc13599e4d065641cef6015.SC2Replay
4409
4434
4464
4499
4672
4711
4743
4776
4923
5618
5646
5689
5713
5734
5759
6094
6129
6170
6191
6874
6906
6927
6966
6996
7025
7050
7092
7113
7136
7161
7188
7215
7249
7277
7306
7344
7366
7391
7415
7447
7468
7503
7537
7558
7592
7615
7653
7675
7697
7722
7754
7782
7810
7848
7871
7895
7926
7960
7992
8016
8037
8058
8094
8124
8153
8174
8215
8238
8261
8282
8316
8342
8374
8395
8429
8450
8483
8507
8535
8560
8582
8611
8636
8670
8706
8728
8768
8794
